0 0.16975446428571428 0.2682291666666667 0.22142857142857142 0.08645833333333333
1 0.06267091990985048 0.18095592403628116 0.007198660714285714 0.021577380952380952
0 0.16975446428571428 0.3854910714285714 0.22142857142857142 0.15907738095238094
1 0.0645961431241362 0.3230902777777778 0.011049107142857144 0.021577380952380952
0 0.16975446428571428 0.5450892857142857 0.22142857142857142 0.1244047619047619
1 0.0665213663384219 0.4652246315192744 0.014899553571428572 0.021577380952380952
0 0.39140625 0.3118303571428571 0.22142857142857142 0.11324404761904762
1 0.2944842439573125 0.18095592403628116 0.027483258928571428 0.021577380952380952
0 0.39140625 0.4316964285714286 0.22142857142857142 0.06279761904761905
1 0.2953840765465982 0.3230902777777778 0.029282924107142855 0.021577380952380952
0 0.39140625 0.5363095238095238 0.22142857142857142 0.14166666666666666
1 0.2946028265465982 0.4652246315192744 0.027720424107142858 0.021577380952380952
0 0.6130580357142857 0.34858630952380953 0.22142857142857142 0.17782738095238096
1 0.5126745211297744 0.18095592403628116 0.020521763392857145 0.021577380952380952
0 0.6130580357142857 0.5363095238095238 0.22142857142857142 0.34017857142857144
1 0.5126745211297744 0.3230902777777778 0.020521763392857145 0.021577380952380952
0 0.6130580357142857 0.6390625 0.22142857142857142 0.27306547619047616
1 0.5126884720226316 0.4652246315192744 0.02054966517857143 0.021577380952380952
0 0.8347098214285714 0.2265625 0.22142857142857142 0.30372023809523807
1 0.7343525215165222 0.18095592403628116 0.020535714285714286 0.021577380952380952
0 0.8347098214285714 0.3572916666666667 0.22142857142857142 0.2148809523809524
1 0.7343455460700936 0.3230902777777778 0.020521763392857145 0.021577380952380952
0 0.8347098214285714 0.5110863095238095 0.22142857142857142 0.15401785714285715
1 0.7343455460700936 0.4652246315192744 0.020521763392857145 0.021577380952380952
0 0.49832589285714285 0.6580357142857143 0.8785714285714286 0.18898809523809523
1 0.0645961431241362 0.6073589852607709 0.011049107142857144 0.021577380952380952
