0 0.2806919642857143 0.2070684523809524 0.44285714285714284 0.057291666666666664
1 0.06297304751642037 0.1388420414462081 0.007198660714285714 0.021577380952380952
0 0.2806919642857143 0.3148809523809524 0.44285714285714284 0.07321428571428572
1 0.06489827073070609 0.24939098324514994 0.011049107142857144 0.021577380952380952
0 0.2806919642857143 0.4401785714285714 0.44285714285714284 0.025
1 0.0668234939449918 0.35993992504409167 0.014899553571428572 0.021577380952380952
0 0.2806919642857143 0.5677083333333334 0.44285714285714284 0.06428571428571428
1 0.07311534662356323 0.47048886684303354 0.027483258928571428 0.021577380952380952
0 0.2806919642857143 0.6593005952380953 0.44285714285714284 0.031101190476190477
1 0.07401517921284895 0.5810378086419753 0.029282924107142855 0.021577380952380952
0 0.2806919642857143 0.7641369047619048 0.44285714285714284 0.04851190476190476
1 0.07323392921284894 0.6915867504409172 0.027720424107142858 0.021577380952380987
0 0.7237723214285714 0.22239583333333332 0.44285714285714284 0.07425595238095238
1 0.5126861414223348 0.1388420414462081 0.020521763392857145 0.021577380952380952
0 0.7237723214285714 0.3380952380952381 0.44285714285714284 0.23273809523809524
1 0.5126861414223348 0.24939098324514994 0.020521763392857145 0.021577380952380952
0 0.7237723214285714 0.42723214285714284 0.44285714285714284 0.29851190476190476
1 0.512700092315192 0.35993992504409167 0.02054966517857143 0.021577380952380952
0 0.7237723214285714 0.5167410714285714 0.44285714285714284 0.2537202380952381
1 0.5126931168687634 0.47048886684303354 0.020535714285714286 0.021577380952380952
0 0.7237723214285714 0.6222470238095238 0.44285714285714284 0.12782738095238094
1 0.5126861414223348 0.5810378086419753 0.020521763392857145 0.021577380952380952
0 0.7237723214285714 0.7516369047619048 0.44285714285714284 0.07648809523809524
1 0.5126861414223348 0.6915867504409172 0.020521763392857145 0.021577380952380987
