0 0.16975446428571428 0.2735863095238095 0.22142857142857142 0.10699404761904761
1 0.06267091990985048 0.18095592403628116 0.007198660714285714 0.021577380952380952
0 0.16975446428571428 0.3945684523809524 0.22142857142857142 0.1650297619047619
1 0.0645961431241362 0.3230902777777778 0.011049107142857144 0.021577380952380952
0 0.16975446428571428 0.5451636904761905 0.22142857142857142 0.12842261904761904
1 0.0665213663384219 0.4652246315192744 0.014899553571428572 0.021577380952380952
0 0.39140625 0.30565476190476193 0.22142857142857142 0.13422619047619047
1 0.2944842439573125 0.18095592403628116 0.027483258928571428 0.021577380952380952
0 0.39140625 0.4288690476190476 0.22142857142857142 0.06398809523809523
1 0.2953840765465982 0.3230902777777778 0.029282924107142855 0.021577380952380952
0 0.39140625 0.5406994047619048 0.22142857142857142 0.1400297619047619
1 0.2946028265465982 0.4652246315192744 0.027720424107142858 0.021577380952380952
0 0.6130580357142857 0.3392113095238095 0.22142857142857142 0.16026785714285716
1 0.5126745211297744 0.18095592403628116 0.020521763392857145 0.021577380952380952
0 0.6130580357142857 0.5338541666666666 0.22142857142857142 0.29657738095238095
1 0.5126745211297744 0.3230902777777778 0.020521763392857145 0.021577380952380952
0 0.6130580357142857 0.5802827380952381 0.22142857142857142 0.11949404761904762
1 0.5126884720226316 0.4652246315192744 0.02054966517857143 0.021577380952380952
0 0.8347098214285714 0.25632440476190477 0.22142857142857142 0.190625
1 0.7343525215165222 0.18095592403628116 0.020535714285714286 0.021577380952380952
0 0.8347098214285714 0.38467261904761907 0.22142857142857142 0.17916666666666667
1 0.7343455460700936 0.3230902777777778 0.020521763392857145 0.021577380952380952
0 0.8347098214285714 0.5244791666666667 0.22142857142857142 0.14419642857142856
1 0.7343455460700936 0.4652246315192744 0.020521763392857145 0.021577380952380952
0 0.49832589285714285 0.6820684523809524 0.8785714285714286 0.18288690476190475
1 0.0645961431241362 0.6073589852607709 0.011049107142857144 0.021577380952380952
