0 0.2806919642857143 0.20305059523809524 0.44285714285714284 0.11324404761904762
1 0.06297304751642037 0.1388420414462081 0.007198660714285714 0.021577380952380952
0 0.2806919642857143 0.2948660714285714 0.44285714285714284 0.09925595238095238
1 0.06489827073070609 0.24939098324514994 0.011049107142857144 0.021577380952380952
0 0.2806919642857143 0.41897321428571427 0.44285714285714284 0.12217261904761904
1 0.0668234939449918 0.35993992504409167 0.014899553571428572 0.021577380952380952
0 0.2806919642857143 0.5790922619047619 0.44285714285714284 0.08467261904761905
1 0.07311534662356323 0.47048886684303354 0.027483258928571428 0.021577380952380952
0 0.2806919642857143 0.6657738095238095 0.44285714285714284 0.11785714285714285
1 0.07401517921284895 0.5810378086419753 0.029282924107142855 0.021577380952380952
0 0.2806919642857143 0.745014880952381 0.44285714285714284 0.09300595238095238
1 0.07323392921284894 0.6915867504409172 0.027720424107142858 0.021577380952380987
0 0.7237723214285714 0.25342261904761904 0.44285714285714284 0.10773809523809524
1 0.5126861414223348 0.1388420414462081 0.020521763392857145 0.021577380952380952
0 0.7237723214285714 0.3495535714285714 0.44285714285714284 0.18482142857142858
1 0.5126861414223348 0.24939098324514994 0.020521763392857145 0.021577380952380952
0 0.7237723214285714 0.4238839285714286 0.44285714285714284 0.18973214285714285
1 0.512700092315192 0.35993992504409167 0.02054966517857143 0.021577380952380952
0 0.7237723214285714 0.529985119047619 0.44285714285714284 0.19806547619047618
1 0.5126931168687634 0.47048886684303354 0.020535714285714286 0.021577380952380952
0 0.7237723214285714 0.6196428571428572 0.44285714285714284 0.17113095238095238
1 0.5126861414223348 0.5810378086419753 0.020521763392857145 0.021577380952380952
0 0.7237723214285714 0.7182291666666667 0.44285714285714284 0.15669642857142857
1 0.5126861414223348 0.6915867504409172 0.020521763392857145 0.021577380952380987
