0 0.5022879464285714 0.12180059523809524 0.8856026785714286 0.06889880952380953
1 0.0631253166160081 0.07988260582010584 0.007198660714285714 0.021577380952380952
0 0.5022879464285714 0.17566964285714284 0.8856026785714286 0.08050595238095239
1 0.06505053983029382 0.1462119708994709 0.011049107142857144 0.021577380952380952
0 0.5022879464285714 0.25833333333333336 0.8856026785714286 0.03630952380952381
1 0.06697576304457953 0.21254133597883595 0.014899553571428572 0.021577380952380952
0 0.5022879464285714 0.34813988095238096 0.8856026785714286 0.07395833333333333
1 0.07326761572315096 0.27887070105820105 0.027483258928571428 0.021577380952380952
0 0.5022879464285714 0.3952380952380952 0.8856026785714286 0.0380952380952381
1 0.07416744831243667 0.3452000661375661 0.029282924107142855 0.021577380952380952
0 0.5022879464285714 0.4492559523809524 0.8856026785714286 0.055357142857142855
1 0.07338619831243667 0.41152943121693125 0.027720424107142858 0.021577380952380952
0 0.5022879464285714 0.5484375 0.8856026785714286 0.11592261904761905
1 0.06978686795529382 0.4778587962962963 0.020521763392857145 0.021577380952380952
0 0.5022879464285714 0.6030505952380952 0.8856026785714286 0.12574404761904762
1 0.06978686795529382 0.5441881613756614 0.020521763392857145 0.021577380952380952
0 0.5022879464285714 0.6348958333333333 0.8856026785714286 0.14270833333333333
1 0.06980081884815097 0.6105175264550264 0.02054966517857143 0.021577380952380952
0 0.5022879464285714 0.659077380952381 0.8856026785714286 0.2044642857142857
1 0.06979384340172239 0.6768468915343916 0.020535714285714286 0.021577380952380952
0 0.5022879464285714 0.7140625 0.8856026785714286 0.22395833333333334
1 0.06978686795529382 0.7431762566137565 0.020521763392857145 0.021577380952380952
0 0.5022879464285714 0.8026785714285715 0.8856026785714286 0.17767857142857144
1 0.06978686795529382 0.8095056216931217 0.020521763392857145 0.021577380952380952
