0 0.16975446428571428 0.23720238095238094 0.22142857142857142 0.13154761904761905
1 0.06267091990985048 0.18095592403628116 0.007198660714285714 0.021577380952380952
0 0.16975446428571428 0.3898809523809524 0.22142857142857142 0.10029761904761905
1 0.0645961431241362 0.3230902777777778 0.011049107142857144 0.021577380952380952
0 0.16975446428571428 0.5703869047619048 0.22142857142857142 0.052976190476190475
1 0.0665213663384219 0.4652246315192744 0.014899553571428572 0.021577380952380952
0 0.39140625 0.328125 0.22142857142857142 0.1113095238095238
1 0.2944842439573125 0.18095592403628116 0.027483258928571428 0.021577380952380952
0 0.39140625 0.40014880952380955 0.22142857142857142 0.0886904761904762
1 0.2953840765465982 0.3230902777777778 0.029282924107142855 0.021577380952380952
0 0.39140625 0.5578869047619047 0.22142857142857142 0.0443452380952381
1 0.2946028265465982 0.4652246315192744 0.027720424107142858 0.021577380952380952
0 0.6130580357142857 0.3109375 0.22142857142857142 0.10818452380952381
1 0.5126745211297744 0.18095592403628116 0.020521763392857145 0.021577380952380952
0 0.6130580357142857 0.43013392857142857 0.22142857142857142 0.14479166666666668
1 0.5126745211297744 0.3230902777777778 0.020521763392857145 0.021577380952380952
0 0.6130580357142857 0.5178571428571429 0.22142857142857142 0.1949404761904762
1 0.5126884720226316 0.4652246315192744 0.02054966517857143 0.021577380952380952
0 0.8347098214285714 0.175 0.22142857142857142 0.28214285714285714
1 0.7343525215165222 0.18095592403628116 0.020535714285714286 0.021577380952380952
0 0.8347098214285714 0.3267113095238095 0.22142857142857142 0.26086309523809526
1 0.7343455460700936 0.3230902777777778 0.020521763392857145 0.021577380952380952
0 0.8347098214285714 0.49367559523809523 0.22142857142857142 0.20401785714285714
1 0.7343455460700936 0.4652246315192744 0.020521763392857145 0.021577380952380952
0 0.49832589285714285 0.671875 0.8785714285714286 0.10476190476190476
1 0.0645961431241362 0.6073589852607709 0.011049107142857144 0.021577380952380952
