0 0.2806919642857143 0.20066964285714287 0.44285714285714284 0.07931547619047619
1 0.06297304751642037 0.1388420414462081 0.007198660714285714 0.021577380952380952
0 0.2806919642857143 0.2995535714285714 0.44285714285714284 0.09017857142857143
1 0.06489827073070609 0.24939098324514994 0.011049107142857144 0.021577380952380952
0 0.2806919642857143 0.4210565476190476 0.44285714285714284 0.06086309523809524
1 0.0668234939449918 0.35993992504409167 0.014899553571428572 0.021577380952380952
0 0.2806919642857143 0.5801339285714285 0.44285714285714284 0.07693452380952381
1 0.07311534662356323 0.47048886684303354 0.027483258928571428 0.021577380952380952
0 0.2806919642857143 0.6656994047619048 0.44285714285714284 0.05967261904761905
1 0.07401517921284895 0.5810378086419753 0.029282924107142855 0.021577380952380952
0 0.2806919642857143 0.7519345238095239 0.44285714285714284 0.06398809523809523
1 0.07323392921284894 0.6915867504409172 0.027720424107142858 0.021577380952380987
0 0.7237723214285714 0.2650297619047619 0.44285714285714284 0.12410714285714286
1 0.5126861414223348 0.1388420414462081 0.020521763392857145 0.021577380952380952
0 0.7237723214285714 0.3775297619047619 0.44285714285714284 0.16785714285714284
1 0.5126861414223348 0.24939098324514994 0.020521763392857145 0.021577380952380952
0 0.7237723214285714 0.46986607142857145 0.44285714285714284 0.16651785714285713
1 0.512700092315192 0.35993992504409167 0.02054966517857143 0.021577380952380952
0 0.7237723214285714 0.5357886904761905 0.44285714285714284 0.1730654761904762
1 0.5126931168687634 0.47048886684303354 0.020535714285714286 0.021577380952380952
0 0.7237723214285714 0.6266369047619048 0.44285714285714284 0.17410714285714285
1 0.5126861414223348 0.5810378086419753 0.020521763392857145 0.021577380952380952
0 0.7237723214285714 0.7309523809523809 0.44285714285714284 0.17559523809523808
1 0.5126861414223348 0.6915867504409172 0.020521763392857145 0.021577380952380987
