0 0.2806919642857143 0.21376488095238094 0.44285714285714284 0.09360119047619048
1 0.06297304751642037 0.1388420414462081 0.007198660714285714 0.021577380952380952
0 0.2806919642857143 0.3074404761904762 0.44285714285714284 0.08303571428571428
1 0.06489827073070609 0.24939098324514994 0.011049107142857144 0.021577380952380952
0 0.2806919642857143 0.41369047619047616 0.44285714285714284 0.08601190476190476
1 0.0668234939449918 0.35993992504409167 0.014899553571428572 0.021577380952380952
0 0.2806919642857143 0.5708333333333333 0.44285714285714284 0.07827380952380952
1 0.07311534662356323 0.47048886684303354 0.027483258928571428 0.021577380952380952
0 0.2806919642857143 0.6748511904761905 0.44285714285714284 0.08125
1 0.07401517921284895 0.5810378086419753 0.029282924107142855 0.021577380952380952
0 0.2806919642857143 0.7509672619047619 0.44285714285714284 0.07604166666666666
1 0.07323392921284894 0.6915867504409172 0.027720424107142858 0.021577380952380987
0 0.7237723214285714 0.24404761904761904 0.44285714285714284 0.09375
1 0.5126861414223348 0.1388420414462081 0.020521763392857145 0.021577380952380952
0 0.7237723214285714 0.36674107142857143 0.44285714285714284 0.18735119047619048
1 0.5126861414223348 0.24939098324514994 0.020521763392857145 0.021577380952380952
0 0.7237723214285714 0.49895833333333334 0.44285714285714284 0.2505952380952381
1 0.512700092315192 0.35993992504409167 0.02054966517857143 0.021577380952380952
0 0.7237723214285714 0.5717261904761904 0.44285714285714284 0.21636904761904763
1 0.5126931168687634 0.47048886684303354 0.020535714285714286 0.021577380952380952
0 0.7237723214285714 0.6544642857142857 0.44285714285714284 0.19553571428571428
1 0.5126861414223348 0.5810378086419753 0.020521763392857145 0.021577380952380952
0 0.7237723214285714 0.7430803571428571 0.44285714285714284 0.12544642857142857
1 0.5126861414223348 0.6915867504409172 0.020521763392857145 0.021577380952380987
