0 0.16975446428571428 0.27306547619047616 0.22142857142857142 0.056845238095238095
1 0.06267091990985048 0.18095592403628116 0.007198660714285714 0.021577380952380952
0 0.16975446428571428 0.43467261904761906 0.22142857142857142 0.046130952380952384
1 0.0645961431241362 0.3230902777777778 0.011049107142857144 0.021577380952380952
0 0.16975446428571428 0.5799107142857143 0.22142857142857142 0.04583333333333333
1 0.0665213663384219 0.4652246315192744 0.014899553571428572 0.021577380952380952
0 0.39140625 0.2864583333333333 0.22142857142857142 0.04851190476190476
1 0.2944842439573125 0.18095592403628116 0.027483258928571428 0.021577380952380952
0 0.39140625 0.41354166666666664 0.22142857142857142 0.04583333333333333
1 0.2953840765465982 0.3230902777777778 0.029282924107142855 0.021577380952380952
0 0.39140625 0.5761160714285715 0.22142857142857142 0.039732142857142855
1 0.2946028265465982 0.4652246315192744 0.027720424107142858 0.021577380952380952
0 0.6130580357142857 0.3049107142857143 0.22142857142857142 0.07529761904761904
1 0.5126745211297744 0.18095592403628116 0.020521763392857145 0.021577380952380952
0 0.6130580357142857 0.4694196428571429 0.22142857142857142 0.17157738095238095
1 0.5126745211297744 0.3230902777777778 0.020521763392857145 0.021577380952380952
0 0.6130580357142857 0.6079613095238096 0.22142857142857142 0.17544642857142856
1 0.5126884720226316 0.4652246315192744 0.02054966517857143 0.021577380952380952
0 0.8347098214285714 0.3067708333333333 0.22142857142857142 0.17038690476190477
1 0.7343525215165222 0.18095592403628116 0.020535714285714286 0.021577380952380952
0 0.8347098214285714 0.4314732142857143 0.22142857142857142 0.10818452380952381
1 0.7343455460700936 0.3230902777777778 0.020521763392857145 0.021577380952380952
0 0.8347098214285714 0.5648809523809524 0.22142857142857142 0.10863095238095238
1 0.7343455460700936 0.4652246315192744 0.020521763392857145 0.021577380952380952
0 0.49832589285714285 0.7164434523809524 0.8785714285714286 0.05133928571428571
1 0.0645961431241362 0.6073589852607709 0.011049107142857144 0.021577380952380952
