0 0.16975446428571428 0.2537202380952381 0.22142857142857142 0.08571428571428572
1 0.06267091990985048 0.18095592403628116 0.007198660714285714 0.021577380952380952
0 0.16975446428571428 0.38683035714285713 0.22142857142857142 0.10788690476190477
1 0.0645961431241362 0.3230902777777778 0.011049107142857144 0.021577380952380952
0 0.16975446428571428 0.5576636904761905 0.22142857142857142 0.04300595238095238
1 0.0665213663384219 0.4652246315192744 0.014899553571428572 0.021577380952380952
0 0.39140625 0.31919642857142855 0.22142857142857142 0.09583333333333334
1 0.2944842439573125 0.18095592403628116 0.027483258928571428 0.021577380952380952
0 0.39140625 0.41376488095238095 0.22142857142857142 0.05610119047619048
1 0.2953840765465982 0.3230902777777778 0.029282924107142855 0.021577380952380952
0 0.39140625 0.5445684523809524 0.22142857142857142 0.06889880952380953
1 0.2946028265465982 0.4652246315192744 0.027720424107142858 0.021577380952380952
0 0.6130580357142857 0.32142857142857145 0.22142857142857142 0.09851190476190476
1 0.5126745211297744 0.18095592403628116 0.020521763392857145 0.021577380952380952
0 0.6130580357142857 0.45907738095238093 0.22142857142857142 0.11517857142857142
1 0.5126745211297744 0.3230902777777778 0.020521763392857145 0.021577380952380952
0 0.6130580357142857 0.6233630952380952 0.22142857142857142 0.1574404761904762
1 0.5126884720226316 0.4652246315192744 0.02054966517857143 0.021577380952380952
0 0.8347098214285714 0.26465773809523807 0.22142857142857142 0.0787202380952381
1 0.7343525215165222 0.18095592403628116 0.020535714285714286 0.021577380952380952
0 0.8347098214285714 0.376264880952381 0.22142857142857142 0.13407738095238095
1 0.7343455460700936 0.3230902777777778 0.020521763392857145 0.021577380952380952
0 0.8347098214285714 0.5040178571428572 0.22142857142857142 0.16904761904761906
1 0.7343455460700936 0.4652246315192744 0.020521763392857145 0.021577380952380952
0 0.49832589285714285 0.6727678571428571 0.8785714285714286 0.1113095238095238
1 0.0645961431241362 0.6073589852607709 0.011049107142857144 0.021577380952380952
