0 0.2806919642857143 0.18638392857142858 0.44285714285714284 0.08883928571428572
1 0.06297304751642037 0.1388420414462081 0.007198660714285714 0.021577380952380952
0 0.2806919642857143 0.33251488095238096 0.44285714285714284 0.04151785714285714
1 0.06489827073070609 0.24939098324514994 0.011049107142857144 0.021577380952380952
0 0.2806919642857143 0.47254464285714287 0.44285714285714284 0.08020833333333334
1 0.0668234939449918 0.35993992504409167 0.014899553571428572 0.021577380952380952
0 0.2806919642857143 0.5723958333333333 0.44285714285714284 0.05907738095238095
1 0.07311534662356323 0.47048886684303354 0.027483258928571428 0.021577380952380952
0 0.2806919642857143 0.6293898809523809 0.44285714285714284 0.08020833333333334
1 0.07401517921284895 0.5810378086419753 0.029282924107142855 0.021577380952380952
0 0.2806919642857143 0.7874255952380952 0.44285714285714284 0.05044642857142857
1 0.07323392921284894 0.6915867504409172 0.027720424107142858 0.021577380952380987
0 0.7237723214285714 0.24523809523809523 0.44285714285714284 0.06785714285714285
1 0.5126861414223348 0.1388420414462081 0.020521763392857145 0.021577380952380952
0 0.7237723214285714 0.3413690476190476 0.44285714285714284 0.08065476190476191
1 0.5126861414223348 0.24939098324514994 0.020521763392857145 0.021577380952380952
0 0.7237723214285714 0.4439732142857143 0.44285714285714284 0.09151785714285714
1 0.512700092315192 0.35993992504409167 0.02054966517857143 0.021577380952380952
0 0.7237723214285714 0.5311011904761904 0.44285714285714284 0.17113095238095238
1 0.5126931168687634 0.47048886684303354 0.020535714285714286 0.021577380952380952
0 0.7237723214285714 0.6076636904761905 0.44285714285714284 0.20223214285714286
1 0.5126861414223348 0.5810378086419753 0.020521763392857145 0.021577380952380952
0 0.7237723214285714 0.7087797619047619 0.44285714285714284 0.1773809523809524
1 0.5126861414223348 0.6915867504409172 0.020521763392857145 0.021577380952380987
