0 0.2806919642857143 0.21175595238095238 0.44285714285714284 0.050595238095238096
1 0.06297304751642037 0.1388420414462081 0.007198660714285714 0.021577380952380952
0 0.2806919642857143 0.3436755952380952 0.44285714285714284 0.05431547619047619
1 0.06489827073070609 0.24939098324514994 0.011049107142857144 0.021577380952380952
0 0.2806919642857143 0.4530505952380952 0.44285714285714284 0.04985119047619048
1 0.0668234939449918 0.35993992504409167 0.014899553571428572 0.021577380952380952
0 0.2806919642857143 0.5508928571428572 0.44285714285714284 0.04523809523809524
1 0.07311534662356323 0.47048886684303354 0.027483258928571428 0.021577380952380952
0 0.2806919642857143 0.6529761904761905 0.44285714285714284 0.04642857142857143
1 0.07401517921284895 0.5810378086419753 0.029282924107142855 0.021577380952380952
0 0.2806919642857143 0.7854166666666667 0.44285714285714284 0.048214285714285716
1 0.07323392921284894 0.6915867504409172 0.027720424107142858 0.021577380952380987
0 0.7237723214285714 0.22648809523809524 0.44285714285714284 0.0630952380952381
1 0.5126861414223348 0.1388420414462081 0.020521763392857145 0.021577380952380952
0 0.7237723214285714 0.35907738095238095 0.44285714285714284 0.1431547619047619
1 0.5126861414223348 0.24939098324514994 0.020521763392857145 0.021577380952380952
0 0.7237723214285714 0.46822916666666664 0.44285714285714284 0.153125
1 0.512700092315192 0.35993992504409167 0.02054966517857143 0.021577380952380952
0 0.7237723214285714 0.5670386904761905 0.44285714285714284 0.1537202380952381
1 0.5126931168687634 0.47048886684303354 0.020535714285714286 0.021577380952380952
0 0.7237723214285714 0.6610863095238095 0.44285714285714284 0.11205357142857143
1 0.5126861414223348 0.5810378086419753 0.020521763392857145 0.021577380952380952
0 0.7237723214285714 0.7617559523809524 0.44285714285714284 0.06994047619047619
1 0.5126861414223348 0.6915867504409172 0.020521763392857145 0.021577380952380987
