0 0.2806919642857143 0.20424107142857142 0.44285714285714284 0.061160714285714284
1 0.06297304751642037 0.1388420414462081 0.007198660714285714 0.021577380952380952
0 0.2806919642857143 0.296875 0.44285714285714284 0.10267857142857142
1 0.06489827073070609 0.24939098324514994 0.011049107142857144 0.021577380952380952
0 0.2806919642857143 0.4261904761904762 0.44285714285714284 0.06369047619047619
1 0.0668234939449918 0.35993992504409167 0.014899553571428572 0.021577380952380952
0 0.2806919642857143 0.5776785714285714 0.44285714285714284 0.07916666666666666
1 0.07311534662356323 0.47048886684303354 0.027483258928571428 0.021577380952380952
0 0.2806919642857143 0.6636904761904762 0.44285714285714284 0.021726190476190475
1 0.07401517921284895 0.5810378086419753 0.029282924107142855 0.021577380952380952
0 0.2806919642857143 0.7480654761904761 0.44285714285714284 0.08244047619047619
1 0.07323392921284894 0.6915867504409172 0.027720424107142858 0.021577380952380987
0 0.7237723214285714 0.22678571428571428 0.44285714285714284 0.06785714285714285
1 0.5126861414223348 0.1388420414462081 0.020521763392857145 0.021577380952380952
0 0.7237723214285714 0.31547619047619047 0.44285714285714284 0.0875
1 0.5126861414223348 0.24939098324514994 0.020521763392857145 0.021577380952380952
0 0.7237723214285714 0.37879464285714287 0.44285714285714284 0.2025297619047619
1 0.512700092315192 0.35993992504409167 0.02054966517857143 0.021577380952380952
0 0.7237723214285714 0.49389880952380955 0.44285714285714284 0.16279761904761905
1 0.5126931168687634 0.47048886684303354 0.020535714285714286 0.021577380952380952
0 0.7237723214285714 0.619717261904762 0.44285714285714284 0.12485119047619048
1 0.5126861414223348 0.5810378086419753 0.020521763392857145 0.021577380952380952
0 0.7237723214285714 0.7389880952380953 0.44285714285714284 0.10476190476190476
1 0.5126861414223348 0.6915867504409172 0.020521763392857145 0.021577380952380987
