0 0.5022879464285714 0.11800595238095238 0.8856026785714286 0.05
1 0.0631253166160081 0.07988260582010584 0.007198660714285714 0.021577380952380952
0 0.5022879464285714 0.18072916666666666 0.8856026785714286 0.06860119047619048
1 0.06505053983029382 0.1462119708994709 0.011049107142857144 0.021577380952380952
0 0.5022879464285714 0.2676339285714286 0.8856026785714286 0.04538690476190476
1 0.06697576304457953 0.21254133597883595 0.014899553571428572 0.021577380952380952
0 0.5022879464285714 0.34851190476190474 0.8856026785714286 0.055357142857142855
1 0.07326761572315096 0.27887070105820105 0.027483258928571428 0.021577380952380952
0 0.5022879464285714 0.3898065476190476 0.8856026785714286 0.03794642857142857
1 0.07416744831243667 0.3452000661375661 0.029282924107142855 0.021577380952380952
0 0.5022879464285714 0.45461309523809523 0.8856026785714286 0.05089285714285714
1 0.07338619831243667 0.41152943121693125 0.027720424107142858 0.021577380952380952
0 0.5022879464285714 0.5901785714285714 0.8856026785714286 0.19047619047619047
1 0.06978686795529382 0.4778587962962963 0.020521763392857145 0.021577380952380952
0 0.5022879464285714 0.6658482142857143 0.8856026785714286 0.22604166666666667
1 0.06978686795529382 0.5441881613756614 0.020521763392857145 0.021577380952380952
0 0.5022879464285714 0.6563988095238096 0.8856026785714286 0.21726190476190477
1 0.06980081884815097 0.6105175264550264 0.02054966517857143 0.021577380952380952
0 0.5022879464285714 0.7188244047619048 0.8856026785714286 0.18080357142857142
1 0.06979384340172239 0.6768468915343916 0.020535714285714286 0.021577380952380952
0 0.5022879464285714 0.7153273809523809 0.8856026785714286 0.28482142857142856
1 0.06978686795529382 0.7431762566137565 0.020521763392857145 0.021577380952380952
0 0.5022879464285714 0.7961309523809523 0.8856026785714286 0.23601190476190476
1 0.06978686795529382 0.8095056216931217 0.020521763392857145 0.021577380952380952
