0 0.16975446428571428 0.246875 0.22142857142857142 0.11607142857142858
1 0.06267091990985048 0.18095592403628116 0.007198660714285714 0.021577380952380952
0 0.16975446428571428 0.4218005952380952 0.22142857142857142 0.11086309523809523
1 0.0645961431241362 0.3230902777777778 0.011049107142857144 0.021577380952380952
0 0.16975446428571428 0.6046130952380953 0.22142857142857142 0.12380952380952381
1 0.0665213663384219 0.4652246315192744 0.014899553571428572 0.021577380952380952
0 0.39140625 0.3109375 0.22142857142857142 0.08675595238095238
1 0.2944842439573125 0.18095592403628116 0.027483258928571428 0.021577380952380952
0 0.39140625 0.390625 0.22142857142857142 0.11369047619047619
1 0.2953840765465982 0.3230902777777778 0.029282924107142855 0.021577380952380952
0 0.39140625 0.585639880952381 0.22142857142857142 0.10014880952380953
1 0.2946028265465982 0.4652246315192744 0.027720424107142858 0.021577380952380952
0 0.6130580357142857 0.33214285714285713 0.22142857142857142 0.13363095238095238
1 0.5126745211297744 0.18095592403628116 0.020521763392857145 0.021577380952380952
0 0.6130580357142857 0.4663690476190476 0.22142857142857142 0.1675595238095238
1 0.5126745211297744 0.3230902777777778 0.020521763392857145 0.021577380952380952
0 0.6130580357142857 0.5675595238095238 0.22142857142857142 0.24642857142857144
1 0.5126884720226316 0.4652246315192744 0.02054966517857143 0.021577380952380952
0 0.8347098214285714 0.25044642857142857 0.22142857142857142 0.26071428571428573
1 0.7343525215165222 0.18095592403628116 0.020535714285714286 0.021577380952380952
0 0.8347098214285714 0.40133928571428573 0.22142857142857142 0.17142857142857143
1 0.7343455460700936 0.3230902777777778 0.020521763392857145 0.021577380952380952
0 0.8347098214285714 0.544047619047619 0.22142857142857142 0.08630952380952381
1 0.7343455460700936 0.4652246315192744 0.020521763392857145 0.021577380952380952
0 0.49832589285714285 0.7049107142857143 0.8785714285714286 0.1130952380952381
1 0.0645961431241362 0.6073589852607709 0.011049107142857144 0.021577380952380952
