0 0.2806919642857143 0.1808779761904762 0.44285714285714284 0.10758928571428572
1 0.06297304751642037 0.1388420414462081 0.007198660714285714 0.021577380952380952
0 0.2806919642857143 0.31785714285714284 0.44285714285714284 0.09226190476190477
1 0.06489827073070609 0.24939098324514994 0.011049107142857144 0.021577380952380952
0 0.2806919642857143 0.47425595238095236 0.44285714285714284 0.09196428571428572
1 0.0668234939449918 0.35993992504409167 0.014899553571428572 0.021577380952380952
0 0.2806919642857143 0.5813988095238095 0.44285714285714284 0.08214285714285714
1 0.07311534662356323 0.47048886684303354 0.027483258928571428 0.021577380952380952
0 0.2806919642857143 0.6293898809523809 0.44285714285714284 0.09449404761904762
1 0.07401517921284895 0.5810378086419753 0.029282924107142855 0.021577380952380952
0 0.2806919642857143 0.784077380952381 0.44285714285714284 0.07648809523809524
1 0.07323392921284894 0.6915867504409172 0.027720424107142858 0.021577380952380987
0 0.7237723214285714 0.2578869047619048 0.44285714285714284 0.11220238095238096
1 0.5126861414223348 0.1388420414462081 0.020521763392857145 0.021577380952380952
0 0.7237723214285714 0.3508184523809524 0.44285714285714284 0.14508928571428573
1 0.5126861414223348 0.24939098324514994 0.020521763392857145 0.021577380952380952
0 0.7237723214285714 0.4426339285714286 0.44285714285714284 0.20580357142857142
1 0.512700092315192 0.35993992504409167 0.02054966517857143 0.021577380952380952
0 0.7237723214285714 0.5021577380952381 0.44285714285714284 0.2793154761904762
1 0.5126931168687634 0.47048886684303354 0.020535714285714286 0.021577380952380952
0 0.7237723214285714 0.6049107142857143 0.44285714285714284 0.23273809523809524
1 0.5126861414223348 0.5810378086419753 0.020521763392857145 0.021577380952380952
0 0.7237723214285714 0.7210565476190476 0.44285714285714284 0.16383928571428572
1 0.5126861414223348 0.6915867504409172 0.020521763392857145 0.021577380952380987
