0 0.5022879464285714 0.1199404761904762 0.8856026785714286 0.052976190476190475
1 0.0631253166160081 0.07988260582010584 0.007198660714285714 0.021577380952380952
0 0.5022879464285714 0.1747767857142857 0.8856026785714286 0.11324404761904762
1 0.06505053983029382 0.1462119708994709 0.011049107142857144 0.021577380952380952
0 0.5022879464285714 0.2540922619047619 0.8856026785714286 0.0787202380952381
1 0.06697576304457953 0.21254133597883595 0.014899553571428572 0.021577380952380952
0 0.5022879464285714 0.3502232142857143 0.8856026785714286 0.07842261904761905
1 0.07326761572315096 0.27887070105820105 0.027483258928571428 0.021577380952380952
0 0.5022879464285714 0.396875 0.8856026785714286 0.02470238095238095
1 0.07416744831243667 0.3452000661375661 0.029282924107142855 0.021577380952380952
0 0.5022879464285714 0.446577380952381 0.8856026785714286 0.09583333333333334
1 0.07338619831243667 0.41152943121693125 0.027720424107142858 0.021577380952380952
0 0.5022879464285714 0.565625 0.8856026785714286 0.12946428571428573
1 0.06978686795529382 0.4778587962962963 0.020521763392857145 0.021577380952380952
0 0.5022879464285714 0.6291666666666667 0.8856026785714286 0.1880952380952381
1 0.06978686795529382 0.5441881613756614 0.020521763392857145 0.021577380952380952
0 0.5022879464285714 0.6334821428571429 0.8856026785714286 0.14434523809523808
1 0.06980081884815097 0.6105175264550264 0.02054966517857143 0.021577380952380952
0 0.5022879464285714 0.6820684523809524 0.8856026785714286 0.14330357142857142
1 0.06979384340172239 0.6768468915343916 0.020535714285714286 0.021577380952380952
0 0.5022879464285714 0.7533482142857143 0.8856026785714286 0.1299107142857143
1 0.06978686795529382 0.7431762566137565 0.020521763392857145 0.021577380952380952
0 0.5022879464285714 0.8162202380952381 0.8856026785714286 0.14017857142857143
1 0.06978686795529382 0.8095056216931217 0.020521763392857145 0.021577380952380952
