0 0.16975446428571428 0.27239583333333334 0.22142857142857142 0.05699404761904762
1 0.06267091990985048 0.18095592403628116 0.007198660714285714 0.021577380952380952
0 0.16975446428571428 0.3882440476190476 0.22142857142857142 0.13303571428571428
1 0.0645961431241362 0.3230902777777778 0.011049107142857144 0.021577380952380952
0 0.16975446428571428 0.5449404761904761 0.22142857142857142 0.0988095238095238
1 0.0665213663384219 0.4652246315192744 0.014899553571428572 0.021577380952380952
0 0.39140625 0.3110863095238095 0.22142857142857142 0.08913690476190476
1 0.2944842439573125 0.18095592403628116 0.027483258928571428 0.021577380952380952
0 0.39140625 0.42782738095238093 0.22142857142857142 0.04791666666666667
1 0.2953840765465982 0.3230902777777778 0.029282924107142855 0.021577380952380952
0 0.39140625 0.5389136904761904 0.22142857142857142 0.11354166666666667
1 0.2946028265465982 0.4652246315192744 0.027720424107142858 0.021577380952380952
0 0.6130580357142857 0.2976190476190476 0.22142857142857142 0.07708333333333334
1 0.5126745211297744 0.18095592403628116 0.020521763392857145 0.021577380952380952
0 0.6130580357142857 0.44360119047619045 0.22142857142857142 0.17976190476190476
1 0.5126745211297744 0.3230902777777778 0.020521763392857145 0.021577380952380952
0 0.6130580357142857 0.5029017857142857 0.22142857142857142 0.2162202380952381
1 0.5126884720226316 0.4652246315192744 0.02054966517857143 0.021577380952380952
0 0.8347098214285714 0.22209821428571427 0.22142857142857142 0.18050595238095238
1 0.7343525215165222 0.18095592403628116 0.020535714285714286 0.021577380952380952
0 0.8347098214285714 0.3788690476190476 0.22142857142857142 0.14761904761904762
1 0.7343455460700936 0.3230902777777778 0.020521763392857145 0.021577380952380952
0 0.8347098214285714 0.5331845238095239 0.22142857142857142 0.11398809523809524
1 0.7343455460700936 0.4652246315192744 0.020521763392857145 0.021577380952380952
0 0.49832589285714285 0.6656994047619048 0.8785714285714286 0.146875
1 0.0645961431241362 0.6073589852607709 0.011049107142857144 0.021577380952380952
