0 0.16975446428571428 0.25744047619047616 0.22142857142857142 0.0693452380952381
1 0.06267091990985048 0.18095592403628116 0.007198660714285714 0.021577380952380952
0 0.16975446428571428 0.42038690476190477 0.22142857142857142 0.060714285714285714
1 0.0645961431241362 0.3230902777777778 0.011049107142857144 0.021577380952380952
0 0.16975446428571428 0.5818452380952381 0.22142857142857142 0.04702380952380952
1 0.0665213663384219 0.4652246315192744 0.014899553571428572 0.021577380952380952
0 0.39140625 0.30104166666666665 0.22142857142857142 0.06369047619047619
1 0.2944842439573125 0.18095592403628116 0.027483258928571428 0.021577380952380952
0 0.39140625 0.40870535714285716 0.22142857142857142 0.053422619047619045
1 0.2953840765465982 0.3230902777777778 0.029282924107142855 0.021577380952380952
0 0.39140625 0.5746279761904762 0.22142857142857142 0.042708333333333334
1 0.2946028265465982 0.4652246315192744 0.027720424107142858 0.021577380952380952
0 0.6130580357142857 0.3171875 0.22142857142857142 0.09538690476190476
1 0.5126745211297744 0.18095592403628116 0.020521763392857145 0.021577380952380952
0 0.6130580357142857 0.4347470238095238 0.22142857142857142 0.04985119047619048
1 0.5126745211297744 0.3230902777777778 0.020521763392857145 0.021577380952380952
0 0.6130580357142857 0.5529761904761905 0.22142857142857142 0.12202380952380952
1 0.5126884720226316 0.4652246315192744 0.02054966517857143 0.021577380952380952
0 0.8347098214285714 0.25967261904761907 0.22142857142857142 0.13898809523809524
1 0.7343525215165222 0.18095592403628116 0.020535714285714286 0.021577380952380952
0 0.8347098214285714 0.3951636904761905 0.22142857142857142 0.1367559523809524
1 0.7343455460700936 0.3230902777777778 0.020521763392857145 0.021577380952380952
0 0.8347098214285714 0.5631696428571429 0.22142857142857142 0.16324404761904762
1 0.7343455460700936 0.4652246315192744 0.020521763392857145 0.021577380952380952
0 0.49832589285714285 0.7066964285714286 0.8785714285714286 0.0681547619047619
1 0.0645961431241362 0.6073589852607709 0.011049107142857144 0.021577380952380952
