0 0.2806919642857143 0.190625 0.44285714285714284 0.10833333333333334
1 0.06297304751642037 0.1388420414462081 0.007198660714285714 0.021577380952380952
0 0.2806919642857143 0.32507440476190474 0.44285714285714284 0.050148809523809526
1 0.06489827073070609 0.24939098324514994 0.011049107142857144 0.021577380952380952
0 0.2806919642857143 0.46711309523809524 0.44285714285714284 0.07678571428571429
1 0.0668234939449918 0.35993992504409167 0.014899553571428572 0.021577380952380952
0 0.2806919642857143 0.5694196428571429 0.44285714285714284 0.07544642857142857
1 0.07311534662356323 0.47048886684303354 0.027483258928571428 0.021577380952380952
0 0.2806919642857143 0.6343005952380952 0.44285714285714284 0.08913690476190476
1 0.07401517921284895 0.5810378086419753 0.029282924107142855 0.021577380952380952
0 0.2806919642857143 0.7850446428571428 0.44285714285714284 0.05223214285714286
1 0.07323392921284894 0.6915867504409172 0.027720424107142858 0.021577380952380987
0 0.7237723214285714 0.23675595238095237 0.44285714285714284 0.054464285714285715
1 0.5126861414223348 0.1388420414462081 0.020521763392857145 0.021577380952380952
0 0.7237723214285714 0.3860863095238095 0.44285714285714284 0.1924107142857143
1 0.5126861414223348 0.24939098324514994 0.020521763392857145 0.021577380952380952
0 0.7237723214285714 0.47425595238095236 0.44285714285714284 0.1125
1 0.512700092315192 0.35993992504409167 0.02054966517857143 0.021577380952380952
0 0.7237723214285714 0.5709077380952381 0.44285714285714284 0.08556547619047619
1 0.5126931168687634 0.47048886684303354 0.020535714285714286 0.021577380952380952
0 0.7237723214285714 0.6723958333333333 0.44285714285714284 0.06681547619047619
1 0.5126861414223348 0.5810378086419753 0.020521763392857145 0.021577380952380952
0 0.7237723214285714 0.7723958333333333 0.44285714285714284 0.039732142857142855
1 0.5126861414223348 0.6915867504409172 0.020521763392857145 0.021577380952380987
