0 0.5022879464285714 0.11889880952380952 0.8856026785714286 0.05178571428571429
1 0.0631253166160081 0.07988260582010584 0.007198660714285714 0.021577380952380952
0 0.5022879464285714 0.20587797619047618 0.8856026785714286 0.0730654761904762
1 0.06505053983029382 0.1462119708994709 0.011049107142857144 0.021577380952380952
0 0.5022879464285714 0.2742559523809524 0.8856026785714286 0.06488095238095239
1 0.06697576304457953 0.21254133597883595 0.014899553571428572 0.021577380952380952
0 0.5022879464285714 0.3347470238095238 0.8856026785714286 0.05431547619047619
1 0.07326761572315096 0.27887070105820105 0.027483258928571428 0.021577380952380952
0 0.5022879464285714 0.38839285714285715 0.8856026785714286 0.04404761904761905
1 0.07416744831243667 0.3452000661375661 0.029282924107142855 0.021577380952380952
0 0.5022879464285714 0.4726934523809524 0.8856026785714286 0.06800595238095238
1 0.07338619831243667 0.41152943121693125 0.027720424107142858 0.021577380952380952
0 0.5022879464285714 0.5675595238095238 0.8856026785714286 0.1282738095238095
1 0.06978686795529382 0.4778587962962963 0.020521763392857145 0.021577380952380952
0 0.5022879464285714 0.5819940476190476 0.8856026785714286 0.12976190476190477
1 0.06978686795529382 0.5441881613756614 0.020521763392857145 0.021577380952380952
0 0.5022879464285714 0.6808779761904762 0.8856026785714286 0.16383928571428572
1 0.06980081884815097 0.6105175264550264 0.02054966517857143 0.021577380952380952
0 0.5022879464285714 0.7341517857142857 0.8856026785714286 0.12514880952380952
1 0.06979384340172239 0.6768468915343916 0.020535714285714286 0.021577380952380952
0 0.5022879464285714 0.7912202380952381 0.8856026785714286 0.10684523809523809
1 0.06978686795529382 0.7431762566137565 0.020521763392857145 0.021577380952380952
0 0.5022879464285714 0.8588541666666667 0.8856026785714286 0.07217261904761904
1 0.06978686795529382 0.8095056216931217 0.020521763392857145 0.021577380952380952
