0 0.2806919642857143 0.209375 0.44285714285714284 0.04523809523809524
1 0.06297304751642037 0.1388420414462081 0.007198660714285714 0.021577380952380952
0 0.2806919642857143 0.3209821428571429 0.44285714285714284 0.08988095238095238
1 0.06489827073070609 0.24939098324514994 0.011049107142857144 0.021577380952380952
0 0.2806919642857143 0.4401785714285714 0.44285714285714284 0.06994047619047619
1 0.0668234939449918 0.35993992504409167 0.014899553571428572 0.021577380952380952
0 0.2806919642857143 0.5646577380952381 0.44285714285714284 0.06205357142857143
1 0.07311534662356323 0.47048886684303354 0.027483258928571428 0.021577380952380952
0 0.2806919642857143 0.6639880952380952 0.44285714285714284 0.03601190476190476
1 0.07401517921284895 0.5810378086419753 0.029282924107142855 0.021577380952380952
0 0.2806919642857143 0.7694940476190476 0.44285714285714284 0.07589285714285714
1 0.07323392921284894 0.6915867504409172 0.027720424107142858 0.021577380952380987
0 0.7237723214285714 0.2158482142857143 0.44285714285714284 0.0918154761904762
1 0.5126861414223348 0.1388420414462081 0.020521763392857145 0.021577380952380952
0 0.7237723214285714 0.31882440476190477 0.44285714285714284 0.16473214285714285
1 0.5126861414223348 0.24939098324514994 0.020521763392857145 0.021577380952380952
0 0.7237723214285714 0.40327380952380953 0.44285714285714284 0.22142857142857142
1 0.512700092315192 0.35993992504409167 0.02054966517857143 0.021577380952380952
0 0.7237723214285714 0.4968005952380952 0.44285714285714284 0.20758928571428573
1 0.5126931168687634 0.47048886684303354 0.020535714285714286 0.021577380952380952
0 0.7237723214285714 0.6210565476190476 0.44285714285714284 0.11979166666666667
1 0.5126861414223348 0.5810378086419753 0.020521763392857145 0.021577380952380952
0 0.7237723214285714 0.7532738095238095 0.44285714285714284 0.07857142857142857
1 0.5126861414223348 0.6915867504409172 0.020521763392857145 0.021577380952380987
