0 0.16975446428571428 0.2870535714285714 0.22142857142857142 0.1074404761904762
1 0.06267091990985048 0.18095592403628116 0.007198660714285714 0.021577380952380952
0 0.16975446428571428 0.42924107142857143 0.22142857142857142 0.07366071428571429
1 0.0645961431241362 0.3230902777777778 0.011049107142857144 0.021577380952380952
0 0.16975446428571428 0.5665922619047619 0.22142857142857142 0.0599702380952381
1 0.0665213663384219 0.4652246315192744 0.014899553571428572 0.021577380952380952
0 0.39140625 0.2804315476190476 0.22142857142857142 0.08883928571428572
1 0.2944842439573125 0.18095592403628116 0.027483258928571428 0.021577380952380952
0 0.39140625 0.4277529761904762 0.22142857142857142 0.07604166666666666
1 0.2953840765465982 0.3230902777777778 0.029282924107142855 0.021577380952380952
0 0.39140625 0.5659226190476191 0.22142857142857142 0.0380952380952381
1 0.2946028265465982 0.4652246315192744 0.027720424107142858 0.021577380952380952
0 0.6130580357142857 0.2508184523809524 0.22142857142857142 0.13169642857142858
1 0.5126745211297744 0.18095592403628116 0.020521763392857145 0.021577380952380952
0 0.6130580357142857 0.4042410714285714 0.22142857142857142 0.15729166666666666
1 0.5126745211297744 0.3230902777777778 0.020521763392857145 0.021577380952380952
0 0.6130580357142857 0.5433779761904762 0.22142857142857142 0.11324404761904762
1 0.5126884720226316 0.4652246315192744 0.02054966517857143 0.021577380952380952
0 0.8347098214285714 0.2531994047619048 0.22142857142857142 0.10133928571428572
1 0.7343525215165222 0.18095592403628116 0.020535714285714286 0.021577380952380952
0 0.8347098214285714 0.4003720238095238 0.22142857142857142 0.15788690476190476
1 0.7343455460700936 0.3230902777777778 0.020521763392857145 0.021577380952380952
0 0.8347098214285714 0.5433035714285714 0.22142857142857142 0.2255952380952381
1 0.7343455460700936 0.4652246315192744 0.020521763392857145 0.021577380952380952
0 0.49832589285714285 0.7128720238095239 0.8785714285714286 0.07485119047619047
1 0.0645961431241362 0.6073589852607709 0.011049107142857144 0.021577380952380952
