0 0.2806919642857143 0.19895833333333332 0.44285714285714284 0.11398809523809524
1 0.06297304751642037 0.1388420414462081 0.007198660714285714 0.021577380952380952
0 0.2806919642857143 0.2975446428571429 0.44285714285714284 0.11800595238095238
1 0.06489827073070609 0.24939098324514994 0.011049107142857144 0.021577380952380952
0 0.2806919642857143 0.41458333333333336 0.44285714285714284 0.10148809523809524
1 0.0668234939449918 0.35993992504409167 0.014899553571428572 0.021577380952380952
0 0.2806919642857143 0.5828869047619047 0.44285714285714284 0.1113095238095238
1 0.07311534662356323 0.47048886684303354 0.027483258928571428 0.021577380952380952
0 0.2806919642857143 0.6639136904761904 0.44285714285714284 0.08735119047619047
1 0.07401517921284895 0.5810378086419753 0.029282924107142855 0.021577380952380952
0 0.2806919642857143 0.746875 0.44285714285714284 0.0943452380952381
1 0.07323392921284894 0.6915867504409172 0.027720424107142858 0.021577380952380987
0 0.7237723214285714 0.2121279761904762 0.44285714285714284 0.07514880952380952
1 0.5126861414223348 0.1388420414462081 0.020521763392857145 0.021577380952380952
0 0.7237723214285714 0.3127232142857143 0.44285714285714284 0.11264880952380953
1 0.5126861414223348 0.24939098324514994 0.020521763392857145 0.021577380952380952
0 0.7237723214285714 0.4084077380952381 0.44285714285714284 0.13467261904761904
1 0.512700092315192 0.35993992504409167 0.02054966517857143 0.021577380952380952
0 0.7237723214285714 0.5287946428571428 0.44285714285714284 0.08526785714285715
1 0.5126931168687634 0.47048886684303354 0.020535714285714286 0.021577380952380952
0 0.7237723214285714 0.6378720238095238 0.44285714285714284 0.09627976190476191
1 0.5126861414223348 0.5810378086419753 0.020521763392857145 0.021577380952380952
0 0.7237723214285714 0.747172619047619 0.44285714285714284 0.09821428571428571
1 0.5126861414223348 0.6915867504409172 0.020521763392857145 0.021577380952380987
