0 0.16975446428571428 0.25379464285714287 0.22142857142857142 0.10104166666666667
1 0.06267091990985048 0.18095592403628116 0.007198660714285714 0.021577380952380952
0 0.16975446428571428 0.4232886904761905 0.22142857142857142 0.038839285714285715
1 0.0645961431241362 0.3230902777777778 0.011049107142857144 0.021577380952380952
0 0.16975446428571428 0.5874255952380952 0.22142857142857142 0.09151785714285714
1 0.0665213663384219 0.4652246315192744 0.014899553571428572 0.021577380952380952
0 0.39140625 0.303422619047619 0.22142857142857142 0.06041666666666667
1 0.2944842439573125 0.18095592403628116 0.027483258928571428 0.021577380952380952
0 0.39140625 0.4017113095238095 0.22142857142857142 0.09627976190476191
1 0.2953840765465982 0.3230902777777778 0.029282924107142855 0.021577380952380952
0 0.39140625 0.572842261904762 0.22142857142857142 0.044196428571428574
1 0.2946028265465982 0.4652246315192744 0.027720424107142858 0.021577380952380952
0 0.6130580357142857 0.2962797619047619 0.22142857142857142 0.07976190476190476
1 0.5126745211297744 0.18095592403628116 0.020521763392857145 0.021577380952380952
0 0.6130580357142857 0.4347470238095238 0.22142857142857142 0.16354166666666667
1 0.5126745211297744 0.3230902777777778 0.020521763392857145 0.021577380952380952
0 0.6130580357142857 0.5583333333333333 0.22142857142857142 0.17976190476190476
1 0.5126884720226316 0.4652246315192744 0.02054966517857143 0.021577380952380952
0 0.8347098214285714 0.2533482142857143 0.22142857142857142 0.16354166666666667
1 0.7343525215165222 0.18095592403628116 0.020535714285714286 0.021577380952380952
0 0.8347098214285714 0.3834077380952381 0.22142857142857142 0.1337797619047619
1 0.7343455460700936 0.3230902777777778 0.020521763392857145 0.021577380952380952
0 0.8347098214285714 0.5388392857142857 0.22142857142857142 0.09107142857142857
1 0.7343455460700936 0.4652246315192744 0.020521763392857145 0.021577380952380952
0 0.49832589285714285 0.7049107142857143 0.8785714285714286 0.05178571428571429
1 0.0645961431241362 0.6073589852607709 0.011049107142857144 0.021577380952380952
