0 0.2806919642857143 0.18891369047619047 0.44285714285714284 0.1037202380952381
1 0.06297304751642037 0.1388420414462081 0.007198660714285714 0.021577380952380952
0 0.2806919642857143 0.33110119047619047 0.44285714285714284 0.04791666666666667
1 0.06489827073070609 0.24939098324514994 0.011049107142857144 0.021577380952380952
0 0.2806919642857143 0.4712797619047619 0.44285714285714284 0.08095238095238096
1 0.0668234939449918 0.35993992504409167 0.014899553571428572 0.021577380952380952
0 0.2806919642857143 0.5683779761904761 0.44285714285714284 0.07276785714285715
1 0.07311534662356323 0.47048886684303354 0.027483258928571428 0.021577380952380952
0 0.2806919642857143 0.6304315476190476 0.44285714285714284 0.08794642857142858
1 0.07401517921284895 0.5810378086419753 0.029282924107142855 0.021577380952380952
0 0.2806919642857143 0.7820684523809524 0.44285714285714284 0.040625
1 0.07323392921284894 0.6915867504409172 0.027720424107142858 0.021577380952380987
0 0.7237723214285714 0.23519345238095238 0.44285714285714284 0.05133928571428571
1 0.5126861414223348 0.1388420414462081 0.020521763392857145 0.021577380952380952
0 0.7237723214285714 0.3444940476190476 0.44285714285714284 0.08839285714285715
1 0.5126861414223348 0.24939098324514994 0.020521763392857145 0.021577380952380952
0 0.7237723214285714 0.4523809523809524 0.44285714285714284 0.09166666666666666
1 0.512700092315192 0.35993992504409167 0.02054966517857143 0.021577380952380952
0 0.7237723214285714 0.5476190476190477 0.44285714285714284 0.10892857142857143
1 0.5126931168687634 0.47048886684303354 0.020535714285714286 0.021577380952380952
0 0.7237723214285714 0.6545386904761905 0.44285714285714284 0.0956845238095238
1 0.5126861414223348 0.5810378086419753 0.020521763392857145 0.021577380952380952
0 0.7237723214285714 0.7615327380952381 0.44285714285714284 0.08050595238095239
1 0.5126861414223348 0.6915867504409172 0.020521763392857145 0.021577380952380987
