0 0.16975446428571428 0.2538690476190476 0.22142857142857142 0.09077380952380952
1 0.06267091990985048 0.18095592403628116 0.007198660714285714 0.021577380952380952
0 0.16975446428571428 0.4120535714285714 0.22142857142857142 0.07738095238095238
1 0.0645961431241362 0.3230902777777778 0.011049107142857144 0.021577380952380952
0 0.16975446428571428 0.5837797619047619 0.22142857142857142 0.07202380952380952
1 0.0665213663384219 0.4652246315192744 0.014899553571428572 0.021577380952380952
0 0.39140625 0.3107142857142857 0.22142857142857142 0.07529761904761904
1 0.2944842439573125 0.18095592403628116 0.027483258928571428 0.021577380952380952
0 0.39140625 0.40796130952380955 0.22142857142857142 0.06383928571428571
1 0.2953840765465982 0.3230902777777778 0.029282924107142855 0.021577380952380952
0 0.39140625 0.5741815476190476 0.22142857142857142 0.06413690476190476
1 0.2946028265465982 0.4652246315192744 0.027720424107142858 0.021577380952380952
0 0.6130580357142857 0.3313244047619048 0.22142857142857142 0.14092261904761905
1 0.5126745211297744 0.18095592403628116 0.020521763392857145 0.021577380952380952
0 0.6130580357142857 0.48191964285714284 0.22142857142857142 0.246875
1 0.5126745211297744 0.3230902777777778 0.020521763392857145 0.021577380952380952
0 0.6130580357142857 0.6328125 0.22142857142857142 0.27723214285714287
1 0.5126884720226316 0.4652246315192744 0.02054966517857143 0.021577380952380952
0 0.8347098214285714 0.4817708333333333 0.22142857142857142 0.35788690476190477
1 0.7343525215165222 0.18095592403628116 0.020535714285714286 0.021577380952380952
0 0.8347098214285714 0.3263392857142857 0.22142857142857142 0.30178571428571427
1 0.7343455460700936 0.3230902777777778 0.020521763392857145 0.021577380952380952
0 0.8347098214285714 0.48802083333333335 0.22142857142857142 0.19389880952380953
1 0.7343455460700936 0.4652246315192744 0.020521763392857145 0.021577380952380952
0 0.49832589285714285 0.6998511904761905 0.8785714285714286 0.08452380952380953
1 0.0645961431241362 0.6073589852607709 0.011049107142857144 0.021577380952380952
