0 0.2806919642857143 0.21063988095238095 0.44285714285714284 0.050148809523809526
1 0.06297304751642037 0.1388420414462081 0.007198660714285714 0.021577380952380952
0 0.2806919642857143 0.3295386904761905 0.44285714285714284 0.06860119047619048
1 0.06489827073070609 0.24939098324514994 0.011049107142857144 0.021577380952380952
0 0.2806919642857143 0.4529017857142857 0.44285714285714284 0.04151785714285714
1 0.0668234939449918 0.35993992504409167 0.014899553571428572 0.021577380952380952
0 0.2806919642857143 0.559672619047619 0.44285714285714284 0.05476190476190476
1 0.07311534662356323 0.47048886684303354 0.027483258928571428 0.021577380952380952
0 0.2806919642857143 0.6587053571428572 0.44285714285714284 0.03318452380952381
1 0.07401517921284895 0.5810378086419753 0.029282924107142855 0.021577380952380952
0 0.2806919642857143 0.7788690476190476 0.44285714285714284 0.05357142857142857
1 0.07323392921284894 0.6915867504409172 0.027720424107142858 0.021577380952380987
0 0.7237723214285714 0.2365327380952381 0.44285714285714284 0.0730654761904762
1 0.5126861414223348 0.1388420414462081 0.020521763392857145 0.021577380952380952
0 0.7237723214285714 0.3472470238095238 0.44285714285714284 0.08735119047619047
1 0.5126861414223348 0.24939098324514994 0.020521763392857145 0.021577380952380952
0 0.7237723214285714 0.4531994047619048 0.44285714285714284 0.09776785714285714
1 0.512700092315192 0.35993992504409167 0.02054966517857143 0.021577380952380952
0 0.7237723214285714 0.5516369047619047 0.44285714285714284 0.10922619047619048
1 0.5126931168687634 0.47048886684303354 0.020535714285714286 0.021577380952380952
0 0.7237723214285714 0.6553571428571429 0.44285714285714284 0.10416666666666667
1 0.5126861414223348 0.5810378086419753 0.020521763392857145 0.021577380952380952
0 0.7237723214285714 0.7612351190476191 0.44285714285714284 0.08824404761904762
1 0.5126861414223348 0.6915867504409172 0.020521763392857145 0.021577380952380987
