0 0.2806919642857143 0.17209821428571428 0.44285714285714284 0.13616071428571427
1 0.06297304751642037 0.1388420414462081 0.007198660714285714 0.021577380952380952
0 0.2806919642857143 0.2990327380952381 0.44285714285714284 0.11741071428571428
1 0.06489827073070609 0.24939098324514994 0.011049107142857144 0.021577380952380952
0 0.2806919642857143 0.4601934523809524 0.44285714285714284 0.07455357142857143
1 0.0668234939449918 0.35993992504409167 0.014899553571428572 0.021577380952380952
0 0.2806919642857143 0.5954613095238095 0.44285714285714284 0.12098214285714286
1 0.07311534662356323 0.47048886684303354 0.027483258928571428 0.021577380952380952
0 0.2806919642857143 0.6321428571428571 0.44285714285714284 0.09553571428571428
1 0.07401517921284895 0.5810378086419753 0.029282924107142855 0.021577380952380952
0 0.2806919642857143 0.768452380952381 0.44285714285714284 0.07321428571428572
1 0.07323392921284894 0.6915867504409172 0.027720424107142858 0.021577380952380987
0 0.7237723214285714 0.253125 0.44285714285714284 0.10714285714285714
1 0.5126861414223348 0.1388420414462081 0.020521763392857145 0.021577380952380952
0 0.7237723214285714 0.36168154761904764 0.44285714285714284 0.12901785714285716
1 0.5126861414223348 0.24939098324514994 0.020521763392857145 0.021577380952380952
0 0.7237723214285714 0.45922619047619045 0.44285714285714284 0.14642857142857144
1 0.512700092315192 0.35993992504409167 0.02054966517857143 0.021577380952380952
0 0.7237723214285714 0.5364583333333334 0.44285714285714284 0.2074404761904762
1 0.5126931168687634 0.47048886684303354 0.020535714285714286 0.021577380952380952
0 0.7237723214285714 0.6258928571428571 0.44285714285714284 0.21696428571428572
1 0.5126861414223348 0.5810378086419753 0.020521763392857145 0.021577380952380952
0 0.7237723214285714 0.7270833333333333 0.44285714285714284 0.17261904761904762
1 0.5126861414223348 0.6915867504409172 0.020521763392857145 0.021577380952380987
