0 0.16975446428571428 0.24933035714285715 0.22142857142857142 0.1025297619047619
1 0.06267091990985048 0.18095592403628116 0.007198660714285714 0.021577380952380952
0 0.16975446428571428 0.40788690476190476 0.22142857142857142 0.07351190476190476
1 0.0645961431241362 0.3230902777777778 0.011049107142857144 0.021577380952380952
0 0.16975446428571428 0.5823660714285714 0.22142857142857142 0.057291666666666664
1 0.0665213663384219 0.4652246315192744 0.014899553571428572 0.021577380952380952
0 0.39140625 0.311235119047619 0.22142857142857142 0.08407738095238096
1 0.2944842439573125 0.18095592403628116 0.027483258928571428 0.021577380952380952
0 0.39140625 0.40133928571428573 0.22142857142857142 0.07232142857142858
1 0.2953840765465982 0.3230902777777778 0.029282924107142855 0.021577380952380952
0 0.39140625 0.5656994047619047 0.22142857142857142 0.04300595238095238
1 0.2946028265465982 0.4652246315192744 0.027720424107142858 0.021577380952380952
0 0.6130580357142857 0.30089285714285713 0.22142857142857142 0.07767857142857143
1 0.5126745211297744 0.18095592403628116 0.020521763392857145 0.021577380952380952
0 0.6130580357142857 0.462202380952381 0.22142857142857142 0.1375
1 0.5126745211297744 0.3230902777777778 0.020521763392857145 0.021577380952380952
0 0.6130580357142857 0.5959077380952381 0.22142857142857142 0.15848214285714285
1 0.5126884720226316 0.4652246315192744 0.02054966517857143 0.021577380952380952
0 0.8347098214285714 0.2844494047619048 0.22142857142857142 0.1611607142857143
1 0.7343525215165222 0.18095592403628116 0.020535714285714286 0.021577380952380952
0 0.8347098214285714 0.4037202380952381 0.22142857142857142 0.17767857142857144
1 0.7343455460700936 0.3230902777777778 0.020521763392857145 0.021577380952380952
0 0.8347098214285714 0.554985119047619 0.22142857142857142 0.1686011904761905
1 0.7343455460700936 0.4652246315192744 0.020521763392857145 0.021577380952380952
0 0.49832589285714285 0.6892857142857143 0.8785714285714286 0.08571428571428572
1 0.0645961431241362 0.6073589852607709 0.011049107142857144 0.021577380952380952
