0 0.16975446428571428 0.2616815476190476 0.22142857142857142 0.0900297619047619
1 0.06267091990985048 0.18095592403628116 0.007198660714285714 0.021577380952380952
0 0.16975446428571428 0.4002232142857143 0.22142857142857142 0.08526785714285715
1 0.0645961431241362 0.3230902777777778 0.011049107142857144 0.021577380952380952
0 0.16975446428571428 0.5623511904761904 0.22142857142857142 0.035416666666666666
1 0.0665213663384219 0.4652246315192744 0.014899553571428572 0.021577380952380952
0 0.39140625 0.3109375 0.22142857142857142 0.08288690476190476
1 0.2944842439573125 0.18095592403628116 0.027483258928571428 0.021577380952380952
0 0.39140625 0.4198660714285714 0.22142857142857142 0.05550595238095238
1 0.2953840765465982 0.3230902777777778 0.029282924107142855 0.021577380952380952
0 0.39140625 0.557217261904762 0.22142857142857142 0.04985119047619048
1 0.2946028265465982 0.4652246315192744 0.027720424107142858 0.021577380952380952
0 0.6130580357142857 0.29851190476190476 0.22142857142857142 0.1556547619047619
1 0.5126745211297744 0.18095592403628116 0.020521763392857145 0.021577380952380952
0 0.6130580357142857 0.4279017857142857 0.22142857142857142 0.440625
1 0.5126745211297744 0.3230902777777778 0.020521763392857145 0.021577380952380952
0 0.6130580357142857 0.610639880952381 0.22142857142857142 0.21830357142857143
1 0.5126884720226316 0.4652246315192744 0.02054966517857143 0.021577380952380952
0 0.8347098214285714 0.23549107142857142 0.22142857142857142 0.22663690476190476
1 0.7343525215165222 0.18095592403628116 0.020535714285714286 0.021577380952380952
0 0.8347098214285714 0.35558035714285713 0.22142857142857142 0.1650297619047619
1 0.7343455460700936 0.3230902777777778 0.020521763392857145 0.021577380952380952
0 0.8347098214285714 0.5528273809523809 0.22142857142857142 0.16428571428571428
1 0.7343455460700936 0.4652246315192744 0.020521763392857145 0.021577380952380952
0 0.49832589285714285 0.6909226190476191 0.8785714285714286 0.09821428571428571
1 0.0645961431241362 0.6073589852607709 0.011049107142857144 0.021577380952380952
