0 0.5022879464285714 0.11428571428571428 0.8856026785714286 0.059226190476190474
1 0.0631253166160081 0.07988260582010584 0.007198660714285714 0.021577380952380952
0 0.5022879464285714 0.18578869047619048 0.8856026785714286 0.04925595238095238
1 0.06505053983029382 0.1462119708994709 0.011049107142857144 0.021577380952380952
0 0.5022879464285714 0.2715029761904762 0.8856026785714286 0.03467261904761905
1 0.06697576304457953 0.21254133597883595 0.014899553571428572 0.021577380952380952
0 0.5022879464285714 0.34776785714285713 0.8856026785714286 0.050595238095238096
1 0.07326761572315096 0.27887070105820105 0.027483258928571428 0.021577380952380952
0 0.5022879464285714 0.3854910714285714 0.8856026785714286 0.04330357142857143
1 0.07416744831243667 0.3452000661375661 0.029282924107142855 0.021577380952380952
0 0.5022879464285714 0.46279761904761907 0.8856026785714286 0.02976190476190476
1 0.07338619831243667 0.41152943121693125 0.027720424107142858 0.021577380952380952
0 0.5022879464285714 0.5372767857142857 0.8856026785714286 0.061160714285714284
1 0.06978686795529382 0.4778587962962963 0.020521763392857145 0.021577380952380952
0 0.5022879464285714 0.5966517857142857 0.8856026785714286 0.06473214285714286
1 0.06978686795529382 0.5441881613756614 0.020521763392857145 0.021577380952380952
0 0.5022879464285714 0.5227678571428571 0.8856026785714286 0.42351190476190476
1 0.06980081884815097 0.6105175264550264 0.02054966517857143 0.021577380952380952
0 0.5022879464285714 0.7 0.8856026785714286 0.13214285714285715
1 0.06979384340172239 0.6768468915343916 0.020535714285714286 0.021577380952380952
0 0.5022879464285714 0.75625 0.8856026785714286 0.1461309523809524
1 0.06978686795529382 0.7431762566137565 0.020521763392857145 0.021577380952380952
0 0.5022879464285714 0.8294642857142858 0.8856026785714286 0.13005952380952382
1 0.06978686795529382 0.8095056216931217 0.020521763392857145 0.021577380952380952
