0 0.16975446428571428 0.2734375 0.22142857142857142 0.06830357142857142
1 0.06267091990985048 0.18095592403628116 0.007198660714285714 0.021577380952380952
0 0.16975446428571428 0.3997767857142857 0.22142857142857142 0.09389880952380952
1 0.0645961431241362 0.3230902777777778 0.011049107142857144 0.021577380952380952
0 0.16975446428571428 0.5546130952380952 0.22142857142857142 0.06279761904761905
1 0.0665213663384219 0.4652246315192744 0.014899553571428572 0.021577380952380952
0 0.39140625 0.30044642857142856 0.22142857142857142 0.07648809523809524
1 0.2944842439573125 0.18095592403628116 0.027483258928571428 0.021577380952380952
0 0.39140625 0.4253720238095238 0.22142857142857142 0.036458333333333336
1 0.2953840765465982 0.3230902777777778 0.029282924107142855 0.021577380952380952
0 0.39140625 0.5464285714285714 0.22142857142857142 0.07321428571428572
1 0.2946028265465982 0.4652246315192744 0.027720424107142858 0.021577380952380952
0 0.6130580357142857 0.30758928571428573 0.22142857142857142 0.06994047619047619
1 0.5126745211297744 0.18095592403628116 0.020521763392857145 0.021577380952380952
0 0.6130580357142857 0.4636160714285714 0.22142857142857142 0.16889880952380953
1 0.5126745211297744 0.3230902777777778 0.020521763392857145 0.021577380952380952
0 0.6130580357142857 0.5821428571428572 0.22142857142857142 0.08779761904761904
1 0.5126884720226316 0.4652246315192744 0.02054966517857143 0.021577380952380952
0 0.8347098214285714 0.274702380952381 0.22142857142857142 0.1181547619047619
1 0.7343525215165222 0.18095592403628116 0.020535714285714286 0.021577380952380952
0 0.8347098214285714 0.40282738095238096 0.22142857142857142 0.11785714285714285
1 0.7343455460700936 0.3230902777777778 0.020521763392857145 0.021577380952380952
0 0.8347098214285714 0.5371279761904761 0.22142857142857142 0.11264880952380953
1 0.7343455460700936 0.4652246315192744 0.020521763392857145 0.021577380952380952
0 0.49832589285714285 0.68125 0.8785714285714286 0.10297619047619047
1 0.0645961431241362 0.6073589852607709 0.011049107142857144 0.021577380952380952
