0 0.2806919642857143 0.1974702380952381 0.44285714285714284 0.06607142857142857
1 0.06297304751642037 0.1388420414462081 0.007198660714285714 0.021577380952380952
0 0.2806919642857143 0.2755208333333333 0.44285714285714284 0.16026785714285716
1 0.06489827073070609 0.24939098324514994 0.011049107142857144 0.021577380952380952
0 0.2806919642857143 0.4046875 0.44285714285714284 0.11116071428571428
1 0.0668234939449918 0.35993992504409167 0.014899553571428572 0.021577380952380952
0 0.2806919642857143 0.5915178571428571 0.44285714285714284 0.11041666666666666
1 0.07311534662356323 0.47048886684303354 0.027483258928571428 0.021577380952380952
0 0.2806919642857143 0.6729166666666667 0.44285714285714284 0.04404761904761905
1 0.07401517921284895 0.5810378086419753 0.029282924107142855 0.021577380952380952
0 0.2806919642857143 0.7270089285714286 0.44285714285714284 0.13526785714285713
1 0.07323392921284894 0.6915867504409172 0.027720424107142858 0.021577380952380987
0 0.7237723214285714 0.25535714285714284 0.44285714285714284 0.13779761904761906
1 0.5126861414223348 0.1388420414462081 0.020521763392857145 0.021577380952380952
0 0.7237723214285714 0.353125 0.44285714285714284 0.13452380952380952
1 0.5126861414223348 0.24939098324514994 0.020521763392857145 0.021577380952380952
0 0.7237723214285714 0.4654017857142857 0.44285714285714284 0.1587797619047619
1 0.512700092315192 0.35993992504409167 0.02054966517857143 0.021577380952380952
0 0.7237723214285714 0.5087797619047619 0.44285714285714284 0.14464285714285716
1 0.5126931168687634 0.47048886684303354 0.020535714285714286 0.021577380952380952
0 0.7237723214285714 0.6087053571428571 0.44285714285714284 0.1400297619047619
1 0.5126861414223348 0.5810378086419753 0.020521763392857145 0.021577380952380952
0 0.7237723214285714 0.7336309523809523 0.44285714285714284 0.1488095238095238
1 0.5126861414223348 0.6915867504409172 0.020521763392857145 0.021577380952380987
