0 0.2806919642857143 0.20133928571428572 0.44285714285714284 0.06666666666666667
1 0.06297304751642037 0.1388420414462081 0.007198660714285714 0.021577380952380952
0 0.2806919642857143 0.3061011904761905 0.44285714285714284 0.0943452380952381
1 0.06489827073070609 0.24939098324514994 0.011049107142857144 0.021577380952380952
0 0.2806919642857143 0.4347470238095238 0.44285714285714284 0.04747023809523809
1 0.0668234939449918 0.35993992504409167 0.014899553571428572 0.021577380952380952
0 0.2806919642857143 0.5751488095238095 0.44285714285714284 0.08065476190476191
1 0.07311534662356323 0.47048886684303354 0.027483258928571428 0.021577380952380952
0 0.2806919642857143 0.6586309523809524 0.44285714285714284 0.026785714285714284
1 0.07401517921284895 0.5810378086419753 0.029282924107142855 0.021577380952380952
0 0.2806919642857143 0.7569196428571429 0.44285714285714284 0.06919642857142858
1 0.07323392921284894 0.6915867504409172 0.027720424107142858 0.021577380952380987
0 0.7237723214285714 0.24345238095238095 0.44285714285714284 0.07976190476190476
1 0.5126861414223348 0.1388420414462081 0.020521763392857145 0.021577380952380952
0 0.7237723214285714 0.36629464285714286 0.44285714285714284 0.1462797619047619
1 0.5126861414223348 0.24939098324514994 0.020521763392857145 0.021577380952380952
0 0.7237723214285714 0.4589285714285714 0.44285714285714284 0.11398809523809524
1 0.512700092315192 0.35993992504409167 0.02054966517857143 0.021577380952380952
0 0.7237723214285714 0.5295386904761905 0.44285714285714284 0.09330357142857143
1 0.5126931168687634 0.47048886684303354 0.020535714285714286 0.021577380952380952
0 0.7237723214285714 0.6251488095238096 0.44285714285714284 0.11607142857142858
1 0.5126861414223348 0.5810378086419753 0.020521763392857145 0.021577380952380952
0 0.7237723214285714 0.7372767857142857 0.44285714285714284 0.10461309523809524
1 0.5126861414223348 0.6915867504409172 0.020521763392857145 0.021577380952380987
