0 0.16975446428571428 0.28348214285714285 0.22142857142857142 0.047619047619047616
1 0.06267091990985048 0.18095592403628116 0.007198660714285714 0.021577380952380952
0 0.16975446428571428 0.3904017857142857 0.22142857142857142 0.09776785714285714
1 0.0645961431241362 0.3230902777777778 0.011049107142857144 0.021577380952380952
0 0.16975446428571428 0.5368303571428571 0.22142857142857142 0.07455357142857143
1 0.0665213663384219 0.4652246315192744 0.014899553571428572 0.021577380952380952
0 0.39140625 0.3040922619047619 0.22142857142857142 0.06502976190476191
1 0.2944842439573125 0.18095592403628116 0.027483258928571428 0.021577380952380952
0 0.39140625 0.4418154761904762 0.22142857142857142 0.03630952380952381
1 0.2953840765465982 0.3230902777777778 0.029282924107142855 0.021577380952380952
0 0.39140625 0.5346726190476191 0.22142857142857142 0.08601190476190476
1 0.2946028265465982 0.4652246315192744 0.027720424107142858 0.021577380952380952
0 0.6130580357142857 0.31800595238095236 0.22142857142857142 0.09494047619047619
1 0.5126745211297744 0.18095592403628116 0.020521763392857145 0.021577380952380952
0 0.6130580357142857 0.4552083333333333 0.22142857142857142 0.14791666666666667
1 0.5126745211297744 0.3230902777777778 0.020521763392857145 0.021577380952380952
0 0.6130580357142857 0.5979166666666667 0.22142857142857142 0.1351190476190476
1 0.5126884720226316 0.4652246315192744 0.02054966517857143 0.021577380952380952
0 0.8347098214285714 0.2741071428571429 0.22142857142857142 0.1244047619047619
1 0.7343525215165222 0.18095592403628116 0.020535714285714286 0.021577380952380952
0 0.8347098214285714 0.4103422619047619 0.22142857142857142 0.13199404761904762
1 0.7343455460700936 0.3230902777777778 0.020521763392857145 0.021577380952380952
0 0.8347098214285714 0.5149553571428571 0.22142857142857142 0.12574404761904762
1 0.7343455460700936 0.4652246315192744 0.020521763392857145 0.021577380952380952
0 0.49832589285714285 0.6779761904761905 0.8785714285714286 0.10446428571428572
1 0.0645961431241362 0.6073589852607709 0.011049107142857144 0.021577380952380952
