0 0.2806919642857143 0.19895833333333332 0.44285714285714284 0.07410714285714286
1 0.06297304751642037 0.1388420414462081 0.007198660714285714 0.021577380952380952
0 0.2806919642857143 0.2766369047619048 0.44285714285714284 0.15357142857142858
1 0.06489827073070609 0.24939098324514994 0.011049107142857144 0.021577380952380952
0 0.2806919642857143 0.40200892857142856 0.44285714285714284 0.11264880952380953
1 0.0668234939449918 0.35993992504409167 0.014899553571428572 0.021577380952380952
0 0.2806919642857143 0.5927827380952381 0.44285714285714284 0.11026785714285714
1 0.07311534662356323 0.47048886684303354 0.027483258928571428 0.021577380952380952
0 0.2806919642857143 0.6732886904761904 0.44285714285714284 0.057886904761904764
1 0.07401517921284895 0.5810378086419753 0.029282924107142855 0.021577380952380952
0 0.2806919642857143 0.7273809523809524 0.44285714285714284 0.13095238095238096
1 0.07323392921284894 0.6915867504409172 0.027720424107142858 0.021577380952380987
0 0.7237723214285714 0.2616815476190476 0.44285714285714284 0.13645833333333332
1 0.5126861414223348 0.1388420414462081 0.020521763392857145 0.021577380952380952
0 0.7237723214285714 0.3462797619047619 0.44285714285714284 0.10654761904761904
1 0.5126861414223348 0.24939098324514994 0.020521763392857145 0.021577380952380952
0 0.7237723214285714 0.4876488095238095 0.44285714285714284 0.2675595238095238
1 0.512700092315192 0.35993992504409167 0.02054966517857143 0.021577380952380952
0 0.7237723214285714 0.4694196428571429 0.44285714285714284 0.22098214285714285
1 0.5126931168687634 0.47048886684303354 0.020535714285714286 0.021577380952380952
0 0.7237723214285714 0.5839285714285715 0.44285714285714284 0.20773809523809525
1 0.5126861414223348 0.5810378086419753 0.020521763392857145 0.021577380952380952
0 0.7237723214285714 0.715625 0.44285714285714284 0.18392857142857144
1 0.5126861414223348 0.6915867504409172 0.020521763392857145 0.021577380952380987
