0 0.16975446428571428 0.28177083333333336 0.22142857142857142 0.12604166666666666
1 0.06267091990985048 0.18095592403628116 0.007198660714285714 0.021577380952380952
0 0.16975446428571428 0.3691964285714286 0.22142857142857142 0.21607142857142858
1 0.0645961431241362 0.3230902777777778 0.011049107142857144 0.021577380952380952
0 0.16975446428571428 0.5180803571428572 0.22142857142857142 0.2132440476190476
1 0.0665213663384219 0.4652246315192744 0.014899553571428572 0.021577380952380952
0 0.39140625 0.31160714285714286 0.22142857142857142 0.13958333333333334
1 0.2944842439573125 0.18095592403628116 0.027483258928571428 0.021577380952380952
0 0.39140625 0.4517857142857143 0.22142857142857142 0.13720238095238096
1 0.2953840765465982 0.3230902777777778 0.029282924107142855 0.021577380952380952
0 0.39140625 0.5134672619047619 0.22142857142857142 0.21205357142857142
1 0.2946028265465982 0.4652246315192744 0.027720424107142858 0.021577380952380952
0 0.6130580357142857 0.2883184523809524 0.22142857142857142 0.15104166666666666
1 0.5126745211297744 0.18095592403628116 0.020521763392857145 0.021577380952380952
0 0.6130580357142857 0.3880208333333333 0.22142857142857142 0.23913690476190477
1 0.5126745211297744 0.3230902777777778 0.020521763392857145 0.021577380952380952
0 0.6130580357142857 0.559672619047619 0.22142857142857142 0.05863095238095238
1 0.5126884720226316 0.4652246315192744 0.02054966517857143 0.021577380952380952
0 0.8347098214285714 0.19523809523809524 0.22142857142857142 0.30416666666666664
1 0.7343525215165222 0.18095592403628116 0.020535714285714286 0.021577380952380952
0 0.8347098214285714 0.3723214285714286 0.22142857142857142 0.2
1 0.7343455460700936 0.3230902777777778 0.020521763392857145 0.021577380952380952
0 0.8347098214285714 0.5232142857142857 0.22142857142857142 0.16815476190476192
1 0.7343455460700936 0.4652246315192744 0.020521763392857145 0.021577380952380952
0 0.49832589285714285 0.6513392857142857 0.8785714285714286 0.22053571428571428
1 0.0645961431241362 0.6073589852607709 0.011049107142857144 0.021577380952380952
