0 0.2806919642857143 0.21138392857142857 0.44285714285714284 0.033482142857142856
1 0.06297304751642037 0.1388420414462081 0.007198660714285714 0.021577380952380952
0 0.2806919642857143 0.30505952380952384 0.44285714285714284 0.07797619047619048
1 0.06489827073070609 0.24939098324514994 0.011049107142857144 0.021577380952380952
0 0.2806919642857143 0.42938988095238095 0.44285714285714284 0.06086309523809524
1 0.0668234939449918 0.35993992504409167 0.014899553571428572 0.021577380952380952
0 0.2806919642857143 0.5709077380952381 0.44285714285714284 0.053422619047619045
1 0.07311534662356323 0.47048886684303354 0.027483258928571428 0.021577380952380952
0 0.2806919642857143 0.6602678571428572 0.44285714285714284 0.02857142857142857
1 0.07401517921284895 0.5810378086419753 0.029282924107142855 0.021577380952380952
0 0.2806919642857143 0.7526041666666666 0.44285714285714284 0.0662202380952381
1 0.07323392921284894 0.6915867504409172 0.027720424107142858 0.021577380952380987
0 0.7237723214285714 0.2412202380952381 0.44285714285714284 0.06904761904761905
1 0.5126861414223348 0.1388420414462081 0.020521763392857145 0.021577380952380952
0 0.7237723214285714 0.3444196428571429 0.44285714285714284 0.08169642857142857
1 0.5126861414223348 0.24939098324514994 0.020521763392857145 0.021577380952380952
0 0.7237723214285714 0.4454613095238095 0.44285714285714284 0.10639880952380952
1 0.512700092315192 0.35993992504409167 0.02054966517857143 0.021577380952380952
0 0.7237723214285714 0.5520089285714286 0.44285714285714284 0.09508928571428571
1 0.5126931168687634 0.47048886684303354 0.020535714285714286 0.021577380952380952
0 0.7237723214285714 0.637797619047619 0.44285714285714284 0.12470238095238095
1 0.5126861414223348 0.5810378086419753 0.020521763392857145 0.021577380952380952
0 0.7237723214285714 0.7354166666666667 0.44285714285714284 0.10684523809523809
1 0.5126861414223348 0.6915867504409172 0.020521763392857145 0.021577380952380987
