0 0.16975446428571428 0.2662202380952381 0.22142857142857142 0.07053571428571428
1 0.06267091990985048 0.18095592403628116 0.007198660714285714 0.021577380952380952
0 0.16975446428571428 0.4485863095238095 0.22142857142857142 0.096875
1 0.0645961431241362 0.3230902777777778 0.011049107142857144 0.021577380952380952
0 0.16975446428571428 0.6067708333333334 0.22142857142857142 0.12455357142857143
1 0.0665213663384219 0.4652246315192744 0.014899553571428572 0.021577380952380952
0 0.39140625 0.2775297619047619 0.22142857142857142 0.058333333333333334
1 0.2944842439573125 0.18095592403628116 0.027483258928571428 0.021577380952380952
0 0.39140625 0.39791666666666664 0.22142857142857142 0.09702380952380953
1 0.2953840765465982 0.3230902777777778 0.029282924107142855 0.021577380952380952
0 0.39140625 0.599032738095238 0.22142857142857142 0.10550595238095238
1 0.2946028265465982 0.4652246315192744 0.027720424107142858 0.021577380952380952
0 0.6130580357142857 0.2857142857142857 0.22142857142857142 0.046130952380952384
1 0.5126745211297744 0.18095592403628116 0.020521763392857145 0.021577380952380952
0 0.6130580357142857 0.4173363095238095 0.22142857142857142 0.057291666666666664
1 0.5126745211297744 0.3230902777777778 0.020521763392857145 0.021577380952380952
0 0.6130580357142857 0.6024553571428571 0.22142857142857142 0.165625
1 0.5126884720226316 0.4652246315192744 0.02054966517857143 0.021577380952380952
0 0.8347098214285714 0.30572916666666666 0.22142857142857142 0.14419642857142856
1 0.7343525215165222 0.18095592403628116 0.020535714285714286 0.021577380952380952
0 0.8347098214285714 0.4407738095238095 0.22142857142857142 0.10238095238095238
1 0.7343455460700936 0.3230902777777778 0.020521763392857145 0.021577380952380952
0 0.8347098214285714 0.5797619047619048 0.22142857142857142 0.07321428571428572
1 0.7343455460700936 0.4652246315192744 0.020521763392857145 0.021577380952380952
0 0.49832589285714285 0.7296875 0.8785714285714286 0.11056547619047619
1 0.0645961431241362 0.6073589852607709 0.011049107142857144 0.021577380952380952
