0 0.2806919642857143 0.20297619047619048 0.44285714285714284 0.0693452380952381
1 0.06297304751642037 0.1388420414462081 0.007198660714285714 0.021577380952380952
0 0.2806919642857143 0.2936755952380952 0.44285714285714284 0.10699404761904761
1 0.06489827073070609 0.24939098324514994 0.011049107142857144 0.021577380952380952
0 0.2806919642857143 0.42410714285714285 0.44285714285714284 0.07946428571428571
1 0.0668234939449918 0.35993992504409167 0.014899553571428572 0.021577380952380952
0 0.2806919642857143 0.5790922619047619 0.44285714285714284 0.084375
1 0.07311534662356323 0.47048886684303354 0.027483258928571428 0.021577380952380952
0 0.2806919642857143 0.6552827380952381 0.44285714285714284 0.04241071428571429
1 0.07401517921284895 0.5810378086419753 0.029282924107142855 0.021577380952380952
0 0.2806919642857143 0.741889880952381 0.44285714285714284 0.08526785714285715
1 0.07323392921284894 0.6915867504409172 0.027720424107142858 0.021577380952380987
0 0.7237723214285714 0.27172619047619045 0.44285714285714284 0.17232142857142857
1 0.5126861414223348 0.1388420414462081 0.020521763392857145 0.021577380952380952
0 0.7237723214285714 0.43348214285714287 0.44285714285714284 0.3827380952380952
1 0.5126861414223348 0.24939098324514994 0.020521763392857145 0.021577380952380952
0 0.7237723214285714 0.44910714285714287 0.44285714285714284 0.20416666666666666
1 0.512700092315192 0.35993992504409167 0.02054966517857143 0.021577380952380952
0 0.7237723214285714 0.4763392857142857 0.44285714285714284 0.2199404761904762
1 0.5126931168687634 0.47048886684303354 0.020535714285714286 0.021577380952380952
0 0.7237723214285714 0.6066964285714286 0.44285714285714284 0.1761904761904762
1 0.5126861414223348 0.5810378086419753 0.020521763392857145 0.021577380952380952
0 0.7237723214285714 0.7254464285714286 0.44285714285714284 0.16101190476190477
1 0.5126861414223348 0.6915867504409172 0.020521763392857145 0.021577380952380987
