0 0.16975446428571428 0.26458333333333334 0.22142857142857142 0.08630952380952381
1 0.06267091990985048 0.18095592403628116 0.007198660714285714 0.021577380952380952
0 0.16975446428571428 0.41711309523809526 0.22142857142857142 0.12410714285714286
1 0.0645961431241362 0.3230902777777778 0.011049107142857144 0.021577380952380952
0 0.16975446428571428 0.5754464285714286 0.22142857142857142 0.07976190476190476
1 0.0665213663384219 0.4652246315192744 0.014899553571428572 0.021577380952380952
0 0.39140625 0.29784226190476193 0.22142857142857142 0.1037202380952381
1 0.2944842439573125 0.18095592403628116 0.027483258928571428 0.021577380952380952
0 0.39140625 0.4197172619047619 0.22142857142857142 0.05818452380952381
1 0.2953840765465982 0.3230902777777778 0.029282924107142855 0.021577380952380952
0 0.39140625 0.5710565476190477 0.22142857142857142 0.09330357142857143
1 0.2946028265465982 0.4652246315192744 0.027720424107142858 0.021577380952380952
0 0.6130580357142857 0.28742559523809524 0.22142857142857142 0.07991071428571428
1 0.5126745211297744 0.18095592403628116 0.020521763392857145 0.021577380952380952
0 0.6130580357142857 0.4197916666666667 0.22142857142857142 0.17261904761904762
1 0.5126745211297744 0.3230902777777778 0.020521763392857145 0.021577380952380952
0 0.6130580357142857 0.5711309523809524 0.22142857142857142 0.20297619047619048
1 0.5126884720226316 0.4652246315192744 0.02054966517857143 0.021577380952380952
0 0.8347098214285714 0.2514136904761905 0.22142857142857142 0.2037202380952381
1 0.7343525215165222 0.18095592403628116 0.020535714285714286 0.021577380952380952
0 0.8347098214285714 0.3983630952380952 0.22142857142857142 0.16875
1 0.7343455460700936 0.3230902777777778 0.020521763392857145 0.021577380952380952
0 0.8347098214285714 0.5399553571428571 0.22142857142857142 0.14032738095238095
1 0.7343455460700936 0.4652246315192744 0.020521763392857145 0.021577380952380952
0 0.49832589285714285 0.7005208333333334 0.8785714285714286 0.13139880952380953
1 0.0645961431241362 0.6073589852607709 0.011049107142857144 0.021577380952380952
