0 0.2806919642857143 0.20386904761904762 0.44285714285714284 0.05386904761904762
1 0.06297304751642037 0.1388420414462081 0.007198660714285714 0.021577380952380952
0 0.2806919642857143 0.3126488095238095 0.44285714285714284 0.09702380952380953
1 0.06489827073070609 0.24939098324514994 0.011049107142857144 0.021577380952380952
0 0.2806919642857143 0.43697916666666664 0.44285714285714284 0.060267857142857144
1 0.0668234939449918 0.35993992504409167 0.014899553571428572 0.021577380952380952
0 0.2806919642857143 0.5691964285714286 0.44285714285714284 0.07023809523809524
1 0.07311534662356323 0.47048886684303354 0.027483258928571428 0.021577380952380952
0 0.2806919642857143 0.6622767857142857 0.44285714285714284 0.04389880952380952
1 0.07401517921284895 0.5810378086419753 0.029282924107142855 0.021577380952380952
0 0.2806919642857143 0.7619047619047619 0.44285714285714284 0.07738095238095238
1 0.07323392921284894 0.6915867504409172 0.027720424107142858 0.021577380952380987
0 0.7237723214285714 0.24888392857142858 0.44285714285714284 0.11324404761904762
1 0.5126861414223348 0.1388420414462081 0.020521763392857145 0.021577380952380952
0 0.7237723214285714 0.3729166666666667 0.44285714285714284 0.16398809523809524
1 0.5126861414223348 0.24939098324514994 0.020521763392857145 0.021577380952380952
0 0.7237723214285714 0.43452380952380953 0.44285714285714284 0.06160714285714286
1 0.512700092315192 0.35993992504409167 0.02054966517857143 0.021577380952380952
0 0.7237723214285714 0.5148809523809523 0.44285714285714284 0.12589285714285714
1 0.5126931168687634 0.47048886684303354 0.020535714285714286 0.021577380952380952
0 0.7237723214285714 0.6297619047619047 0.44285714285714284 0.10654761904761904
1 0.5126861414223348 0.5810378086419753 0.020521763392857145 0.021577380952380952
0 0.7237723214285714 0.7414434523809523 0.44285714285714284 0.09836309523809524
1 0.5126861414223348 0.6915867504409172 0.020521763392857145 0.021577380952380987
