0 0.16975446428571428 0.265625 0.22142857142857142 0.050595238095238096
1 0.06267091990985048 0.18095592403628116 0.007198660714285714 0.021577380952380952
0 0.16975446428571428 0.38571428571428573 0.22142857142857142 0.14077380952380952
1 0.0645961431241362 0.3230902777777778 0.011049107142857144 0.021577380952380952
0 0.16975446428571428 0.5511160714285714 0.22142857142857142 0.109375
1 0.0665213663384219 0.4652246315192744 0.014899553571428572 0.021577380952380952
0 0.39140625 0.3151041666666667 0.22142857142857142 0.0918154761904762
1 0.2944842439573125 0.18095592403628116 0.027483258928571428 0.021577380952380952
0 0.39140625 0.42299107142857145 0.22142857142857142 0.04836309523809524
1 0.2953840765465982 0.3230902777777778 0.029282924107142855 0.021577380952380952
0 0.39140625 0.5398809523809524 0.22142857142857142 0.1244047619047619
1 0.2946028265465982 0.4652246315192744 0.027720424107142858 0.021577380952380952
0 0.6130580357142857 0.31986607142857143 0.22142857142857142 0.11770833333333333
1 0.5126745211297744 0.18095592403628116 0.020521763392857145 0.021577380952380952
0 0.6130580357142857 0.4390625 0.22142857142857142 0.08139880952380953
1 0.5126745211297744 0.3230902777777778 0.020521763392857145 0.021577380952380952
0 0.6130580357142857 0.5436011904761905 0.22142857142857142 0.26279761904761906
1 0.5126884720226316 0.4652246315192744 0.02054966517857143 0.021577380952380952
0 0.8347098214285714 0.2175595238095238 0.22142857142857142 0.2598214285714286
1 0.7343525215165222 0.18095592403628116 0.020535714285714286 0.021577380952380952
0 0.8347098214285714 0.37120535714285713 0.22142857142857142 0.15252976190476192
1 0.7343455460700936 0.3230902777777778 0.020521763392857145 0.021577380952380952
0 0.8347098214285714 0.5318452380952381 0.22142857142857142 0.10803571428571429
1 0.7343455460700936 0.4652246315192744 0.020521763392857145 0.021577380952380952
0 0.49832589285714285 0.6626488095238096 0.8785714285714286 0.1556547619047619
1 0.0645961431241362 0.6073589852607709 0.011049107142857144 0.021577380952380952
