0 0.5022879464285714 0.12247023809523809 0.8856026785714286 0.04017857142857143
1 0.0631253166160081 0.07988260582010584 0.007198660714285714 0.021577380952380952
0 0.5022879464285714 0.19084821428571427 0.8856026785714286 0.0644345238095238
1 0.06505053983029382 0.1462119708994709 0.011049107142857144 0.021577380952380952
0 0.5022879464285714 0.26919642857142856 0.8856026785714286 0.04017857142857143
1 0.06697576304457953 0.21254133597883595 0.014899553571428572 0.021577380952380952
0 0.5022879464285714 0.34188988095238093 0.8856026785714286 0.04717261904761905
1 0.07326761572315096 0.27887070105820105 0.027483258928571428 0.021577380952380952
0 0.5022879464285714 0.39427083333333335 0.8856026785714286 0.028720238095238094
1 0.07416744831243667 0.3452000661375661 0.029282924107142855 0.021577380952380952
0 0.5022879464285714 0.4625 0.8856026785714286 0.05178571428571429
1 0.07338619831243667 0.41152943121693125 0.027720424107142858 0.021577380952380952
0 0.5022879464285714 0.5489583333333333 0.8856026785714286 0.07321428571428572
1 0.06978686795529382 0.4778587962962963 0.020521763392857145 0.021577380952380952
0 0.5022879464285714 0.6095238095238096 0.8856026785714286 0.06666666666666667
1 0.06978686795529382 0.5441881613756614 0.020521763392857145 0.021577380952380952
0 0.5022879464285714 0.6649553571428571 0.8856026785714286 0.05907738095238095
1 0.06980081884815097 0.6105175264550264 0.02054966517857143 0.021577380952380952
0 0.5022879464285714 0.7116815476190477 0.8856026785714286 0.08199404761904762
1 0.06979384340172239 0.6768468915343916 0.020535714285714286 0.021577380952380952
0 0.5022879464285714 0.7763392857142857 0.8856026785714286 0.07351190476190476
1 0.06978686795529382 0.7431762566137565 0.020521763392857145 0.021577380952380952
0 0.5022879464285714 0.8441964285714286 0.8856026785714286 0.059226190476190474
1 0.06978686795529382 0.8095056216931217 0.020521763392857145 0.021577380952380952
