0 0.2806919642857143 0.1878720238095238 0.44285714285714284 0.09598214285714286
1 0.06297304751642037 0.1388420414462081 0.007198660714285714 0.021577380952380952
0 0.2806919642857143 0.31800595238095236 0.44285714285714284 0.07648809523809524
1 0.06489827073070609 0.24939098324514994 0.011049107142857144 0.021577380952380952
0 0.2806919642857143 0.4608630952380952 0.44285714285714284 0.06428571428571428
1 0.0668234939449918 0.35993992504409167 0.014899553571428572 0.021577380952380952
0 0.2806919642857143 0.5776785714285714 0.44285714285714284 0.08065476190476191
1 0.07311534662356323 0.47048886684303354 0.027483258928571428 0.021577380952380952
0 0.2806919642857143 0.6395833333333333 0.44285714285714284 0.07529761904761904
1 0.07401517921284895 0.5810378086419753 0.029282924107142855 0.021577380952380952
0 0.2806919642857143 0.7808779761904762 0.44285714285714284 0.04627976190476191
1 0.07323392921284894 0.6915867504409172 0.027720424107142858 0.021577380952380987
0 0.7237723214285714 0.256547619047619 0.44285714285714284 0.11636904761904762
1 0.5126861414223348 0.1388420414462081 0.020521763392857145 0.021577380952380952
0 0.7237723214285714 0.36666666666666664 0.44285714285714284 0.19732142857142856
1 0.5126861414223348 0.24939098324514994 0.020521763392857145 0.021577380952380952
0 0.7237723214285714 0.44375 0.44285714285714284 0.18720238095238095
1 0.512700092315192 0.35993992504409167 0.02054966517857143 0.021577380952380952
0 0.7237723214285714 0.5279017857142857 0.44285714285714284 0.18377976190476192
1 0.5126931168687634 0.47048886684303354 0.020535714285714286 0.021577380952380952
0 0.7237723214285714 0.6227678571428571 0.44285714285714284 0.1386904761904762
1 0.5126861414223348 0.5810378086419753 0.020521763392857145 0.021577380952380952
0 0.7237723214285714 0.7367559523809524 0.44285714285714284 0.09821428571428571
1 0.5126861414223348 0.6915867504409172 0.020521763392857145 0.021577380952380987
