0 0.16975446428571428 0.2819940476190476 0.22142857142857142 0.08452380952380953
1 0.06267091990985048 0.18095592403628116 0.007198660714285714 0.021577380952380952
0 0.16975446428571428 0.38779761904761906 0.22142857142857142 0.12678571428571428
1 0.0645961431241362 0.3230902777777778 0.011049107142857144 0.021577380952380952
0 0.16975446428571428 0.5392857142857143 0.22142857142857142 0.07351190476190476
1 0.0665213663384219 0.4652246315192744 0.014899553571428572 0.021577380952380952
0 0.39140625 0.3055059523809524 0.22142857142857142 0.10357142857142858
1 0.2944842439573125 0.18095592403628116 0.027483258928571428 0.021577380952380952
0 0.39140625 0.4425595238095238 0.22142857142857142 0.044642857142857144
1 0.2953840765465982 0.3230902777777778 0.029282924107142855 0.021577380952380952
0 0.39140625 0.5332589285714285 0.22142857142857142 0.09122023809523809
1 0.2946028265465982 0.4652246315192744 0.027720424107142858 0.021577380952380952
0 0.6130580357142857 0.3080357142857143 0.22142857142857142 0.1306547619047619
1 0.5126745211297744 0.18095592403628116 0.020521763392857145 0.021577380952380952
0 0.6130580357142857 0.43921130952380955 0.22142857142857142 0.0831845238095238
1 0.5126745211297744 0.3230902777777778 0.020521763392857145 0.021577380952380952
0 0.6130580357142857 0.5334077380952381 0.22142857142857142 0.13883928571428572
1 0.5126884720226316 0.4652246315192744 0.02054966517857143 0.021577380952380952
0 0.8347098214285714 0.2318452380952381 0.22142857142857142 0.1431547619047619
1 0.7343525215165222 0.18095592403628116 0.020535714285714286 0.021577380952380952
0 0.8347098214285714 0.37596726190476193 0.22142857142857142 0.11651785714285715
1 0.7343455460700936 0.3230902777777778 0.020521763392857145 0.021577380952380952
0 0.8347098214285714 0.5285714285714286 0.22142857142857142 0.09345238095238095
1 0.7343455460700936 0.4652246315192744 0.020521763392857145 0.021577380952380952
0 0.49832589285714285 0.6578125 0.8785714285714286 0.15520833333333334
1 0.0645961431241362 0.6073589852607709 0.011049107142857144 0.021577380952380952
