0 0.2806919642857143 0.20461309523809523 0.44285714285714284 0.09166666666666666
1 0.06297304751642037 0.1388420414462081 0.007198660714285714 0.021577380952380952
0 0.2806919642857143 0.31532738095238094 0.44285714285714284 0.06845238095238096
1 0.06489827073070609 0.24939098324514994 0.011049107142857144 0.021577380952380952
0 0.2806919642857143 0.4390625 0.44285714285714284 0.04717261904761905
1 0.0668234939449918 0.35993992504409167 0.014899553571428572 0.021577380952380952
0 0.2806919642857143 0.5709077380952381 0.44285714285714284 0.07604166666666666
1 0.07311534662356323 0.47048886684303354 0.027483258928571428 0.021577380952380952
0 0.2806919642857143 0.657514880952381 0.44285714285714284 0.065625
1 0.07401517921284895 0.5810378086419753 0.029282924107142855 0.021577380952380952
0 0.2806919642857143 0.7698660714285714 0.44285714285714284 0.03616071428571429
1 0.07323392921284894 0.6915867504409172 0.027720424107142858 0.021577380952380987
0 0.7237723214285714 0.20520833333333333 0.44285714285714284 0.06726190476190476
1 0.5126861414223348 0.1388420414462081 0.020521763392857145 0.021577380952380952
0 0.7237723214285714 0.31979166666666664 0.44285714285714284 0.060714285714285714
1 0.5126861414223348 0.24939098324514994 0.020521763392857145 0.021577380952380952
0 0.7237723214285714 0.42529761904761904 0.44285714285714284 0.09583333333333334
1 0.512700092315192 0.35993992504409167 0.02054966517857143 0.021577380952380952
0 0.7237723214285714 0.5408482142857143 0.44285714285714284 0.056398809523809525
1 0.5126931168687634 0.47048886684303354 0.020535714285714286 0.021577380952380952
0 0.7237723214285714 0.6441964285714286 0.44285714285714284 0.09255952380952381
1 0.5126861414223348 0.5810378086419753 0.020521763392857145 0.021577380952380952
0 0.7237723214285714 0.7494047619047619 0.44285714285714284 0.09285714285714286
1 0.5126861414223348 0.6915867504409172 0.020521763392857145 0.021577380952380987
