0 0.16975446428571428 0.25111607142857145 0.22142857142857142 0.12157738095238095
1 0.06267091990985048 0.18095592403628116 0.007198660714285714 0.021577380952380952
0 0.16975446428571428 0.4348958333333333 0.22142857142857142 0.07514880952380952
1 0.0645961431241362 0.3230902777777778 0.011049107142857144 0.021577380952380952
0 0.16975446428571428 0.6050595238095238 0.22142857142857142 0.12053571428571429
1 0.0665213663384219 0.4652246315192744 0.014899553571428572 0.021577380952380952
0 0.39140625 0.29538690476190477 0.22142857142857142 0.07708333333333334
1 0.2944842439573125 0.18095592403628116 0.027483258928571428 0.021577380952380952
0 0.39140625 0.3894345238095238 0.22142857142857142 0.11666666666666667
1 0.2953840765465982 0.3230902777777778 0.029282924107142855 0.021577380952380952
0 0.39140625 0.5912946428571428 0.22142857142857142 0.08735119047619047
1 0.2946028265465982 0.4652246315192744 0.027720424107142858 0.021577380952380952
0 0.6130580357142857 0.2927827380952381 0.22142857142857142 0.08973214285714286
1 0.5126745211297744 0.18095592403628116 0.020521763392857145 0.021577380952380952
0 0.6130580357142857 0.4290922619047619 0.22142857142857142 0.08169642857142857
1 0.5126745211297744 0.3230902777777778 0.020521763392857145 0.021577380952380952
0 0.6130580357142857 0.5723214285714285 0.22142857142857142 0.1425595238095238
1 0.5126884720226316 0.4652246315192744 0.02054966517857143 0.021577380952380952
0 0.8347098214285714 0.24203869047619048 0.22142857142857142 0.16979166666666667
1 0.7343525215165222 0.18095592403628116 0.020535714285714286 0.021577380952380952
0 0.8347098214285714 0.404985119047619 0.22142857142857142 0.13467261904761904
1 0.7343455460700936 0.3230902777777778 0.020521763392857145 0.021577380952380952
0 0.8347098214285714 0.5473958333333333 0.22142857142857142 0.08556547619047619
1 0.7343455460700936 0.4652246315192744 0.020521763392857145 0.021577380952380952
0 0.49832589285714285 0.7283482142857143 0.8785714285714286 0.09717261904761905
1 0.0645961431241362 0.6073589852607709 0.011049107142857144 0.021577380952380952
