0 0.5022879464285714 0.12321428571428572 0.8856026785714286 0.05505952380952381
1 0.0631253166160081 0.07988260582010584 0.007198660714285714 0.021577380952380952
0 0.5022879464285714 0.19903273809523808 0.8856026785714286 0.04241071428571429
1 0.06505053983029382 0.1462119708994709 0.011049107142857144 0.021577380952380952
0 0.5022879464285714 0.26986607142857144 0.8856026785714286 0.034375
1 0.06697576304457953 0.21254133597883595 0.014899553571428572 0.021577380952380952
0 0.5022879464285714 0.3361607142857143 0.8856026785714286 0.04732142857142857
1 0.07326761572315096 0.27887070105820105 0.027483258928571428 0.021577380952380952
0 0.5022879464285714 0.38913690476190477 0.8856026785714286 0.03898809523809524
1 0.07416744831243667 0.3452000661375661 0.029282924107142855 0.021577380952380952
0 0.5022879464285714 0.46436011904761904 0.8856026785714286 0.03080357142857143
1 0.07338619831243667 0.41152943121693125 0.027720424107142858 0.021577380952380952
0 0.5022879464285714 0.5342261904761905 0.8856026785714286 0.029464285714285714
1 0.06978686795529382 0.4778587962962963 0.020521763392857145 0.021577380952380952
0 0.5022879464285714 0.5857886904761904 0.8856026785714286 0.13883928571428572
1 0.06978686795529382 0.5441881613756614 0.020521763392857145 0.021577380952380952
0 0.5022879464285714 0.6546130952380952 0.8856026785714286 0.1244047619047619
1 0.06980081884815097 0.6105175264550264 0.02054966517857143 0.021577380952380952
0 0.5022879464285714 0.7193452380952381 0.8856026785714286 0.13482142857142856
1 0.06979384340172239 0.6768468915343916 0.020535714285714286 0.021577380952380952
0 0.5022879464285714 0.7864583333333334 0.8856026785714286 0.12083333333333333
1 0.06978686795529382 0.7431762566137565 0.020521763392857145 0.021577380952380952
0 0.5022879464285714 0.8534226190476191 0.8856026785714286 0.11160714285714286
1 0.06978686795529382 0.8095056216931217 0.020521763392857145 0.021577380952380952
