0 0.16975446428571428 0.23958333333333334 0.22142857142857142 0.12202380952380952
1 0.06267091990985048 0.18095592403628116 0.007198660714285714 0.021577380952380952
0 0.16975446428571428 0.43861607142857145 0.22142857142857142 0.11235119047619048
1 0.0645961431241362 0.3230902777777778 0.011049107142857144 0.021577380952380952
0 0.16975446428571428 0.5977678571428572 0.22142857142857142 0.1306547619047619
1 0.0665213663384219 0.4652246315192744 0.014899553571428572 0.021577380952380952
0 0.39140625 0.29642857142857143 0.22142857142857142 0.10863095238095238
1 0.2944842439573125 0.18095592403628116 0.027483258928571428 0.021577380952380952
0 0.39140625 0.3906994047619048 0.22142857142857142 0.12217261904761904
1 0.2953840765465982 0.3230902777777778 0.029282924107142855 0.021577380952380952
0 0.39140625 0.5913690476190476 0.22142857142857142 0.10833333333333334
1 0.2946028265465982 0.4652246315192744 0.027720424107142858 0.021577380952380952
0 0.6130580357142857 0.3104910714285714 0.22142857142857142 0.1299107142857143
1 0.5126745211297744 0.18095592403628116 0.020521763392857145 0.021577380952380952
0 0.6130580357142857 0.49583333333333335 0.22142857142857142 0.1949404761904762
1 0.5126745211297744 0.3230902777777778 0.020521763392857145 0.021577380952380952
0 0.6130580357142857 0.6234375 0.22142857142857142 0.17038690476190477
1 0.5126884720226316 0.4652246315192744 0.02054966517857143 0.021577380952380952
0 0.8347098214285714 0.32388392857142856 0.22142857142857142 0.17336309523809523
1 0.7343525215165222 0.18095592403628116 0.020535714285714286 0.021577380952380952
0 0.8347098214285714 0.42931547619047616 0.22142857142857142 0.18958333333333333
1 0.7343455460700936 0.3230902777777778 0.020521763392857145 0.021577380952380952
0 0.8347098214285714 0.5699404761904762 0.22142857142857142 0.1357142857142857
1 0.7343455460700936 0.4652246315192744 0.020521763392857145 0.021577380952380952
0 0.49832589285714285 0.7299107142857143 0.8785714285714286 0.12648809523809523
1 0.0645961431241362 0.6073589852607709 0.011049107142857144 0.021577380952380952
