0 0.2806919642857143 0.18489583333333334 0.44285714285714284 0.1212797619047619
1 0.06297304751642037 0.1388420414462081 0.007198660714285714 0.021577380952380952
0 0.2806919642857143 0.3040922619047619 0.44285714285714284 0.08288690476190476
1 0.06489827073070609 0.24939098324514994 0.011049107142857144 0.021577380952380952
0 0.2806919642857143 0.4497767857142857 0.44285714285714284 0.05193452380952381
1 0.0668234939449918 0.35993992504409167 0.014899553571428572 0.021577380952380952
0 0.2806919642857143 0.5848214285714286 0.44285714285714284 0.10119047619047619
1 0.07311534662356323 0.47048886684303354 0.027483258928571428 0.021577380952380952
0 0.2806919642857143 0.6422619047619048 0.44285714285714284 0.08482142857142858
1 0.07401517921284895 0.5810378086419753 0.029282924107142855 0.021577380952380952
0 0.2806919642857143 0.7636160714285715 0.44285714285714284 0.03913690476190476
1 0.07323392921284894 0.6915867504409172 0.027720424107142858 0.021577380952380987
0 0.7237723214285714 0.2527529761904762 0.44285714285714284 0.11860119047619047
1 0.5126861414223348 0.1388420414462081 0.020521763392857145 0.021577380952380952
0 0.7237723214285714 0.3607886904761905 0.44285714285714284 0.15163690476190475
1 0.5126861414223348 0.24939098324514994 0.020521763392857145 0.021577380952380952
0 0.7237723214285714 0.4460565476190476 0.44285714285714284 0.128125
1 0.512700092315192 0.35993992504409167 0.02054966517857143 0.021577380952380952
0 0.7237723214285714 0.5211309523809524 0.44285714285714284 0.12976190476190477
1 0.5126931168687634 0.47048886684303354 0.020535714285714286 0.021577380952380952
0 0.7237723214285714 0.6121279761904762 0.44285714285714284 0.14717261904761905
1 0.5126861414223348 0.5810378086419753 0.020521763392857145 0.021577380952380952
0 0.7237723214285714 0.7146577380952381 0.44285714285714284 0.196875
1 0.5126861414223348 0.6915867504409172 0.020521763392857145 0.021577380952380987
