0 0.2806919642857143 0.20386904761904762 0.44285714285714284 0.06458333333333334
1 0.06297304751642037 0.1388420414462081 0.007198660714285714 0.021577380952380952
0 0.2806919642857143 0.31614583333333335 0.44285714285714284 0.06294642857142857
1 0.06489827073070609 0.24939098324514994 0.011049107142857144 0.021577380952380952
0 0.2806919642857143 0.43846726190476193 0.44285714285714284 0.033482142857142856
1 0.0668234939449918 0.35993992504409167 0.014899553571428572 0.021577380952380952
0 0.2806919642857143 0.570014880952381 0.44285714285714284 0.061755952380952384
1 0.07311534662356323 0.47048886684303354 0.027483258928571428 0.021577380952380952
0 0.2806919642857143 0.6579613095238095 0.44285714285714284 0.043601190476190474
1 0.07401517921284895 0.5810378086419753 0.029282924107142855 0.021577380952380952
0 0.2806919642857143 0.7663690476190477 0.44285714285714284 0.042261904761904764
1 0.07323392921284894 0.6915867504409172 0.027720424107142858 0.021577380952380987
0 0.7237723214285714 0.2366815476190476 0.44285714285714284 0.06145833333333333
1 0.5126861414223348 0.1388420414462081 0.020521763392857145 0.021577380952380952
0 0.7237723214285714 0.3651785714285714 0.44285714285714284 0.13958333333333334
1 0.5126861414223348 0.24939098324514994 0.020521763392857145 0.021577380952380952
0 0.7237723214285714 0.4732886904761905 0.44285714285714284 0.13645833333333332
1 0.512700092315192 0.35993992504409167 0.02054966517857143 0.021577380952380952
0 0.7237723214285714 0.53125 0.44285714285714284 0.15446428571428572
1 0.5126931168687634 0.47048886684303354 0.020535714285714286 0.021577380952380952
0 0.7237723214285714 0.6192708333333333 0.44285714285714284 0.1680059523809524
1 0.5126861414223348 0.5810378086419753 0.020521763392857145 0.021577380952380952
0 0.7237723214285714 0.7420386904761904 0.44285714285714284 0.13199404761904762
1 0.5126861414223348 0.6915867504409172 0.020521763392857145 0.021577380952380987
