0 0.16975446428571428 0.24077380952380953 0.22142857142857142 0.14285714285714285
1 0.06267091990985048 0.18095592403628116 0.007198660714285714 0.021577380952380952
0 0.16975446428571428 0.3982886904761905 0.22142857142857142 0.0956845238095238
1 0.0645961431241362 0.3230902777777778 0.011049107142857144 0.021577380952380952
0 0.16975446428571428 0.5789434523809524 0.22142857142857142 0.07931547619047619
1 0.0665213663384219 0.4652246315192744 0.014899553571428572 0.021577380952380952
0 0.39140625 0.3196428571428571 0.22142857142857142 0.11041666666666666
1 0.2944842439573125 0.18095592403628116 0.027483258928571428 0.021577380952380952
0 0.39140625 0.39806547619047616 0.22142857142857142 0.10863095238095238
1 0.2953840765465982 0.3230902777777778 0.029282924107142855 0.021577380952380952
0 0.39140625 0.5645833333333333 0.22142857142857142 0.04642857142857143
1 0.2946028265465982 0.4652246315192744 0.027720424107142858 0.021577380952380952
0 0.6130580357142857 0.2953125 0.22142857142857142 0.1617559523809524
1 0.5126745211297744 0.18095592403628116 0.020521763392857145 0.021577380952380952
0 0.6130580357142857 0.3945684523809524 0.22142857142857142 0.2668154761904762
1 0.5126745211297744 0.3230902777777778 0.020521763392857145 0.021577380952380952
0 0.6130580357142857 0.4023809523809524 0.22142857142857142 0.544047619047619
1 0.5126884720226316 0.4652246315192744 0.02054966517857143 0.021577380952380952
0 0.8347098214285714 0.21436011904761904 0.22142857142857142 0.35401785714285716
1 0.7343525215165222 0.18095592403628116 0.020535714285714286 0.021577380952380952
0 0.8347098214285714 0.30572916666666666 0.22142857142857142 0.3638392857142857
1 0.7343455460700936 0.3230902777777778 0.020521763392857145 0.021577380952380952
0 0.8347098214285714 0.48779761904761904 0.22142857142857142 0.21785714285714286
1 0.7343455460700936 0.4652246315192744 0.020521763392857145 0.021577380952380952
0 0.49832589285714285 0.6764136904761905 0.8785714285714286 0.10788690476190477
1 0.0645961431241362 0.6073589852607709 0.011049107142857144 0.021577380952380952
