0 0.2806919642857143 0.19933035714285716 0.44285714285714284 0.06324404761904762
1 0.06297304751642037 0.1388420414462081 0.007198660714285714 0.021577380952380952
0 0.2806919642857143 0.2944940476190476 0.44285714285714284 0.11071428571428571
1 0.06489827073070609 0.24939098324514994 0.011049107142857144 0.021577380952380952
0 0.2806919642857143 0.42663690476190474 0.44285714285714284 0.06160714285714286
1 0.0668234939449918 0.35993992504409167 0.014899553571428572 0.021577380952380952
0 0.2806919642857143 0.5815476190476191 0.44285714285714284 0.08601190476190476
1 0.07311534662356323 0.47048886684303354 0.027483258928571428 0.021577380952380952
0 0.2806919642857143 0.6560267857142857 0.44285714285714284 0.031101190476190477
1 0.07401517921284895 0.5810378086419753 0.029282924107142855 0.021577380952380952
0 0.2806919642857143 0.7473214285714286 0.44285714285714284 0.08244047619047619
1 0.07323392921284894 0.6915867504409172 0.027720424107142858 0.021577380952380987
0 0.7237723214285714 0.2502232142857143 0.44285714285714284 0.10550595238095238
1 0.5126861414223348 0.1388420414462081 0.020521763392857145 0.021577380952380952
0 0.7237723214285714 0.36949404761904764 0.44285714285714284 0.23035714285714284
1 0.5126861414223348 0.24939098324514994 0.020521763392857145 0.021577380952380952
0 0.7237723214285714 0.4479910714285714 0.44285714285714284 0.15997023809523808
1 0.512700092315192 0.35993992504409167 0.02054966517857143 0.021577380952380952
0 0.7237723214285714 0.5113839285714286 0.44285714285714284 0.2200892857142857
1 0.5126931168687634 0.47048886684303354 0.020535714285714286 0.021577380952380952
0 0.7237723214285714 0.6038690476190476 0.44285714285714284 0.16547619047619047
1 0.5126861414223348 0.5810378086419753 0.020521763392857145 0.021577380952380952
0 0.7237723214285714 0.7139880952380953 0.44285714285714284 0.16458333333333333
1 0.5126861414223348 0.6915867504409172 0.020521763392857145 0.021577380952380987
