0 0.16975446428571428 0.25163690476190476 0.22142857142857142 0.12410714285714286
1 0.06267091990985048 0.18095592403628116 0.007198660714285714 0.021577380952380952
0 0.16975446428571428 0.43258928571428573 0.22142857142857142 0.08035714285714286
1 0.0645961431241362 0.3230902777777778 0.011049107142857144 0.021577380952380952
0 0.16975446428571428 0.5973214285714286 0.22142857142857142 0.13273809523809524
1 0.0665213663384219 0.4652246315192744 0.014899553571428572 0.021577380952380952
0 0.39140625 0.30424107142857143 0.22142857142857142 0.07663690476190477
1 0.2944842439573125 0.18095592403628116 0.027483258928571428 0.021577380952380952
0 0.39140625 0.3943452380952381 0.22142857142857142 0.12589285714285714
1 0.2953840765465982 0.3230902777777778 0.029282924107142855 0.021577380952380952
0 0.39140625 0.5877232142857143 0.22142857142857142 0.09211309523809524
1 0.2946028265465982 0.4652246315192744 0.027720424107142858 0.021577380952380952
0 0.6130580357142857 0.1861607142857143 0.22142857142857142 0.38184523809523807
1 0.5126745211297744 0.18095592403628116 0.020521763392857145 0.021577380952380952
0 0.6130580357142857 0.35498511904761904 0.22142857142857142 0.3566964285714286
1 0.5126745211297744 0.3230902777777778 0.020521763392857145 0.021577380952380952
0 0.6130580357142857 0.5479166666666667 0.22142857142857142 0.2357142857142857
1 0.5126884720226316 0.4652246315192744 0.02054966517857143 0.021577380952380952
0 0.8347098214285714 0.2654017857142857 0.22142857142857142 0.20163690476190477
1 0.7343525215165222 0.18095592403628116 0.020535714285714286 0.021577380952380952
0 0.8347098214285714 0.4120535714285714 0.22142857142857142 0.1488095238095238
1 0.7343455460700936 0.3230902777777778 0.020521763392857145 0.021577380952380952
0 0.8347098214285714 0.5520833333333334 0.22142857142857142 0.09047619047619047
1 0.7343455460700936 0.4652246315192744 0.020521763392857145 0.021577380952380952
0 0.49832589285714285 0.7171130952380952 0.8785714285714286 0.08095238095238096
1 0.0645961431241362 0.6073589852607709 0.011049107142857144 0.021577380952380952
