0 0.2806919642857143 0.2168154761904762 0.44285714285714284 0.04196428571428571
1 0.06297304751642037 0.1388420414462081 0.007198660714285714 0.021577380952380952
0 0.2806919642857143 0.31361607142857145 0.44285714285714284 0.07276785714285715
1 0.06489827073070609 0.24939098324514994 0.011049107142857144 0.021577380952380952
0 0.2806919642857143 0.428422619047619 0.44285714285714284 0.04880952380952381
1 0.0668234939449918 0.35993992504409167 0.014899553571428572 0.021577380952380952
0 0.2806919642857143 0.5638392857142858 0.44285714285714284 0.056845238095238095
1 0.07311534662356323 0.47048886684303354 0.027483258928571428 0.021577380952380952
0 0.2806919642857143 0.6668154761904762 0.44285714285714284 0.02886904761904762
1 0.07401517921284895 0.5810378086419753 0.029282924107142855 0.021577380952380952
0 0.2806919642857143 0.7587797619047619 0.44285714285714284 0.0556547619047619
1 0.07323392921284894 0.6915867504409172 0.027720424107142858 0.021577380952380987
0 0.7237723214285714 0.24241071428571428 0.44285714285714284 0.06994047619047619
1 0.5126861414223348 0.1388420414462081 0.020521763392857145 0.021577380952380952
0 0.7237723214285714 0.3484375 0.44285714285714284 0.12217261904761904
1 0.5126861414223348 0.24939098324514994 0.020521763392857145 0.021577380952380952
0 0.7237723214285714 0.45483630952380955 0.44285714285714284 0.1337797619047619
1 0.512700092315192 0.35993992504409167 0.02054966517857143 0.021577380952380952
0 0.7237723214285714 0.5311755952380952 0.44285714285714284 0.16711309523809523
1 0.5126931168687634 0.47048886684303354 0.020535714285714286 0.021577380952380952
0 0.7237723214285714 0.6414434523809524 0.44285714285714284 0.16711309523809523
1 0.5126861414223348 0.5810378086419753 0.020521763392857145 0.021577380952380952
0 0.7237723214285714 0.7294642857142857 0.44285714285714284 0.1875
1 0.5126861414223348 0.6915867504409172 0.020521763392857145 0.021577380952380987
