0 0.16975446428571428 0.27723214285714287 0.22142857142857142 0.05505952380952381
1 0.06267091990985048 0.18095592403628116 0.007198660714285714 0.021577380952380952
0 0.16975446428571428 0.37805059523809526 0.22142857142857142 0.14538690476190477
1 0.0645961431241362 0.3230902777777778 0.011049107142857144 0.021577380952380952
0 0.16975446428571428 0.5253720238095239 0.22142857142857142 0.12395833333333334
1 0.0665213663384219 0.4652246315192744 0.014899553571428572 0.021577380952380952
0 0.39140625 0.31398809523809523 0.22142857142857142 0.09523809523809523
1 0.2944842439573125 0.18095592403628116 0.027483258928571428 0.021577380952380952
0 0.39140625 0.44583333333333336 0.22142857142857142 0.06875
1 0.2953840765465982 0.3230902777777778 0.029282924107142855 0.021577380952380952
0 0.39140625 0.525967261904762 0.22142857142857142 0.12485119047619048
1 0.2946028265465982 0.4652246315192744 0.027720424107142858 0.021577380952380952
0 0.6130580357142857 0.3325892857142857 0.22142857142857142 0.15
1 0.5126745211297744 0.18095592403628116 0.020521763392857145 0.021577380952380952
0 0.6130580357142857 0.5001488095238096 0.22142857142857142 0.28541666666666665
1 0.5126745211297744 0.3230902777777778 0.020521763392857145 0.021577380952380952
0 0.6130580357142857 0.5793154761904762 0.22142857142857142 0.21071428571428572
1 0.5126884720226316 0.4652246315192744 0.02054966517857143 0.021577380952380952
0 0.8347098214285714 0.2578869047619048 0.22142857142857142 0.21726190476190477
1 0.7343525215165222 0.18095592403628116 0.020535714285714286 0.021577380952380952
0 0.8347098214285714 0.36629464285714286 0.22142857142857142 0.1775297619047619
1 0.7343455460700936 0.3230902777777778 0.020521763392857145 0.021577380952380952
0 0.8347098214285714 0.5217261904761905 0.22142857142857142 0.1363095238095238
1 0.7343455460700936 0.4652246315192744 0.020521763392857145 0.021577380952380952
0 0.49832589285714285 0.65625 0.8785714285714286 0.1574404761904762
1 0.0645961431241362 0.6073589852607709 0.011049107142857144 0.021577380952380952
