0 0.16975446428571428 0.22038690476190476 0.22142857142857142 0.18571428571428572
1 0.06267091990985048 0.18095592403628116 0.007198660714285714 0.021577380952380952
0 0.16975446428571428 0.4040922619047619 0.22142857142857142 0.06830357142857142
1 0.0645961431241362 0.3230902777777778 0.011049107142857144 0.021577380952380952
0 0.16975446428571428 0.6011160714285714 0.22142857142857142 0.14270833333333333
1 0.0665213663384219 0.4652246315192744 0.014899553571428572 0.021577380952380952
0 0.39140625 0.3287946428571429 0.22142857142857142 0.12217261904761904
1 0.2944842439573125 0.18095592403628116 0.027483258928571428 0.021577380952380952
0 0.39140625 0.3769345238095238 0.22142857142857142 0.16220238095238096
1 0.2953840765465982 0.3230902777777778 0.029282924107142855 0.021577380952380952
0 0.39140625 0.567782738095238 0.22142857142857142 0.054910714285714285
1 0.2946028265465982 0.4652246315192744 0.027720424107142858 0.021577380952380952
0 0.6130580357142857 0.31607142857142856 0.22142857142857142 0.11607142857142858
1 0.5126745211297744 0.18095592403628116 0.020521763392857145 0.021577380952380952
0 0.6130580357142857 0.4563988095238095 0.22142857142857142 0.19702380952380952
1 0.5126745211297744 0.3230902777777778 0.020521763392857145 0.021577380952380952
0 0.6130580357142857 0.5833333333333334 0.22142857142857142 0.1943452380952381
1 0.5126884720226316 0.4652246315192744 0.02054966517857143 0.021577380952380952
0 0.8347098214285714 0.21867559523809524 0.22142857142857142 0.27514880952380955
1 0.7343525215165222 0.18095592403628116 0.020535714285714286 0.021577380952380952
0 0.8347098214285714 0.33177083333333335 0.22142857142857142 0.253125
1 0.7343455460700936 0.3230902777777778 0.020521763392857145 0.021577380952380952
0 0.8347098214285714 0.484375 0.22142857142857142 0.17113095238095238
1 0.7343455460700936 0.4652246315192744 0.020521763392857145 0.021577380952380952
0 0.49832589285714285 0.6873511904761904 0.8785714285714286 0.07351190476190476
1 0.0645961431241362 0.6073589852607709 0.011049107142857144 0.021577380952380952
