0 0.16975446428571428 0.23370535714285715 0.22142857142857142 0.14836309523809524
1 0.06267091990985048 0.18095592403628116 0.007198660714285714 0.021577380952380952
0 0.16975446428571428 0.4217261904761905 0.22142857142857142 0.11339285714285714
1 0.0645961431241362 0.3230902777777778 0.011049107142857144 0.021577380952380952
0 0.16975446428571428 0.5935267857142857 0.22142857142857142 0.09211309523809524
1 0.0665213663384219 0.4652246315192744 0.014899553571428572 0.021577380952380952
0 0.39140625 0.31302083333333336 0.22142857142857142 0.12723214285714285
1 0.2944842439573125 0.18095592403628116 0.027483258928571428 0.021577380952380952
0 0.39140625 0.38973214285714286 0.22142857142857142 0.11785714285714285
1 0.2953840765465982 0.3230902777777778 0.029282924107142855 0.021577380952380952
0 0.39140625 0.580654761904762 0.22142857142857142 0.06458333333333334
1 0.2946028265465982 0.4652246315192744 0.027720424107142858 0.021577380952380952
0 0.6130580357142857 0.3105654761904762 0.22142857142857142 0.13541666666666666
1 0.5126745211297744 0.18095592403628116 0.020521763392857145 0.021577380952380952
1 0.5126745211297744 0.3230902777777778 0.020521763392857145 0.021577380952380952
1 0.5126884720226316 0.4652246315192744 0.02054966517857143 0.021577380952380952
0 0.8347098214285714 0.2976934523809524 0.22142857142857142 0.17217261904761905
1 0.7343525215165222 0.18095592403628116 0.020535714285714286 0.021577380952380952
0 0.8347098214285714 0.41510416666666666 0.22142857142857142 0.12723214285714285
1 0.7343455460700936 0.3230902777777778 0.020521763392857145 0.021577380952380952
0 0.8347098214285714 0.562202380952381 0.22142857142857142 0.11636904761904762
1 0.7343455460700936 0.4652246315192744 0.020521763392857145 0.021577380952380952
0 0.49832589285714285 0.7173363095238096 0.8785714285714286 0.13616071428571427
1 0.0645961431241362 0.6073589852607709 0.011049107142857144 0.021577380952380952
