0 0.2806919642857143 0.2158482142857143 0.44285714285714284 0.03943452380952381
1 0.06297304751642037 0.1388420414462081 0.007198660714285714 0.021577380952380952
0 0.2806919642857143 0.3185267857142857 0.44285714285714284 0.084375
1 0.06489827073070609 0.24939098324514994 0.011049107142857144 0.021577380952380952
0 0.2806919642857143 0.44300595238095236 0.44285714285714284 0.08095238095238096
1 0.0668234939449918 0.35993992504409167 0.014899553571428572 0.021577380952380952
0 0.2806919642857143 0.5618303571428571 0.44285714285714284 0.05907738095238095
1 0.07311534662356323 0.47048886684303354 0.027483258928571428 0.021577380952380952
0 0.2806919642857143 0.6568452380952381 0.44285714285714284 0.049107142857142856
1 0.07401517921284895 0.5810378086419753 0.029282924107142855 0.021577380952380952
0 0.2806919642857143 0.7675595238095239 0.44285714285714284 0.07797619047619048
1 0.07323392921284894 0.6915867504409172 0.027720424107142858 0.021577380952380987
0 0.7237723214285714 0.3396577380952381 0.44285714285714284 0.36086309523809523
1 0.5126861414223348 0.1388420414462081 0.020521763392857145 0.021577380952380952
0 0.7237723214285714 0.4625 0.44285714285714284 0.4425595238095238
1 0.5126861414223348 0.24939098324514994 0.020521763392857145 0.021577380952380952
0 0.7237723214285714 0.4570684523809524 0.44285714285714284 0.12872023809523808
1 0.512700092315192 0.35993992504409167 0.02054966517857143 0.021577380952380952
0 0.7237723214285714 0.5292410714285715 0.44285714285714284 0.12514880952380952
1 0.5126931168687634 0.47048886684303354 0.020535714285714286 0.021577380952380952
0 0.7237723214285714 0.6392857142857142 0.44285714285714284 0.1357142857142857
1 0.5126861414223348 0.5810378086419753 0.020521763392857145 0.021577380952380952
0 0.7237723214285714 0.7617559523809524 0.44285714285714284 0.11339285714285714
1 0.5126861414223348 0.6915867504409172 0.020521763392857145 0.021577380952380987
