0 0.16975446428571428 0.21175595238095238 0.22142857142857142 0.18214285714285713
1 0.06267091990985048 0.18095592403628116 0.007198660714285714 0.021577380952380952
0 0.16975446428571428 0.3651785714285714 0.22142857142857142 0.16488095238095238
1 0.0645961431241362 0.3230902777777778 0.011049107142857144 0.021577380952380952
0 0.16975446428571428 0.575595238095238 0.22142857142857142 0.045535714285714284
1 0.0665213663384219 0.4652246315192744 0.014899553571428572 0.021577380952380952
0 0.39140625 0.35066964285714286 0.22142857142857142 0.1662202380952381
1 0.2944842439573125 0.18095592403628116 0.027483258928571428 0.021577380952380952
0 0.39140625 0.3854910714285714 0.22142857142857142 0.11175595238095239
1 0.2953840765465982 0.3230902777777778 0.029282924107142855 0.021577380952380952
0 0.39140625 0.5453869047619048 0.22142857142857142 0.08898809523809524
1 0.2946028265465982 0.4652246315192744 0.027720424107142858 0.021577380952380952
0 0.6130580357142857 0.37537202380952384 0.22142857142857142 0.2376488095238095
1 0.5126745211297744 0.18095592403628116 0.020521763392857145 0.021577380952380952
0 0.6130580357142857 0.4875 0.22142857142857142 0.2538690476190476
1 0.5126745211297744 0.3230902777777778 0.020521763392857145 0.021577380952380952
0 0.6130580357142857 0.6183035714285714 0.22142857142857142 0.19404761904761905
1 0.5126884720226316 0.4652246315192744 0.02054966517857143 0.021577380952380952
0 0.8347098214285714 0.2148065476190476 0.22142857142857142 0.2019345238095238
1 0.7343525215165222 0.18095592403628116 0.020535714285714286 0.021577380952380952
0 0.8347098214285714 0.3413690476190476 0.22142857142857142 0.2324404761904762
1 0.7343455460700936 0.3230902777777778 0.020521763392857145 0.021577380952380952
0 0.8347098214285714 0.48400297619047616 0.22142857142857142 0.2444940476190476
1 0.7343455460700936 0.4652246315192744 0.020521763392857145 0.021577380952380952
0 0.49832589285714285 0.6494047619047619 0.8785714285714286 0.16488095238095238
1 0.0645961431241362 0.6073589852607709 0.011049107142857144 0.021577380952380952
