0 0.2806919642857143 0.2021577380952381 0.44285714285714284 0.08199404761904762
1 0.06297304751642037 0.1388420414462081 0.007198660714285714 0.021577380952380952
0 0.2806919642857143 0.2792410714285714 0.44285714285714284 0.1543154761904762
1 0.06489827073070609 0.24939098324514994 0.011049107142857144 0.021577380952380952
0 0.2806919642857143 0.40967261904761904 0.44285714285714284 0.10029761904761905
1 0.0668234939449918 0.35993992504409167 0.014899553571428572 0.021577380952380952
0 0.2806919642857143 0.5892113095238095 0.44285714285714284 0.1162202380952381
1 0.07311534662356323 0.47048886684303354 0.027483258928571428 0.021577380952380952
0 0.2806919642857143 0.6663690476190476 0.44285714285714284 0.03244047619047619
1 0.07401517921284895 0.5810378086419753 0.029282924107142855 0.021577380952380952
0 0.2806919642857143 0.7305803571428572 0.44285714285714284 0.12455357142857143
1 0.07323392921284894 0.6915867504409172 0.027720424107142858 0.021577380952380987
0 0.7237723214285714 0.2601934523809524 0.44285714285714284 0.12395833333333334
1 0.5126861414223348 0.1388420414462081 0.020521763392857145 0.021577380952380952
0 0.7237723214285714 0.3663690476190476 0.44285714285714284 0.1842261904761905
1 0.5126861414223348 0.24939098324514994 0.020521763392857145 0.021577380952380952
0 0.7237723214285714 0.38563988095238094 0.44285714285714284 0.2206845238095238
1 0.512700092315192 0.35993992504409167 0.02054966517857143 0.021577380952380952
0 0.7237723214285714 0.48407738095238095 0.44285714285714284 0.20476190476190476
1 0.5126931168687634 0.47048886684303354 0.020535714285714286 0.021577380952380952
0 0.7237723214285714 0.600297619047619 0.44285714285714284 0.16160714285714287
1 0.5126861414223348 0.5810378086419753 0.020521763392857145 0.021577380952380952
0 0.7237723214285714 0.7215029761904762 0.44285714285714284 0.13764880952380953
1 0.5126861414223348 0.6915867504409172 0.020521763392857145 0.021577380952380987
