0 0.2806919642857143 0.20342261904761905 0.44285714285714284 0.06458333333333334
1 0.06297304751642037 0.1388420414462081 0.007198660714285714 0.021577380952380952
0 0.2806919642857143 0.32194940476190476 0.44285714285714284 0.05520833333333333
1 0.06489827073070609 0.24939098324514994 0.011049107142857144 0.021577380952380952
0 0.2806919642857143 0.4486607142857143 0.44285714285714284 0.03154761904761905
1 0.0668234939449918 0.35993992504409167 0.014899553571428572 0.021577380952380952
0 0.2806919642857143 0.5648065476190476 0.44285714285714284 0.05699404761904762
1 0.07311534662356323 0.47048886684303354 0.027483258928571428 0.021577380952380952
0 0.2806919642857143 0.6496279761904762 0.44285714285714284 0.043601190476190474
1 0.07401517921284895 0.5810378086419753 0.029282924107142855 0.021577380952380952
0 0.2806919642857143 0.7707589285714286 0.44285714285714284 0.02931547619047619
1 0.07323392921284894 0.6915867504409172 0.027720424107142858 0.021577380952380987
0 0.7237723214285714 0.22142857142857142 0.44285714285714284 0.09761904761904762
1 0.5126861414223348 0.1388420414462081 0.020521763392857145 0.021577380952380952
0 0.7237723214285714 0.3332589285714286 0.44285714285714284 0.15788690476190476
1 0.5126861414223348 0.24939098324514994 0.020521763392857145 0.021577380952380952
0 0.7237723214285714 0.4186011904761905 0.44285714285714284 0.1663690476190476
1 0.512700092315192 0.35993992504409167 0.02054966517857143 0.021577380952380952
0 0.7237723214285714 0.5075892857142857 0.44285714285714284 0.17886904761904762
1 0.5126931168687634 0.47048886684303354 0.020535714285714286 0.021577380952380952
0 0.7237723214285714 0.6148065476190476 0.44285714285714284 0.14657738095238096
1 0.5126861414223348 0.5810378086419753 0.020521763392857145 0.021577380952380952
0 0.7237723214285714 0.7354910714285714 0.44285714285714284 0.11949404761904762
1 0.5126861414223348 0.6915867504409172 0.020521763392857145 0.021577380952380987
