0 0.16975446428571428 0.22857142857142856 0.22142857142857142 0.1392857142857143
1 0.06267091990985048 0.18095592403628116 0.007198660714285714 0.021577380952380952
0 0.16975446428571428 0.3931547619047619 0.22142857142857142 0.10505952380952381
1 0.0645961431241362 0.3230902777777778 0.011049107142857144 0.021577380952380952
0 0.16975446428571428 0.5729910714285714 0.22142857142857142 0.10848214285714286
1 0.0665213663384219 0.4652246315192744 0.014899553571428572 0.021577380952380952
0 0.39140625 0.32529761904761906 0.22142857142857142 0.11369047619047619
1 0.2944842439573125 0.18095592403628116 0.027483258928571428 0.021577380952380952
0 0.39140625 0.3930059523809524 0.22142857142857142 0.11755952380952381
1 0.2953840765465982 0.3230902777777778 0.029282924107142855 0.021577380952380952
0 0.39140625 0.5522321428571428 0.22142857142857142 0.07113095238095238
1 0.2946028265465982 0.4652246315192744 0.027720424107142858 0.021577380952380952
0 0.6130580357142857 0.321875 0.22142857142857142 0.10267857142857142
1 0.5126745211297744 0.18095592403628116 0.020521763392857145 0.021577380952380952
0 0.6130580357142857 0.4019345238095238 0.22142857142857142 0.16428571428571428
1 0.5126745211297744 0.3230902777777778 0.020521763392857145 0.021577380952380952
0 0.6130580357142857 0.58125 0.22142857142857142 0.1193452380952381
1 0.5126884720226316 0.4652246315192744 0.02054966517857143 0.021577380952380952
0 0.8347098214285714 0.23065476190476192 0.22142857142857142 0.15982142857142856
1 0.7343525215165222 0.18095592403628116 0.020535714285714286 0.021577380952380952
0 0.8347098214285714 0.3825892857142857 0.22142857142857142 0.20982142857142858
1 0.7343455460700936 0.3230902777777778 0.020521763392857145 0.021577380952380952
0 0.8347098214285714 0.5316220238095238 0.22142857142857142 0.17455357142857142
1 0.7343455460700936 0.4652246315192744 0.020521763392857145 0.021577380952380952
0 0.49832589285714285 0.6822916666666666 0.8785714285714286 0.11964285714285715
1 0.0645961431241362 0.6073589852607709 0.011049107142857144 0.021577380952380952
