0 0.2806919642857143 0.20572916666666666 0.44285714285714284 0.0537202380952381
1 0.06297304751642037 0.1388420414462081 0.007198660714285714 0.021577380952380952
0 0.2806919642857143 0.31153273809523807 0.44285714285714284 0.06800595238095238
1 0.06489827073070609 0.24939098324514994 0.011049107142857144 0.021577380952380952
0 0.2806919642857143 0.4394345238095238 0.44285714285714284 0.030654761904761903
1 0.0668234939449918 0.35993992504409167 0.014899553571428572 0.021577380952380952
0 0.2806919642857143 0.5703869047619048 0.44285714285714284 0.060714285714285714
1 0.07311534662356323 0.47048886684303354 0.027483258928571428 0.021577380952380952
0 0.2806919642857143 0.6584077380952381 0.44285714285714284 0.023065476190476192
1 0.07401517921284895 0.5810378086419753 0.029282924107142855 0.021577380952380952
0 0.2806919642857143 0.7614583333333333 0.44285714285714284 0.04732142857142857
1 0.07323392921284894 0.6915867504409172 0.027720424107142858 0.021577380952380987
0 0.7237723214285714 0.240625 0.44285714285714284 0.08958333333333333
1 0.5126861414223348 0.1388420414462081 0.020521763392857145 0.021577380952380952
0 0.7237723214285714 0.3536458333333333 0.44285714285714284 0.11383928571428571
1 0.5126861414223348 0.24939098324514994 0.020521763392857145 0.021577380952380952
0 0.7237723214285714 0.48683035714285716 0.44285714285714284 0.1918154761904762
1 0.512700092315192 0.35993992504409167 0.02054966517857143 0.021577380952380952
0 0.7237723214285714 0.5433035714285714 0.44285714285714284 0.1976190476190476
1 0.5126931168687634 0.47048886684303354 0.020535714285714286 0.021577380952380952
0 0.7237723214285714 0.6227678571428571 0.44285714285714284 0.1636904761904762
1 0.5126861414223348 0.5810378086419753 0.020521763392857145 0.021577380952380952
0 0.7237723214285714 0.7271577380952381 0.44285714285714284 0.1305059523809524
1 0.5126861414223348 0.6915867504409172 0.020521763392857145 0.021577380952380987
