0 0.5022879464285714 0.11941964285714286 0.8856026785714286 0.046875
1 0.0631253166160081 0.07988260582010584 0.007198660714285714 0.021577380952380952
0 0.5022879464285714 0.19025297619047618 0.8856026785714286 0.045089285714285714
1 0.06505053983029382 0.1462119708994709 0.011049107142857144 0.021577380952380952
0 0.5022879464285714 0.2683779761904762 0.8856026785714286 0.024851190476190475
1 0.06697576304457953 0.21254133597883595 0.014899553571428572 0.021577380952380952
0 0.5022879464285714 0.34188988095238093 0.8856026785714286 0.04449404761904762
1 0.07326761572315096 0.27887070105820105 0.027483258928571428 0.021577380952380952
0 0.5022879464285714 0.3892857142857143 0.8856026785714286 0.03214285714285714
1 0.07416744831243667 0.3452000661375661 0.029282924107142855 0.021577380952380952
0 0.5022879464285714 0.4601934523809524 0.8856026785714286 0.028422619047619047
1 0.07338619831243667 0.41152943121693125 0.027720424107142858 0.021577380952380952
0 0.5022879464285714 0.5672619047619047 0.8856026785714286 0.11964285714285715
1 0.06978686795529382 0.4778587962962963 0.020521763392857145 0.021577380952380952
0 0.5022879464285714 0.6140625 0.8856026785714286 0.09449404761904762
1 0.06978686795529382 0.5441881613756614 0.020521763392857145 0.021577380952380952
0 0.5022879464285714 0.6466517857142857 0.8856026785714286 0.11235119047619048
1 0.06980081884815097 0.6105175264550264 0.02054966517857143 0.021577380952380952
0 0.5022879464285714 0.7012648809523809 0.8856026785714286 0.09627976190476191
1 0.06979384340172239 0.6768468915343916 0.020535714285714286 0.021577380952380952
0 0.5022879464285714 0.7720982142857142 0.8856026785714286 0.06919642857142858
1 0.06978686795529382 0.7431762566137565 0.020521763392857145 0.021577380952380952
0 0.5022879464285714 0.838467261904762 0.8856026785714286 0.06949404761904762
1 0.06978686795529382 0.8095056216931217 0.020521763392857145 0.021577380952380952
