0 0.16975446428571428 0.27061011904761906 0.22142857142857142 0.05282738095238095
1 0.06267091990985048 0.18095592403628116 0.007198660714285714 0.021577380952380952
0 0.16975446428571428 0.4103422619047619 0.22142857142857142 0.06294642857142857
1 0.0645961431241362 0.3230902777777778 0.011049107142857144 0.021577380952380952
0 0.16975446428571428 0.5667410714285714 0.22142857142857142 0.02217261904761905
1 0.0665213663384219 0.4652246315192744 0.014899553571428572 0.021577380952380952
0 0.39140625 0.3000744047619048 0.22142857142857142 0.05580357142857143
1 0.2944842439573125 0.18095592403628116 0.027483258928571428 0.021577380952380952
0 0.39140625 0.4218005952380952 0.22142857142857142 0.030208333333333334
1 0.2953840765465982 0.3230902777777778 0.029282924107142855 0.021577380952380952
0 0.39140625 0.5602678571428571 0.22142857142857142 0.04107142857142857
1 0.2946028265465982 0.4652246315192744 0.027720424107142858 0.021577380952380952
0 0.6130580357142857 0.33816964285714285 0.22142857142857142 0.15967261904761904
1 0.5126745211297744 0.18095592403628116 0.020521763392857145 0.021577380952380952
0 0.6130580357142857 0.5398065476190477 0.22142857142857142 0.321875
1 0.5126745211297744 0.3230902777777778 0.020521763392857145 0.021577380952380952
0 0.6130580357142857 0.6283482142857143 0.22142857142857142 0.19836309523809523
1 0.5126884720226316 0.4652246315192744 0.02054966517857143 0.021577380952380952
0 0.8347098214285714 0.24136904761904762 0.22142857142857142 0.27648809523809526
1 0.7343525215165222 0.18095592403628116 0.020535714285714286 0.021577380952380952
0 0.8347098214285714 0.3728422619047619 0.22142857142857142 0.1724702380952381
1 0.7343455460700936 0.3230902777777778 0.020521763392857145 0.021577380952380952
0 0.8347098214285714 0.5392113095238096 0.22142857142857142 0.08020833333333334
1 0.7343455460700936 0.4652246315192744 0.020521763392857145 0.021577380952380952
0 0.49832589285714285 0.6963541666666667 0.8785714285714286 0.06651785714285714
1 0.0645961431241362 0.6073589852607709 0.011049107142857144 0.021577380952380952
