0 0.2806919642857143 0.2046875 0.44285714285714284 0.050148809523809526
1 0.06297304751642037 0.1388420414462081 0.007198660714285714 0.021577380952380952
0 0.2806919642857143 0.3223214285714286 0.44285714285714284 0.05476190476190476
1 0.06489827073070609 0.24939098324514994 0.011049107142857144 0.021577380952380952
0 0.2806919642857143 0.44360119047619045 0.44285714285714284 0.04136904761904762
1 0.0668234939449918 0.35993992504409167 0.014899553571428572 0.021577380952380952
0 0.2806919642857143 0.5656994047619047 0.44285714285714284 0.04568452380952381
1 0.07311534662356323 0.47048886684303354 0.027483258928571428 0.021577380952380952
0 0.2806919642857143 0.6555803571428571 0.44285714285714284 0.04092261904761905
1 0.07401517921284895 0.5810378086419753 0.029282924107142855 0.021577380952380952
0 0.2806919642857143 0.7735119047619048 0.44285714285714284 0.040773809523809525
1 0.07323392921284894 0.6915867504409172 0.027720424107142858 0.021577380952380987
0 0.7237723214285714 0.23846726190476192 0.44285714285714284 0.056398809523809525
1 0.5126861414223348 0.1388420414462081 0.020521763392857145 0.021577380952380952
0 0.7237723214285714 0.37790178571428573 0.44285714285714284 0.1507440476190476
1 0.5126861414223348 0.24939098324514994 0.020521763392857145 0.021577380952380952
0 0.7237723214285714 0.4953125 0.44285714285714284 0.2269345238095238
1 0.512700092315192 0.35993992504409167 0.02054966517857143 0.021577380952380952
0 0.7237723214285714 0.5398809523809524 0.44285714285714284 0.33898809523809526
1 0.5126931168687634 0.47048886684303354 0.020535714285714286 0.021577380952380952
0 0.7237723214285714 0.6265625 0.44285714285714284 0.2063988095238095
1 0.5126861414223348 0.5810378086419753 0.020521763392857145 0.021577380952380952
0 0.7237723214285714 0.7398809523809524 0.44285714285714284 0.12261904761904761
1 0.5126861414223348 0.6915867504409172 0.020521763392857145 0.021577380952380987
