0 0.16975446428571428 0.2785714285714286 0.22142857142857142 0.04732142857142857
1 0.06267091990985048 0.18095592403628116 0.007198660714285714 0.021577380952380952
0 0.16975446428571428 0.4264880952380952 0.22142857142857142 0.07559523809523809
1 0.0645961431241362 0.3230902777777778 0.011049107142857144 0.021577380952380952
0 0.16975446428571428 0.5723958333333333 0.22142857142857142 0.038839285714285715
1 0.0665213663384219 0.4652246315192744 0.014899553571428572 0.021577380952380952
0 0.39140625 0.28608630952380953 0.22142857142857142 0.0599702380952381
1 0.2944842439573125 0.18095592403628116 0.027483258928571428 0.021577380952380952
0 0.39140625 0.42038690476190477 0.22142857142857142 0.027083333333333334
1 0.2953840765465982 0.3230902777777778 0.029282924107142855 0.021577380952380952
0 0.39140625 0.570610119047619 0.22142857142857142 0.05550595238095238
1 0.2946028265465982 0.4652246315192744 0.027720424107142858 0.021577380952380952
0 0.6130580357142857 0.296875 0.22142857142857142 0.051488095238095236
1 0.5126745211297744 0.18095592403628116 0.020521763392857145 0.021577380952380952
0 0.6130580357142857 0.44821428571428573 0.22142857142857142 0.11428571428571428
1 0.5126745211297744 0.3230902777777778 0.020521763392857145 0.021577380952380952
0 0.6130580357142857 0.5922619047619048 0.22142857142857142 0.17172619047619048
1 0.5126884720226316 0.4652246315192744 0.02054966517857143 0.021577380952380952
0 0.8347098214285714 0.2538690476190476 0.22142857142857142 0.2175595238095238
1 0.7343525215165222 0.18095592403628116 0.020535714285714286 0.021577380952380952
0 0.8347098214285714 0.40572916666666664 0.22142857142857142 0.14419642857142856
1 0.7343455460700936 0.3230902777777778 0.020521763392857145 0.021577380952380952
0 0.8347098214285714 0.546875 0.22142857142857142 0.0943452380952381
1 0.7343455460700936 0.4652246315192744 0.020521763392857145 0.021577380952380952
0 0.49832589285714285 0.7084821428571428 0.8785714285714286 0.08601190476190476
1 0.0645961431241362 0.6073589852607709 0.011049107142857144 0.021577380952380952
