0 0.2806919642857143 0.19709821428571428 0.44285714285714284 0.10133928571428572
1 0.06297304751642037 0.1388420414462081 0.007198660714285714 0.021577380952380952
0 0.2806919642857143 0.3235863095238095 0.44285714285714284 0.06502976190476191
1 0.06489827073070609 0.24939098324514994 0.011049107142857144 0.021577380952380952
0 0.2806919642857143 0.4739583333333333 0.44285714285714284 0.10327380952380952
1 0.0668234939449918 0.35993992504409167 0.014899553571428572 0.021577380952380952
0 0.2806919642857143 0.5666666666666667 0.44285714285714284 0.07529761904761904
1 0.07311534662356323 0.47048886684303354 0.027483258928571428 0.021577380952380952
0 0.2806919642857143 0.6345982142857143 0.44285714285714284 0.10014880952380953
1 0.07401517921284895 0.5810378086419753 0.029282924107142855 0.021577380952380952
0 0.2806919642857143 0.7846726190476191 0.44285714285714284 0.07321428571428572
1 0.07323392921284894 0.6915867504409172 0.027720424107142858 0.021577380952380987
0 0.7237723214285714 0.23288690476190477 0.44285714285714284 0.07083333333333333
1 0.5126861414223348 0.1388420414462081 0.020521763392857145 0.021577380952380952
0 0.7237723214285714 0.3249255952380952 0.44285714285714284 0.11294642857142857
1 0.5126861414223348 0.24939098324514994 0.020521763392857145 0.021577380952380952
0 0.7237723214285714 0.4611607142857143 0.44285714285714284 0.11875
1 0.512700092315192 0.35993992504409167 0.02054966517857143 0.021577380952380952
0 0.7237723214285714 0.5466517857142857 0.44285714285714284 0.09241071428571429
1 0.5126931168687634 0.47048886684303354 0.020535714285714286 0.021577380952380952
0 0.7237723214285714 0.6498511904761904 0.44285714285714284 0.07648809523809524
1 0.5126861414223348 0.5810378086419753 0.020521763392857145 0.021577380952380952
0 0.7237723214285714 0.7668154761904762 0.44285714285714284 0.07529761904761904
1 0.5126861414223348 0.6915867504409172 0.020521763392857145 0.021577380952380987
