0 0.16975446428571428 0.20907738095238096 0.22142857142857142 0.2044642857142857
1 0.06267091990985048 0.18095592403628116 0.007198660714285714 0.021577380952380952
0 0.16975446428571428 0.40089285714285716 0.22142857142857142 0.07113095238095238
1 0.0645961431241362 0.3230902777777778 0.011049107142857144 0.021577380952380952
0 0.16975446428571428 0.6158482142857142 0.22142857142857142 0.1543154761904762
1 0.0665213663384219 0.4652246315192744 0.014899553571428572 0.021577380952380952
0 0.39140625 0.33363095238095236 0.22142857142857142 0.13333333333333333
1 0.2944842439573125 0.18095592403628116 0.027483258928571428 0.021577380952380952
0 0.39140625 0.36316964285714287 0.22142857142857142 0.17544642857142856
1 0.2953840765465982 0.3230902777777778 0.029282924107142855 0.021577380952380952
0 0.39140625 0.5742559523809524 0.22142857142857142 0.07678571428571429
1 0.2946028265465982 0.4652246315192744 0.027720424107142858 0.021577380952380952
0 0.6130580357142857 0.2947916666666667 0.22142857142857142 0.14375
1 0.5126745211297744 0.18095592403628116 0.020521763392857145 0.021577380952380952
0 0.6130580357142857 0.44486607142857143 0.22142857142857142 0.09419642857142857
1 0.5126745211297744 0.3230902777777778 0.020521763392857145 0.021577380952380952
0 0.6130580357142857 0.575297619047619 0.22142857142857142 0.09047619047619047
1 0.5126884720226316 0.4652246315192744 0.02054966517857143 0.021577380952380952
0 0.8347098214285714 0.26004464285714285 0.22142857142857142 0.10639880952380952
1 0.7343525215165222 0.18095592403628116 0.020535714285714286 0.021577380952380952
0 0.8347098214285714 0.3755952380952381 0.22142857142857142 0.13095238095238096
1 0.7343455460700936 0.3230902777777778 0.020521763392857145 0.021577380952380952
0 0.8347098214285714 0.5164434523809524 0.22142857142857142 0.13169642857142858
1 0.7343455460700936 0.4652246315192744 0.020521763392857145 0.021577380952380952
0 0.49832589285714285 0.6831101190476191 0.8785714285714286 0.07901785714285714
1 0.0645961431241362 0.6073589852607709 0.011049107142857144 0.021577380952380952
