0 0.2806919642857143 0.1884672619047619 0.44285714285714284 0.08794642857142858
1 0.06297304751642037 0.1388420414462081 0.007198660714285714 0.021577380952380952
0 0.2806919642857143 0.3122767857142857 0.44285714285714284 0.0849702380952381
1 0.06489827073070609 0.24939098324514994 0.011049107142857144 0.021577380952380952
0 0.2806919642857143 0.45870535714285715 0.44285714285714284 0.06681547619047619
1 0.0668234939449918 0.35993992504409167 0.014899553571428572 0.021577380952380952
0 0.2806919642857143 0.5808779761904762 0.44285714285714284 0.07931547619047619
1 0.07311534662356323 0.47048886684303354 0.027483258928571428 0.021577380952380952
0 0.2806919642857143 0.6383928571428571 0.44285714285714284 0.06845238095238096
1 0.07401517921284895 0.5810378086419753 0.029282924107142855 0.021577380952380952
0 0.2806919642857143 0.776264880952381 0.44285714285714284 0.06830357142857142
1 0.07323392921284894 0.6915867504409172 0.027720424107142858 0.021577380952380987
0 0.7237723214285714 0.26160714285714287 0.44285714285714284 0.1619047619047619
1 0.5126861414223348 0.1388420414462081 0.020521763392857145 0.021577380952380952
0 0.7237723214285714 0.31532738095238094 0.44285714285714284 0.13690476190476192
1 0.5126861414223348 0.24939098324514994 0.020521763392857145 0.021577380952380952
0 0.7237723214285714 0.4061755952380952 0.44285714285714284 0.17663690476190477
1 0.512700092315192 0.35993992504409167 0.02054966517857143 0.021577380952380952
0 0.7237723214285714 0.5061755952380952 0.44285714285714284 0.1998511904761905
1 0.5126931168687634 0.47048886684303354 0.020535714285714286 0.021577380952380952
0 0.7237723214285714 0.6199404761904762 0.44285714285714284 0.1550595238095238
1 0.5126861414223348 0.5810378086419753 0.020521763392857145 0.021577380952380952
0 0.7237723214285714 0.7433779761904762 0.44285714285714284 0.12782738095238094
1 0.5126861414223348 0.6915867504409172 0.020521763392857145 0.021577380952380987
