0 0.16975446428571428 0.2697172619047619 0.22142857142857142 0.11205357142857143
1 0.06267091990985048 0.18095592403628116 0.007198660714285714 0.021577380952380952
0 0.16975446428571428 0.41495535714285714 0.22142857142857142 0.06413690476190476
1 0.0645961431241362 0.3230902777777778 0.011049107142857144 0.021577380952380952
0 0.16975446428571428 0.5765625 0.22142857142857142 0.08883928571428572
1 0.0665213663384219 0.4652246315192744 0.014899553571428572 0.021577380952380952
0 0.39140625 0.29657738095238095 0.22142857142857142 0.08333333333333333
1 0.2944842439573125 0.18095592403628116 0.027483258928571428 0.021577380952380952
0 0.39140625 0.415625 0.22142857142857142 0.09226190476190477
1 0.2953840765465982 0.3230902777777778 0.029282924107142855 0.021577380952380952
0 0.39140625 0.5681547619047619 0.22142857142857142 0.04702380952380952
1 0.2946028265465982 0.4652246315192744 0.027720424107142858 0.021577380952380952
0 0.6130580357142857 0.29598214285714286 0.22142857142857142 0.054464285714285715
1 0.5126745211297744 0.18095592403628116 0.020521763392857145 0.021577380952380952
0 0.6130580357142857 0.43519345238095236 0.22142857142857142 0.3924107142857143
1 0.5126745211297744 0.3230902777777778 0.020521763392857145 0.021577380952380952
0 0.6130580357142857 0.5738095238095238 0.22142857142857142 0.24017857142857144
1 0.5126884720226316 0.4652246315192744 0.02054966517857143 0.021577380952380952
0 0.8347098214285714 0.2500744047619048 0.22142857142857142 0.24836309523809524
1 0.7343525215165222 0.18095592403628116 0.020535714285714286 0.021577380952380952
0 0.8347098214285714 0.38958333333333334 0.22142857142857142 0.19226190476190477
1 0.7343455460700936 0.3230902777777778 0.020521763392857145 0.021577380952380952
0 0.8347098214285714 0.5441220238095238 0.22142857142857142 0.10788690476190477
1 0.7343455460700936 0.4652246315192744 0.020521763392857145 0.021577380952380952
0 0.49832589285714285 0.6982142857142857 0.8785714285714286 0.08035714285714286
1 0.0645961431241362 0.6073589852607709 0.011049107142857144 0.021577380952380952
