0 0.2806919642857143 0.20245535714285715 0.44285714285714284 0.07842261904761905
1 0.06297304751642037 0.1388420414462081 0.007198660714285714 0.021577380952380952
0 0.2806919642857143 0.3119047619047619 0.44285714285714284 0.06785714285714285
1 0.06489827073070609 0.24939098324514994 0.011049107142857144 0.021577380952380952
0 0.2806919642857143 0.44032738095238094 0.44285714285714284 0.03273809523809524
1 0.0668234939449918 0.35993992504409167 0.014899553571428572 0.021577380952380952
0 0.2806919642857143 0.5727678571428572 0.44285714285714284 0.07083333333333333
1 0.07311534662356323 0.47048886684303354 0.027483258928571428 0.021577380952380952
0 0.2806919642857143 0.6567708333333333 0.44285714285714284 0.05133928571428571
1 0.07401517921284895 0.5810378086419753 0.029282924107142855 0.021577380952380952
0 0.2806919642857143 0.7647321428571429 0.44285714285714284 0.03422619047619048
1 0.07323392921284894 0.6915867504409172 0.027720424107142858 0.021577380952380987
0 0.7237723214285714 0.2324404761904762 0.44285714285714284 0.05654761904761905
1 0.5126861414223348 0.1388420414462081 0.020521763392857145 0.021577380952380952
0 0.7237723214285714 0.3489583333333333 0.44285714285714284 0.10863095238095238
1 0.5126861414223348 0.24939098324514994 0.020521763392857145 0.021577380952380952
0 0.7237723214285714 0.4509672619047619 0.44285714285714284 0.11026785714285714
1 0.512700092315192 0.35993992504409167 0.02054966517857143 0.021577380952380952
0 0.7237723214285714 0.5288690476190476 0.44285714285714284 0.10982142857142857
1 0.5126931168687634 0.47048886684303354 0.020535714285714286 0.021577380952380952
0 0.7237723214285714 0.6331845238095238 0.44285714285714284 0.1125
1 0.5126861414223348 0.5810378086419753 0.020521763392857145 0.021577380952380952
0 0.7237723214285714 0.7421875 0.44285714285714284 0.12098214285714286
1 0.5126861414223348 0.6915867504409172 0.020521763392857145 0.021577380952380987
