0 0.16975446428571428 0.2755208333333333 0.22142857142857142 0.09092261904761904
1 0.06267091990985048 0.18095592403628116 0.007198660714285714 0.021577380952380952
0 0.16975446428571428 0.38958333333333334 0.22142857142857142 0.11607142857142858
1 0.0645961431241362 0.3230902777777778 0.011049107142857144 0.021577380952380952
0 0.16975446428571428 0.5488839285714285 0.22142857142857142 0.05431547619047619
1 0.0665213663384219 0.4652246315192744 0.014899553571428572 0.021577380952380952
0 0.39140625 0.3070684523809524 0.22142857142857142 0.10282738095238095
1 0.2944842439573125 0.18095592403628116 0.027483258928571428 0.021577380952380952
0 0.39140625 0.4316220238095238 0.22142857142857142 0.04449404761904762
1 0.2953840765465982 0.3230902777777778 0.029282924107142855 0.021577380952380952
0 0.39140625 0.5385416666666667 0.22142857142857142 0.07738095238095238
1 0.2946028265465982 0.4652246315192744 0.027720424107142858 0.021577380952380952
0 0.6130580357142857 0.3048363095238095 0.22142857142857142 0.07901785714285714
1 0.5126745211297744 0.18095592403628116 0.020521763392857145 0.021577380952380952
0 0.6130580357142857 0.4701636904761905 0.22142857142857142 0.22723214285714285
1 0.5126745211297744 0.3230902777777778 0.020521763392857145 0.021577380952380952
0 0.6130580357142857 0.5557291666666667 0.22142857142857142 0.15044642857142856
1 0.5126884720226316 0.4652246315192744 0.02054966517857143 0.021577380952380952
0 0.8347098214285714 0.2425595238095238 0.22142857142857142 0.1523809523809524
1 0.7343525215165222 0.18095592403628116 0.020535714285714286 0.021577380952380952
0 0.8347098214285714 0.37864583333333335 0.22142857142857142 0.14776785714285715
1 0.7343455460700936 0.3230902777777778 0.020521763392857145 0.021577380952380952
0 0.8347098214285714 0.5331845238095239 0.22142857142857142 0.12529761904761905
1 0.7343455460700936 0.4652246315192744 0.020521763392857145 0.021577380952380952
0 0.49832589285714285 0.672172619047619 0.8785714285714286 0.15595238095238095
1 0.0645961431241362 0.6073589852607709 0.011049107142857144 0.021577380952380952
