0 0.16975446428571428 0.26086309523809526 0.22142857142857142 0.0625
1 0.06267091990985048 0.18095592403628116 0.007198660714285714 0.021577380952380952
0 0.16975446428571428 0.39360119047619047 0.22142857142857142 0.0886904761904762
1 0.0645961431241362 0.3230902777777778 0.011049107142857144 0.021577380952380952
0 0.16975446428571428 0.5669642857142857 0.22142857142857142 0.04642857142857143
1 0.0665213663384219 0.4652246315192744 0.014899553571428572 0.021577380952380952
0 0.39140625 0.3130952380952381 0.22142857142857142 0.07410714285714286
1 0.2944842439573125 0.18095592403628116 0.027483258928571428 0.021577380952380952
0 0.39140625 0.4194940476190476 0.22142857142857142 0.033035714285714286
1 0.2953840765465982 0.3230902777777778 0.029282924107142855 0.021577380952380952
0 0.39140625 0.5513392857142857 0.22142857142857142 0.0675595238095238
1 0.2946028265465982 0.4652246315192744 0.027720424107142858 0.021577380952380952
0 0.6130580357142857 0.34665178571428573 0.22142857142857142 0.16026785714285716
1 0.5126745211297744 0.18095592403628116 0.020521763392857145 0.021577380952380952
0 0.6130580357142857 0.4634672619047619 0.22142857142857142 0.1900297619047619
1 0.5126745211297744 0.3230902777777778 0.020521763392857145 0.021577380952380952
0 0.6130580357142857 0.5412202380952381 0.22142857142857142 0.2830357142857143
1 0.5126884720226316 0.4652246315192744 0.02054966517857143 0.021577380952380952
0 0.8347098214285714 0.19441964285714286 0.22142857142857142 0.30907738095238096
1 0.7343525215165222 0.18095592403628116 0.020535714285714286 0.021577380952380952
0 0.8347098214285714 0.3404761904761905 0.22142857142857142 0.22083333333333333
1 0.7343455460700936 0.3230902777777778 0.020521763392857145 0.021577380952380952
0 0.8347098214285714 0.5083333333333333 0.22142857142857142 0.1455357142857143
1 0.7343455460700936 0.4652246315192744 0.020521763392857145 0.021577380952380952
0 0.49832589285714285 0.6831101190476191 0.8785714285714286 0.10014880952380953
1 0.0645961431241362 0.6073589852607709 0.011049107142857144 0.021577380952380952
