0 0.2806919642857143 0.19791666666666666 0.44285714285714284 0.08511904761904762
1 0.06297304751642037 0.1388420414462081 0.007198660714285714 0.021577380952380952
0 0.2806919642857143 0.3185267857142857 0.44285714285714284 0.059375
1 0.06489827073070609 0.24939098324514994 0.011049107142857144 0.021577380952380952
0 0.2806919642857143 0.45022321428571427 0.44285714285714284 0.04092261904761905
1 0.0668234939449918 0.35993992504409167 0.014899553571428572 0.021577380952380952
0 0.2806919642857143 0.5716517857142858 0.44285714285714284 0.07008928571428572
1 0.07311534662356323 0.47048886684303354 0.027483258928571428 0.021577380952380952
0 0.2806919642857143 0.6472470238095238 0.44285714285714284 0.06056547619047619
1 0.07401517921284895 0.5810378086419753 0.029282924107142855 0.021577380952380952
0 0.2806919642857143 0.775 0.44285714285714284 0.028273809523809524
1 0.07323392921284894 0.6915867504409172 0.027720424107142858 0.021577380952380987
0 0.7237723214285714 0.23519345238095238 0.44285714285714284 0.09895833333333333
1 0.5126861414223348 0.1388420414462081 0.020521763392857145 0.021577380952380952
0 0.7237723214285714 0.31882440476190477 0.44285714285714284 0.2311011904761905
1 0.5126861414223348 0.24939098324514994 0.020521763392857145 0.021577380952380952
0 0.7237723214285714 0.43325892857142856 0.44285714285714284 0.15550595238095238
1 0.512700092315192 0.35993992504409167 0.02054966517857143 0.021577380952380952
0 0.7237723214285714 0.5232886904761904 0.44285714285714284 0.17455357142857142
1 0.5126931168687634 0.47048886684303354 0.020535714285714286 0.021577380952380952
0 0.7237723214285714 0.6388392857142857 0.44285714285714284 0.18244047619047618
1 0.5126861414223348 0.5810378086419753 0.020521763392857145 0.021577380952380952
0 0.7237723214285714 0.7548363095238095 0.44285714285714284 0.09925595238095238
1 0.5126861414223348 0.6915867504409172 0.020521763392857145 0.021577380952380987
