0 0.5022879464285714 0.12678571428571428 0.8856026785714286 0.042261904761904764
1 0.0631253166160081 0.07988260582010584 0.007198660714285714 0.021577380952380952
0 0.5022879464285714 0.17760416666666667 0.8856026785714286 0.06651785714285714
1 0.06505053983029382 0.1462119708994709 0.011049107142857144 0.021577380952380952
0 0.5022879464285714 0.25223214285714285 0.8856026785714286 0.040773809523809525
1 0.06697576304457953 0.21254133597883595 0.014899553571428572 0.021577380952380952
0 0.5022879464285714 0.34471726190476193 0.8856026785714286 0.0537202380952381
1 0.07326761572315096 0.27887070105820105 0.027483258928571428 0.021577380952380952
0 0.5022879464285714 0.4005208333333333 0.8856026785714286 0.015922619047619047
1 0.07416744831243667 0.3452000661375661 0.029282924107142855 0.021577380952380952
0 0.5022879464285714 0.44620535714285714 0.8856026785714286 0.051041666666666666
1 0.07338619831243667 0.41152943121693125 0.027720424107142858 0.021577380952380952
0 0.5022879464285714 0.5479166666666667 0.8856026785714286 0.08095238095238096
1 0.06978686795529382 0.4778587962962963 0.020521763392857145 0.021577380952380952
0 0.5022879464285714 0.6071428571428571 0.8856026785714286 0.07172619047619047
1 0.06978686795529382 0.5441881613756614 0.020521763392857145 0.021577380952380952
0 0.5022879464285714 0.6675595238095238 0.8856026785714286 0.07470238095238095
1 0.06980081884815097 0.6105175264550264 0.02054966517857143 0.021577380952380952
0 0.5022879464285714 0.7099702380952381 0.8856026785714286 0.09464285714285714
1 0.06979384340172239 0.6768468915343916 0.020535714285714286 0.021577380952380952
0 0.5022879464285714 0.7715029761904761 0.8856026785714286 0.08586309523809524
1 0.06978686795529382 0.7431762566137565 0.020521763392857145 0.021577380952380952
0 0.5022879464285714 0.8395833333333333 0.8856026785714286 0.07678571428571429
1 0.06978686795529382 0.8095056216931217 0.020521763392857145 0.021577380952380952
