0 0.16975446428571428 0.26651785714285714 0.22142857142857142 0.07023809523809524
1 0.06267091990985048 0.18095592403628116 0.007198660714285714 0.021577380952380952
0 0.16975446428571428 0.3744047619047619 0.22142857142857142 0.16547619047619047
1 0.0645961431241362 0.3230902777777778 0.011049107142857144 0.021577380952380952
0 0.16975446428571428 0.5383928571428571 0.22142857142857142 0.14345238095238094
1 0.0665213663384219 0.4652246315192744 0.014899553571428572 0.021577380952380952
0 0.39140625 0.3171875 0.22142857142857142 0.10729166666666666
1 0.2944842439573125 0.18095592403628116 0.027483258928571428 0.021577380952380952
0 0.39140625 0.43080357142857145 0.22142857142857142 0.07202380952380952
1 0.2953840765465982 0.3230902777777778 0.029282924107142855 0.021577380952380952
0 0.39140625 0.5276785714285714 0.22142857142857142 0.15386904761904763
1 0.2946028265465982 0.4652246315192744 0.027720424107142858 0.021577380952380952
0 0.6130580357142857 0.3159970238095238 0.22142857142857142 0.11979166666666667
1 0.5126745211297744 0.18095592403628116 0.020521763392857145 0.021577380952380952
0 0.6130580357142857 0.45982142857142855 0.22142857142857142 0.15119047619047618
1 0.5126745211297744 0.3230902777777778 0.020521763392857145 0.021577380952380952
0 0.6130580357142857 0.5639880952380952 0.22142857142857142 0.12857142857142856
1 0.5126884720226316 0.4652246315192744 0.02054966517857143 0.021577380952380952
0 0.8347098214285714 0.20148809523809524 0.22142857142857142 0.27232142857142855
1 0.7343525215165222 0.18095592403628116 0.020535714285714286 0.021577380952380952
0 0.8347098214285714 0.30699404761904764 0.22142857142857142 0.3324404761904762
1 0.7343455460700936 0.3230902777777778 0.020521763392857145 0.021577380952380952
0 0.8347098214285714 0.46450892857142856 0.22142857142857142 0.28288690476190476
1 0.7343455460700936 0.4652246315192744 0.020521763392857145 0.021577380952380952
0 0.49832589285714285 0.6508928571428572 0.8785714285714286 0.18095238095238095
1 0.0645961431241362 0.6073589852607709 0.011049107142857144 0.021577380952380952
