0 0.2806919642857143 0.19404761904761905 0.44285714285714284 0.1318452380952381
1 0.06297304751642037 0.1388420414462081 0.007198660714285714 0.021577380952380952
0 0.2806919642857143 0.2943452380952381 0.44285714285714284 0.12529761904761905
1 0.06489827073070609 0.24939098324514994 0.011049107142857144 0.021577380952380952
0 0.2806919642857143 0.45014880952380953 0.44285714285714284 0.07261904761904762
1 0.0668234939449918 0.35993992504409167 0.014899553571428572 0.021577380952380952
0 0.2806919642857143 0.5860119047619048 0.44285714285714284 0.12589285714285714
1 0.07311534662356323 0.47048886684303354 0.027483258928571428 0.021577380952380952
0 0.2806919642857143 0.6514880952380953 0.44285714285714284 0.0875
1 0.07401517921284895 0.5810378086419753 0.029282924107142855 0.021577380952380952
0 0.2806919642857143 0.7621279761904762 0.44285714285714284 0.08556547619047619
1 0.07323392921284894 0.6915867504409172 0.027720424107142858 0.021577380952380987
0 0.7237723214285714 0.2554315476190476 0.44285714285714284 0.12098214285714286
1 0.5126861414223348 0.1388420414462081 0.020521763392857145 0.021577380952380952
0 0.7237723214285714 0.3572172619047619 0.44285714285714284 0.109375
1 0.5126861414223348 0.24939098324514994 0.020521763392857145 0.021577380952380952
0 0.7237723214285714 0.44092261904761904 0.44285714285714284 0.1288690476190476
1 0.512700092315192 0.35993992504409167 0.02054966517857143 0.021577380952380952
0 0.7237723214285714 0.5071428571428571 0.44285714285714284 0.2767857142857143
1 0.5126931168687634 0.47048886684303354 0.020535714285714286 0.021577380952380952
0 0.7237723214285714 0.6097470238095238 0.44285714285714284 0.259077380952381
1 0.5126861414223348 0.5810378086419753 0.020521763392857145 0.021577380952380952
0 0.7237723214285714 0.728125 0.44285714285714284 0.21904761904761905
1 0.5126861414223348 0.6915867504409172 0.020521763392857145 0.021577380952380987
