0 0.16975446428571428 0.23348214285714286 0.22142857142857142 0.1419642857142857
1 0.06267091990985048 0.18095592403628116 0.007198660714285714 0.021577380952380952
0 0.16975446428571428 0.35840773809523807 0.22142857142857142 0.17366071428571428
1 0.0645961431241362 0.3230902777777778 0.011049107142857144 0.021577380952380952
0 0.16975446428571428 0.5647321428571429 0.22142857142857142 0.11190476190476191
1 0.0665213663384219 0.4652246315192744 0.014899553571428572 0.021577380952380952
0 0.39140625 0.3418154761904762 0.22142857142857142 0.15178571428571427
1 0.2944842439573125 0.18095592403628116 0.027483258928571428 0.021577380952380952
0 0.39140625 0.40379464285714284 0.22142857142857142 0.0787202380952381
1 0.2953840765465982 0.3230902777777778 0.029282924107142855 0.021577380952380952
0 0.39140625 0.5295386904761905 0.22142857142857142 0.13169642857142858
1 0.2946028265465982 0.4652246315192744 0.027720424107142858 0.021577380952380952
0 0.6130580357142857 0.3359375 0.22142857142857142 0.13764880952380953
1 0.5126745211297744 0.18095592403628116 0.020521763392857145 0.021577380952380952
0 0.6130580357142857 0.5014880952380952 0.22142857142857142 0.25684523809523807
1 0.5126745211297744 0.3230902777777778 0.020521763392857145 0.021577380952380952
0 0.6130580357142857 0.5634672619047619 0.22142857142857142 0.2578869047619048
1 0.5126884720226316 0.4652246315192744 0.02054966517857143 0.021577380952380952
0 0.8347098214285714 0.18645833333333334 0.22142857142857142 0.33779761904761907
1 0.7343525215165222 0.18095592403628116 0.020535714285714286 0.021577380952380952
0 0.8347098214285714 0.284375 0.22142857142857142 0.35892857142857143
1 0.7343455460700936 0.3230902777777778 0.020521763392857145 0.021577380952380952
0 0.8347098214285714 0.4733630952380952 0.22142857142857142 0.22410714285714287
1 0.7343455460700936 0.4652246315192744 0.020521763392857145 0.021577380952380952
0 0.49832589285714285 0.6440476190476191 0.8785714285714286 0.1761904761904762
1 0.0645961431241362 0.6073589852607709 0.011049107142857144 0.021577380952380952
