0 0.2806919642857143 0.19308035714285715 0.44285714285714284 0.10491071428571429
1 0.06297304751642037 0.1388420414462081 0.007198660714285714 0.021577380952380952
0 0.2806919642857143 0.3182291666666667 0.44285714285714284 0.08080357142857143
1 0.06489827073070609 0.24939098324514994 0.011049107142857144 0.021577380952380952
0 0.2806919642857143 0.45424107142857145 0.44285714285714284 0.053125
1 0.0668234939449918 0.35993992504409167 0.014899553571428572 0.021577380952380952
0 0.2806919642857143 0.5726934523809524 0.44285714285714284 0.09122023809523809
1 0.07311534662356323 0.47048886684303354 0.027483258928571428 0.021577380952380952
0 0.2806919642857143 0.6416666666666667 0.44285714285714284 0.07529761904761904
1 0.07401517921284895 0.5810378086419753 0.029282924107142855 0.021577380952380952
0 0.2806919642857143 0.7745535714285714 0.44285714285714284 0.040773809523809525
1 0.07323392921284894 0.6915867504409172 0.027720424107142858 0.021577380952380987
0 0.7237723214285714 0.24836309523809524 0.44285714285714284 0.1125
1 0.5126861414223348 0.1388420414462081 0.020521763392857145 0.021577380952380952
0 0.7237723214285714 0.3491815476190476 0.44285714285714284 0.1349702380952381
1 0.5126861414223348 0.24939098324514994 0.020521763392857145 0.021577380952380952
0 0.7237723214285714 0.4336309523809524 0.44285714285714284 0.13898809523809524
1 0.512700092315192 0.35993992504409167 0.02054966517857143 0.021577380952380952
0 0.7237723214285714 0.526264880952381 0.44285714285714284 0.13913690476190477
1 0.5126931168687634 0.47048886684303354 0.020535714285714286 0.021577380952380952
0 0.7237723214285714 0.6349702380952381 0.44285714285714284 0.11696428571428572
1 0.5126861414223348 0.5810378086419753 0.020521763392857145 0.021577380952380952
0 0.7237723214285714 0.7543154761904762 0.44285714285714284 0.13154761904761905
1 0.5126861414223348 0.6915867504409172 0.020521763392857145 0.021577380952380987
