0 0.2806919642857143 0.20290178571428572 0.44285714285714284 0.09330357142857143
1 0.06297304751642037 0.1388420414462081 0.007198660714285714 0.021577380952380952
0 0.2806919642857143 0.36101190476190476 0.44285714285714284 0.1773809523809524
1 0.06489827073070609 0.24939098324514994 0.011049107142857144 0.021577380952380952
0 0.2806919642857143 0.48854166666666665 0.44285714285714284 0.2630952380952381
1 0.0668234939449918 0.35993992504409167 0.014899553571428572 0.021577380952380952
0 0.2806919642857143 0.5548363095238096 0.44285714285714284 0.06502976190476191
1 0.07311534662356323 0.47048886684303354 0.027483258928571428 0.021577380952380952
0 0.2806919642857143 0.631547619047619 0.44285714285714284 0.1767857142857143
1 0.07401517921284895 0.5810378086419753 0.029282924107142855 0.021577380952380952
0 0.2806919642857143 0.8118303571428571 0.44285714285714284 0.2200892857142857
1 0.07323392921284894 0.6915867504409172 0.027720424107142858 0.021577380952380987
0 0.7237723214285714 0.21763392857142858 0.44285714285714284 0.20282738095238095
1 0.5126861414223348 0.1388420414462081 0.020521763392857145 0.021577380952380952
0 0.7237723214285714 0.35104166666666664 0.44285714285714284 0.41577380952380955
1 0.5126861414223348 0.24939098324514994 0.020521763392857145 0.021577380952380952
0 0.7237723214285714 0.5118303571428572 0.44285714285714284 0.303125
1 0.512700092315192 0.35993992504409167 0.02054966517857143 0.021577380952380952
0 0.7237723214285714 0.5779017857142857 0.44285714285714284 0.2513392857142857
1 0.5126931168687634 0.47048886684303354 0.020535714285714286 0.021577380952380952
0 0.7237723214285714 0.6426339285714285 0.44285714285714284 0.19836309523809523
1 0.5126861414223348 0.5810378086419753 0.020521763392857145 0.021577380952380952
0 0.7237723214285714 0.7567708333333333 0.44285714285714284 0.15014880952380952
1 0.5126861414223348 0.6915867504409172 0.020521763392857145 0.021577380952380987
