0 0.2806919642857143 0.19806547619047618 0.44285714285714284 0.06547619047619048
1 0.06297304751642037 0.1388420414462081 0.007198660714285714 0.021577380952380952
0 0.2806919642857143 0.2986607142857143 0.44285714285714284 0.09196428571428572
1 0.06489827073070609 0.24939098324514994 0.011049107142857144 0.021577380952380952
0 0.2806919642857143 0.4314732142857143 0.44285714285714284 0.04330357142857143
1 0.0668234939449918 0.35993992504409167 0.014899553571428572 0.021577380952380952
0 0.2806919642857143 0.5805803571428572 0.44285714285714284 0.07663690476190477
1 0.07311534662356323 0.47048886684303354 0.027483258928571428 0.021577380952380952
0 0.2806919642857143 0.6586309523809524 0.44285714285714284 0.030654761904761903
1 0.07401517921284895 0.5810378086419753 0.029282924107142855 0.021577380952380952
0 0.2806919642857143 0.7517857142857143 0.44285714285714284 0.06577380952380953
1 0.07323392921284894 0.6915867504409172 0.027720424107142858 0.021577380952380987
0 0.7237723214285714 0.2275297619047619 0.44285714285714284 0.12648809523809523
1 0.5126861414223348 0.1388420414462081 0.020521763392857145 0.021577380952380952
0 0.7237723214285714 0.3203869047619048 0.44285714285714284 0.16726190476190475
1 0.5126861414223348 0.24939098324514994 0.020521763392857145 0.021577380952380952
0 0.7237723214285714 0.39791666666666664 0.44285714285714284 0.2130952380952381
1 0.512700092315192 0.35993992504409167 0.02054966517857143 0.021577380952380952
0 0.7237723214285714 0.5149553571428571 0.44285714285714284 0.134375
1 0.5126931168687634 0.47048886684303354 0.020535714285714286 0.021577380952380952
0 0.7237723214285714 0.577827380952381 0.44285714285714284 0.3145833333333333
1 0.5126861414223348 0.5810378086419753 0.020521763392857145 0.021577380952380952
0 0.7237723214285714 0.7412202380952381 0.44285714285714284 0.10535714285714286
1 0.5126861414223348 0.6915867504409172 0.020521763392857145 0.021577380952380987
