0 0.16975446428571428 0.2688988095238095 0.22142857142857142 0.05416666666666667
1 0.06267091990985048 0.18095592403628116 0.007198660714285714 0.021577380952380952
0 0.16975446428571428 0.38251488095238095 0.22142857142857142 0.14419642857142856
1 0.0645961431241362 0.3230902777777778 0.011049107142857144 0.021577380952380952
0 0.16975446428571428 0.5400297619047619 0.22142857142857142 0.09910714285714285
1 0.0665213663384219 0.4652246315192744 0.014899553571428572 0.021577380952380952
0 0.39140625 0.3136904761904762 0.22142857142857142 0.09702380952380953
1 0.2944842439573125 0.18095592403628116 0.027483258928571428 0.021577380952380952
0 0.39140625 0.434375 0.22142857142857142 0.03244047619047619
1 0.2953840765465982 0.3230902777777778 0.029282924107142855 0.021577380952380952
0 0.39140625 0.5323660714285714 0.22142857142857142 0.12157738095238095
1 0.2946028265465982 0.4652246315192744 0.027720424107142858 0.021577380952380952
0 0.6130580357142857 0.3152529761904762 0.22142857142857142 0.12514880952380952
1 0.5126745211297744 0.18095592403628116 0.020521763392857145 0.021577380952380952
0 0.6130580357142857 0.45364583333333336 0.22142857142857142 0.14598214285714287
1 0.5126745211297744 0.3230902777777778 0.020521763392857145 0.021577380952380952
0 0.6130580357142857 0.5264136904761905 0.22142857142857142 0.20044642857142858
1 0.5126884720226316 0.4652246315192744 0.02054966517857143 0.021577380952380952
0 0.8347098214285714 0.22194940476190475 0.22142857142857142 0.18913690476190476
1 0.7343525215165222 0.18095592403628116 0.020535714285714286 0.021577380952380952
0 0.8347098214285714 0.3790922619047619 0.22142857142857142 0.16324404761904762
1 0.7343455460700936 0.3230902777777778 0.020521763392857145 0.021577380952380952
0 0.8347098214285714 0.5303571428571429 0.22142857142857142 0.14702380952380953
1 0.7343455460700936 0.4652246315192744 0.020521763392857145 0.021577380952380952
0 0.49832589285714285 0.6686011904761905 0.8785714285714286 0.14761904761904762
1 0.0645961431241362 0.6073589852607709 0.011049107142857144 0.021577380952380952
