0 0.16975446428571428 0.24233630952380952 0.22142857142857142 0.1230654761904762
1 0.06267091990985048 0.18095592403628116 0.007198660714285714 0.021577380952380952
0 0.16975446428571428 0.3825892857142857 0.22142857142857142 0.12708333333333333
1 0.0645961431241362 0.3230902777777778 0.011049107142857144 0.021577380952380952
0 0.16975446428571428 0.5617559523809523 0.22142857142857142 0.03154761904761905
1 0.0665213663384219 0.4652246315192744 0.014899553571428572 0.021577380952380952
0 0.39140625 0.3265625 0.22142857142857142 0.121875
1 0.2944842439573125 0.18095592403628116 0.027483258928571428 0.021577380952380952
0 0.39140625 0.4069940476190476 0.22142857142857142 0.06696428571428571
1 0.2953840765465982 0.3230902777777778 0.029282924107142855 0.021577380952380952
0 0.39140625 0.5447172619047619 0.22142857142857142 0.07336309523809524
1 0.2946028265465982 0.4652246315192744 0.027720424107142858 0.021577380952380952
0 0.6130580357142857 0.3029017857142857 0.22142857142857142 0.1043154761904762
1 0.5126745211297744 0.18095592403628116 0.020521763392857145 0.021577380952380952
0 0.6130580357142857 0.37864583333333335 0.22142857142857142 0.14479166666666668
1 0.5126745211297744 0.3230902777777778 0.020521763392857145 0.021577380952380952
0 0.6130580357142857 0.49270833333333336 0.22142857142857142 0.1875
1 0.5126884720226316 0.4652246315192744 0.02054966517857143 0.021577380952380952
0 0.8347098214285714 0.2087797619047619 0.22142857142857142 0.1818452380952381
1 0.7343525215165222 0.18095592403628116 0.020535714285714286 0.021577380952380952
0 0.8347098214285714 0.35833333333333334 0.22142857142857142 0.16398809523809524
1 0.7343455460700936 0.3230902777777778 0.020521763392857145 0.021577380952380952
0 0.8347098214285714 0.4999255952380952 0.22142857142857142 0.16473214285714285
1 0.7343455460700936 0.4652246315192744 0.020521763392857145 0.021577380952380952
0 0.49832589285714285 0.6641369047619048 0.8785714285714286 0.13273809523809524
1 0.0645961431241362 0.6073589852607709 0.011049107142857144 0.021577380952380952
