0 0.16975446428571428 0.2515625 0.22142857142857142 0.0956845238095238
1 0.06267091990985048 0.18095592403628116 0.007198660714285714 0.021577380952380952
0 0.16975446428571428 0.4220238095238095 0.22142857142857142 0.05714285714285714
1 0.0645961431241362 0.3230902777777778 0.011049107142857144 0.021577380952380952
0 0.16975446428571428 0.5904017857142857 0.22142857142857142 0.07514880952380952
1 0.0665213663384219 0.4652246315192744 0.014899553571428572 0.021577380952380952
0 0.39140625 0.3048363095238095 0.22142857142857142 0.0644345238095238
1 0.2944842439573125 0.18095592403628116 0.027483258928571428 0.021577380952380952
0 0.39140625 0.39880952380952384 0.22142857142857142 0.08482142857142858
1 0.2953840765465982 0.3230902777777778 0.029282924107142855 0.021577380952380952
0 0.39140625 0.5712797619047619 0.22142857142857142 0.04642857142857143
1 0.2946028265465982 0.4652246315192744 0.027720424107142858 0.021577380952380952
0 0.6130580357142857 0.30885416666666665 0.22142857142857142 0.09598214285714286
1 0.5126745211297744 0.18095592403628116 0.020521763392857145 0.021577380952380952
0 0.6130580357142857 0.4609375 0.22142857142857142 0.1992559523809524
1 0.5126745211297744 0.3230902777777778 0.020521763392857145 0.021577380952380952
0 0.6130580357142857 0.5609375 0.22142857142857142 0.13110119047619048
1 0.5126884720226316 0.4652246315192744 0.02054966517857143 0.021577380952380952
0 0.8347098214285714 0.2552827380952381 0.22142857142857142 0.13199404761904762
1 0.7343525215165222 0.18095592403628116 0.020535714285714286 0.021577380952380952
0 0.8347098214285714 0.3947172619047619 0.22142857142857142 0.10044642857142858
1 0.7343455460700936 0.3230902777777778 0.020521763392857145 0.021577380952380952
0 0.8347098214285714 0.5404761904761904 0.22142857142857142 0.08839285714285715
1 0.7343455460700936 0.4652246315192744 0.020521763392857145 0.021577380952380952
0 0.49832589285714285 0.7055803571428572 0.8785714285714286 0.05818452380952381
1 0.0645961431241362 0.6073589852607709 0.011049107142857144 0.021577380952380952
