0 0.16975446428571428 0.22842261904761904 0.22142857142857142 0.16339285714285715
1 0.06267091990985048 0.18095592403628116 0.007198660714285714 0.021577380952380952
0 0.16975446428571428 0.4161458333333333 0.22142857142857142 0.09330357142857143
1 0.0645961431241362 0.3230902777777778 0.011049107142857144 0.021577380952380952
0 0.16975446428571428 0.6105654761904762 0.22142857142857142 0.1261904761904762
1 0.0665213663384219 0.4652246315192744 0.014899553571428572 0.021577380952380952
0 0.39140625 0.31279761904761905 0.22142857142857142 0.1199404761904762
1 0.2944842439573125 0.18095592403628116 0.027483258928571428 0.021577380952380952
0 0.39140625 0.37589285714285714 0.22142857142857142 0.14166666666666666
1 0.2953840765465982 0.3230902777777778 0.029282924107142855 0.021577380952380952
0 0.39140625 0.576860119047619 0.22142857142857142 0.07276785714285715
1 0.2946028265465982 0.4652246315192744 0.027720424107142858 0.021577380952380952
0 0.6130580357142857 0.3183779761904762 0.22142857142857142 0.1269345238095238
1 0.5126745211297744 0.18095592403628116 0.020521763392857145 0.021577380952380952
0 0.6130580357142857 0.43311011904761904 0.22142857142857142 0.07723214285714286
1 0.5126745211297744 0.3230902777777778 0.020521763392857145 0.021577380952380952
0 0.6130580357142857 0.49694940476190474 0.22142857142857142 0.21086309523809524
1 0.5126884720226316 0.4652246315192744 0.02054966517857143 0.021577380952380952
0 0.8347098214285714 0.2674107142857143 0.22142857142857142 0.1675595238095238
1 0.7343525215165222 0.18095592403628116 0.020535714285714286 0.021577380952380952
0 0.8347098214285714 0.37976190476190474 0.22142857142857142 0.1818452380952381
1 0.7343455460700936 0.3230902777777778 0.020521763392857145 0.021577380952380952
0 0.8347098214285714 0.5283482142857143 0.22142857142857142 0.1513392857142857
1 0.7343455460700936 0.4652246315192744 0.020521763392857145 0.021577380952380952
0 0.49832589285714285 0.6980654761904762 0.8785714285714286 0.10803571428571429
1 0.0645961431241362 0.6073589852607709 0.011049107142857144 0.021577380952380952
