0 0.2806919642857143 0.2052827380952381 0.44285714285714284 0.07276785714285715
1 0.06297304751642037 0.1388420414462081 0.007198660714285714 0.021577380952380952
0 0.2806919642857143 0.3398809523809524 0.44285714285714284 0.06279761904761905
1 0.06489827073070609 0.24939098324514994 0.011049107142857144 0.021577380952380952
0 0.2806919642857143 0.46510416666666665 0.44285714285714284 0.08705357142857142
1 0.0668234939449918 0.35993992504409167 0.014899553571428572 0.021577380952380952
0 0.2806919642857143 0.5513392857142857 0.44285714285714284 0.055952380952380955
1 0.07311534662356323 0.47048886684303354 0.027483258928571428 0.021577380952380952
0 0.2806919642857143 0.6396577380952381 0.44285714285714284 0.07157738095238095
1 0.07401517921284895 0.5810378086419753 0.029282924107142855 0.021577380952380952
0 0.2806919642857143 0.7835565476190476 0.44285714285714284 0.06324404761904762
1 0.07323392921284894 0.6915867504409172 0.027720424107142858 0.021577380952380987
0 0.7237723214285714 0.20066964285714287 0.44285714285714284 0.15223214285714284
1 0.5126861414223348 0.1388420414462081 0.020521763392857145 0.021577380952380952
0 0.7237723214285714 0.2942708333333333 0.44285714285714284 0.24776785714285715
1 0.5126861414223348 0.24939098324514994 0.020521763392857145 0.021577380952380952
0 0.7237723214285714 0.5405505952380952 0.44285714285714284 0.4376488095238095
1 0.512700092315192 0.35993992504409167 0.02054966517857143 0.021577380952380952
0 0.7237723214285714 0.5747767857142857 0.44285714285714284 0.2236607142857143
1 0.5126931168687634 0.47048886684303354 0.020535714285714286 0.021577380952380952
0 0.7237723214285714 0.6603422619047619 0.44285714285714284 0.2337797619047619
1 0.5126861414223348 0.5810378086419753 0.020521763392857145 0.021577380952380952
0 0.7237723214285714 0.7529017857142857 0.44285714285714284 0.1793154761904762
1 0.5126861414223348 0.6915867504409172 0.020521763392857145 0.021577380952380987
