0 0.16975446428571428 0.24754464285714287 0.22142857142857142 0.10788690476190477
1 0.06267091990985048 0.18095592403628116 0.007198660714285714 0.021577380952380952
0 0.16975446428571428 0.4043154761904762 0.22142857142857142 0.09285714285714286
1 0.0645961431241362 0.3230902777777778 0.011049107142857144 0.021577380952380952
0 0.16975446428571428 0.5816964285714286 0.22142857142857142 0.06369047619047619
1 0.0665213663384219 0.4652246315192744 0.014899553571428572 0.021577380952380952
0 0.39140625 0.31294642857142857 0.22142857142857142 0.0994047619047619
1 0.2944842439573125 0.18095592403628116 0.027483258928571428 0.021577380952380952
0 0.39140625 0.4002232142857143 0.22142857142857142 0.08348214285714285
1 0.2953840765465982 0.3230902777777778 0.029282924107142855 0.021577380952380952
0 0.39140625 0.5639136904761904 0.22142857142857142 0.04300595238095238
1 0.2946028265465982 0.4652246315192744 0.027720424107142858 0.021577380952380952
0 0.6130580357142857 0.31197916666666664 0.22142857142857142 0.14717261904761905
1 0.5126745211297744 0.18095592403628116 0.020521763392857145 0.021577380952380952
0 0.6130580357142857 0.4558035714285714 0.22142857142857142 0.15446428571428572
1 0.5126745211297744 0.3230902777777778 0.020521763392857145 0.021577380952380952
0 0.6130580357142857 0.5898065476190476 0.22142857142857142 0.11116071428571428
1 0.5126884720226316 0.4652246315192744 0.02054966517857143 0.021577380952380952
0 0.8347098214285714 0.2682291666666667 0.22142857142857142 0.06889880952380953
1 0.7343525215165222 0.18095592403628116 0.020535714285714286 0.021577380952380952
0 0.8347098214285714 0.42566964285714287 0.22142857142857142 0.08824404761904762
1 0.7343455460700936 0.3230902777777778 0.020521763392857145 0.021577380952380952
0 0.8347098214285714 0.5334821428571429 0.22142857142857142 0.12857142857142856
1 0.7343455460700936 0.4652246315192744 0.020521763392857145 0.021577380952380952
0 0.49832589285714285 0.6893601190476191 0.8785714285714286 0.09538690476190476
1 0.0645961431241362 0.6073589852607709 0.011049107142857144 0.021577380952380952
