0 0.2806919642857143 0.19732142857142856 0.44285714285714284 0.08392857142857142
1 0.06297304751642037 0.1388420414462081 0.007198660714285714 0.021577380952380952
0 0.2806919642857143 0.3490327380952381 0.44285714285714284 0.06145833333333333
1 0.06489827073070609 0.24939098324514994 0.011049107142857144 0.021577380952380952
0 0.2806919642857143 0.48794642857142856 0.44285714285714284 0.12976190476190477
1 0.0668234939449918 0.35993992504409167 0.014899553571428572 0.021577380952380952
0 0.2806919642857143 0.5545386904761904 0.44285714285714284 0.032589285714285716
1 0.07311534662356323 0.47048886684303354 0.027483258928571428 0.021577380952380952
0 0.2806919642857143 0.6279017857142857 0.44285714285714284 0.10610119047619047
1 0.07401517921284895 0.5810378086419753 0.029282924107142855 0.021577380952380952
0 0.2806919642857143 0.8053571428571429 0.44285714285714284 0.09523809523809523
1 0.07323392921284894 0.6915867504409172 0.027720424107142858 0.021577380952380987
0 0.7237723214285714 0.2540922619047619 0.44285714285714284 0.15580357142857143
1 0.5126861414223348 0.1388420414462081 0.020521763392857145 0.021577380952380952
0 0.7237723214285714 0.37336309523809524 0.44285714285714284 0.16041666666666668
1 0.5126861414223348 0.24939098324514994 0.020521763392857145 0.021577380952380952
0 0.7237723214285714 0.4679315476190476 0.44285714285714284 0.09300595238095238
1 0.512700092315192 0.35993992504409167 0.02054966517857143 0.021577380952380952
0 0.7237723214285714 0.570610119047619 0.44285714285714284 0.08139880952380953
1 0.5126931168687634 0.47048886684303354 0.020535714285714286 0.021577380952380952
0 0.7237723214285714 0.6529017857142857 0.44285714285714284 0.10163690476190476
1 0.5126861414223348 0.5810378086419753 0.020521763392857145 0.021577380952380952
0 0.7237723214285714 0.7581845238095238 0.44285714285714284 0.10535714285714286
1 0.5126861414223348 0.6915867504409172 0.020521763392857145 0.021577380952380987
