0 0.16975446428571428 0.26413690476190477 0.22142857142857142 0.08303571428571428
1 0.06267091990985048 0.18095592403628116 0.007198660714285714 0.021577380952380952
0 0.16975446428571428 0.4002232142857143 0.22142857142857142 0.121875
1 0.0645961431241362 0.3230902777777778 0.011049107142857144 0.021577380952380952
0 0.16975446428571428 0.5648809523809524 0.22142857142857142 0.055952380952380955
1 0.0665213663384219 0.4652246315192744 0.014899553571428572 0.021577380952380952
0 0.39140625 0.30885416666666665 0.22142857142857142 0.096875
1 0.2944842439573125 0.18095592403628116 0.027483258928571428 0.021577380952380952
0 0.39140625 0.4218005952380952 0.22142857142857142 0.05163690476190476
1 0.2953840765465982 0.3230902777777778 0.029282924107142855 0.021577380952380952
0 0.39140625 0.5539434523809523 0.22142857142857142 0.08824404761904762
1 0.2946028265465982 0.4652246315192744 0.027720424107142858 0.021577380952380952
0 0.6130580357142857 0.2986607142857143 0.22142857142857142 0.10267857142857142
1 0.5126745211297744 0.18095592403628116 0.020521763392857145 0.021577380952380952
0 0.6130580357142857 0.4473958333333333 0.22142857142857142 0.15907738095238094
1 0.5126745211297744 0.3230902777777778 0.020521763392857145 0.021577380952380952
0 0.6130580357142857 0.5740327380952381 0.22142857142857142 0.171875
1 0.5126884720226316 0.4652246315192744 0.02054966517857143 0.021577380952380952
0 0.8347098214285714 0.22842261904761904 0.22142857142857142 0.225
1 0.7343525215165222 0.18095592403628116 0.020535714285714286 0.021577380952380952
0 0.8347098214285714 0.3703869047619048 0.22142857142857142 0.16845238095238096
1 0.7343455460700936 0.3230902777777778 0.020521763392857145 0.021577380952380952
0 0.8347098214285714 0.5217261904761905 0.22142857142857142 0.15119047619047618
1 0.7343455460700936 0.4652246315192744 0.020521763392857145 0.021577380952380952
0 0.49832589285714285 0.6819196428571429 0.8785714285714286 0.12723214285714285
1 0.0645961431241362 0.6073589852607709 0.011049107142857144 0.021577380952380952
