0 0.2806919642857143 0.21101190476190476 0.44285714285714284 0.056845238095238095
1 0.06297304751642037 0.1388420414462081 0.007198660714285714 0.021577380952380952
0 0.2806919642857143 0.2995535714285714 0.44285714285714284 0.09821428571428571
1 0.06489827073070609 0.24939098324514994 0.011049107142857144 0.021577380952380952
0 0.2806919642857143 0.42075892857142855 0.44285714285714284 0.07633928571428572
1 0.0668234939449918 0.35993992504409167 0.014899553571428572 0.021577380952380952
0 0.2806919642857143 0.5705357142857143 0.44285714285714284 0.06964285714285715
1 0.07311534662356323 0.47048886684303354 0.027483258928571428 0.021577380952380952
0 0.2806919642857143 0.6671875 0.44285714285714284 0.04627976190476191
1 0.07401517921284895 0.5810378086419753 0.029282924107142855 0.021577380952380952
0 0.2806919642857143 0.7456101190476191 0.44285714285714284 0.084375
1 0.07323392921284894 0.6915867504409172 0.027720424107142858 0.021577380952380987
0 0.7237723214285714 0.25163690476190476 0.44285714285714284 0.09702380952380953
1 0.5126861414223348 0.1388420414462081 0.020521763392857145 0.021577380952380952
0 0.7237723214285714 0.3599702380952381 0.44285714285714284 0.1419642857142857
1 0.5126861414223348 0.24939098324514994 0.020521763392857145 0.021577380952380952
0 0.7237723214285714 0.42566964285714287 0.44285714285714284 0.12842261904761904
1 0.512700092315192 0.35993992504409167 0.02054966517857143 0.021577380952380952
0 0.7237723214285714 0.518154761904762 0.44285714285714284 0.12976190476190477
1 0.5126931168687634 0.47048886684303354 0.020535714285714286 0.021577380952380952
0 0.7237723214285714 0.6279761904761905 0.44285714285714284 0.1181547619047619
1 0.5126861414223348 0.5810378086419753 0.020521763392857145 0.021577380952380952
0 0.7237723214285714 0.7428571428571429 0.44285714285714284 0.10178571428571428
1 0.5126861414223348 0.6915867504409172 0.020521763392857145 0.021577380952380987
