0 0.2806919642857143 0.20163690476190477 0.44285714285714284 0.06279761904761905
1 0.06297304751642037 0.1388420414462081 0.007198660714285714 0.021577380952380952
0 0.2806919642857143 0.30498511904761905 0.44285714285714284 0.08645833333333333
1 0.06489827073070609 0.24939098324514994 0.011049107142857144 0.021577380952380952
0 0.2806919642857143 0.4386904761904762 0.44285714285714284 0.04255952380952381
1 0.0668234939449918 0.35993992504409167 0.014899553571428572 0.021577380952380952
0 0.2806919642857143 0.5758184523809524 0.44285714285714284 0.0730654761904762
1 0.07311534662356323 0.47048886684303354 0.027483258928571428 0.021577380952380952
0 0.2806919642857143 0.6523065476190476 0.44285714285714284 0.03824404761904762
1 0.07401517921284895 0.5810378086419753 0.029282924107142855 0.021577380952380952
0 0.2806919642857143 0.7570684523809523 0.44285714285714284 0.058779761904761904
1 0.07323392921284894 0.6915867504409172 0.027720424107142858 0.021577380952380987
0 0.7237723214285714 0.24300595238095238 0.44285714285714284 0.08601190476190476
1 0.5126861414223348 0.1388420414462081 0.020521763392857145 0.021577380952380952
0 0.7237723214285714 0.3386160714285714 0.44285714285714284 0.07901785714285714
1 0.5126861414223348 0.24939098324514994 0.020521763392857145 0.021577380952380952
0 0.7237723214285714 0.4273065476190476 0.44285714285714284 0.04985119047619048
1 0.512700092315192 0.35993992504409167 0.02054966517857143 0.021577380952380952
0 0.7237723214285714 0.5101934523809524 0.44285714285714284 0.11919642857142858
1 0.5126931168687634 0.47048886684303354 0.020535714285714286 0.021577380952380952
0 0.7237723214285714 0.6177827380952381 0.44285714285714284 0.13229166666666667
1 0.5126861414223348 0.5810378086419753 0.020521763392857145 0.021577380952380952
0 0.7237723214285714 0.7320684523809524 0.44285714285714284 0.12098214285714286
1 0.5126861414223348 0.6915867504409172 0.020521763392857145 0.021577380952380987
