0 0.5022879464285714 0.12358630952380953 0.8856026785714286 0.052529761904761905
1 0.0631253166160081 0.07988260582010584 0.007198660714285714 0.021577380952380952
0 0.5022879464285714 0.20029761904761906 0.8856026785714286 0.06101190476190476
1 0.06505053983029382 0.1462119708994709 0.011049107142857144 0.021577380952380952
0 0.5022879464285714 0.27938988095238093 0.8856026785714286 0.05818452380952381
1 0.06697576304457953 0.21254133597883595 0.014899553571428572 0.021577380952380952
0 0.5022879464285714 0.33764880952380955 0.8856026785714286 0.045535714285714284
1 0.07326761572315096 0.27887070105820105 0.027483258928571428 0.021577380952380952
0 0.5022879464285714 0.3886904761904762 0.8856026785714286 0.04970238095238095
1 0.07416744831243667 0.3452000661375661 0.029282924107142855 0.021577380952380952
0 0.5022879464285714 0.4734375 0.8856026785714286 0.05431547619047619
1 0.07338619831243667 0.41152943121693125 0.027720424107142858 0.021577380952380952
0 0.5022879464285714 0.5470982142857143 0.8856026785714286 0.06502976190476191
1 0.06978686795529382 0.4778587962962963 0.020521763392857145 0.021577380952380952
0 0.5022879464285714 0.6060267857142857 0.8856026785714286 0.11026785714285714
1 0.06978686795529382 0.5441881613756614 0.020521763392857145 0.021577380952380952
0 0.5022879464285714 0.6600446428571428 0.8856026785714286 0.14479166666666668
1 0.06980081884815097 0.6105175264550264 0.02054966517857143 0.021577380952380952
0 0.5022879464285714 0.7209821428571429 0.8856026785714286 0.13035714285714287
1 0.06979384340172239 0.6768468915343916 0.020535714285714286 0.021577380952380952
0 0.5022879464285714 0.786235119047619 0.8856026785714286 0.09479166666666666
1 0.06978686795529382 0.7431762566137565 0.020521763392857145 0.021577380952380952
0 0.5022879464285714 0.8507440476190476 0.8856026785714286 0.06160714285714286
1 0.06978686795529382 0.8095056216931217 0.020521763392857145 0.021577380952380952
