0 0.16975446428571428 0.2598958333333333 0.22142857142857142 0.0831845238095238
1 0.06267091990985048 0.18095592403628116 0.007198660714285714 0.021577380952380952
0 0.16975446428571428 0.41510416666666666 0.22142857142857142 0.09479166666666666
1 0.0645961431241362 0.3230902777777778 0.011049107142857144 0.021577380952380952
0 0.16975446428571428 0.5798363095238095 0.22142857142857142 0.06056547619047619
1 0.0665213663384219 0.4652246315192744 0.014899553571428572 0.021577380952380952
0 0.39140625 0.3020089285714286 0.22142857142857142 0.08883928571428572
1 0.2944842439573125 0.18095592403628116 0.027483258928571428 0.021577380952380952
0 0.39140625 0.41458333333333336 0.22142857142857142 0.052083333333333336
1 0.2953840765465982 0.3230902777777778 0.029282924107142855 0.021577380952380952
0 0.39140625 0.5642113095238095 0.22142857142857142 0.06770833333333333
1 0.2946028265465982 0.4652246315192744 0.027720424107142858 0.021577380952380952
0 0.6130580357142857 0.3197172619047619 0.22142857142857142 0.1144345238095238
1 0.5126745211297744 0.18095592403628116 0.020521763392857145 0.021577380952380952
0 0.6130580357142857 0.43459821428571427 0.22142857142857142 0.16770833333333332
1 0.5126745211297744 0.3230902777777778 0.020521763392857145 0.021577380952380952
0 0.6130580357142857 0.5770089285714286 0.22142857142857142 0.19032738095238094
1 0.5126884720226316 0.4652246315192744 0.02054966517857143 0.021577380952380952
0 0.8347098214285714 0.2534970238095238 0.22142857142857142 0.20074404761904763
1 0.7343525215165222 0.18095592403628116 0.020535714285714286 0.021577380952380952
0 0.8347098214285714 0.38660714285714287 0.22142857142857142 0.16041666666666668
1 0.7343455460700936 0.3230902777777778 0.020521763392857145 0.021577380952380952
0 0.8347098214285714 0.5244047619047619 0.22142857142857142 0.1324404761904762
1 0.7343455460700936 0.4652246315192744 0.020521763392857145 0.021577380952380952
0 0.49832589285714285 0.6967261904761904 0.8785714285714286 0.1113095238095238
1 0.0645961431241362 0.6073589852607709 0.011049107142857144 0.021577380952380952
