0 0.2806919642857143 0.22023809523809523 0.44285714285714284 0.04851190476190476
1 0.06297304751642037 0.1388420414462081 0.007198660714285714 0.021577380952380952
0 0.2806919642857143 0.315625 0.44285714285714284 0.09851190476190476
1 0.06489827073070609 0.24939098324514994 0.011049107142857144 0.021577380952380952
0 0.2806919642857143 0.4259672619047619 0.44285714285714284 0.06651785714285714
1 0.0668234939449918 0.35993992504409167 0.014899553571428572 0.021577380952380952
0 0.2806919642857143 0.5601190476190476 0.44285714285714284 0.07083333333333333
1 0.07311534662356323 0.47048886684303354 0.027483258928571428 0.021577380952380952
0 0.2806919642857143 0.6649553571428571 0.44285714285714284 0.03318452380952381
1 0.07401517921284895 0.5810378086419753 0.029282924107142855 0.021577380952380952
0 0.2806919642857143 0.7572916666666667 0.44285714285714284 0.08154761904761905
1 0.07323392921284894 0.6915867504409172 0.027720424107142858 0.021577380952380987
0 0.7237723214285714 0.23846726190476192 0.44285714285714284 0.05907738095238095
1 0.5126861414223348 0.1388420414462081 0.020521763392857145 0.021577380952380952
0 0.7237723214285714 0.3654017857142857 0.44285714285714284 0.14419642857142856
1 0.5126861414223348 0.24939098324514994 0.020521763392857145 0.021577380952380952
0 0.7237723214285714 0.43921130952380955 0.44285714285714284 0.09806547619047619
1 0.512700092315192 0.35993992504409167 0.02054966517857143 0.021577380952380952
0 0.7237723214285714 0.5253720238095239 0.44285714285714284 0.13348214285714285
1 0.5126931168687634 0.47048886684303354 0.020535714285714286 0.021577380952380952
0 0.7237723214285714 0.6330357142857143 0.44285714285714284 0.12946428571428573
1 0.5126861414223348 0.5810378086419753 0.020521763392857145 0.021577380952380952
0 0.7237723214285714 0.7453869047619047 0.44285714285714284 0.11339285714285714
1 0.5126861414223348 0.6915867504409172 0.020521763392857145 0.021577380952380987
