0 0.5022879464285714 0.11205357142857143 0.8856026785714286 0.0818452380952381
1 0.0631253166160081 0.07988260582010584 0.007198660714285714 0.021577380952380952
0 0.5022879464285714 0.19174107142857144 0.8856026785714286 0.04151785714285714
1 0.06505053983029382 0.1462119708994709 0.011049107142857144 0.021577380952380952
0 0.5022879464285714 0.28311011904761907 0.8856026785714286 0.06979166666666667
1 0.06697576304457953 0.21254133597883595 0.014899553571428572 0.021577380952380952
0 0.5022879464285714 0.3469494047619048 0.8856026785714286 0.05669642857142857
1 0.07326761572315096 0.27887070105820105 0.027483258928571428 0.021577380952380952
0 0.5022879464285714 0.3800595238095238 0.8856026785714286 0.07321428571428572
1 0.07416744831243667 0.3452000661375661 0.029282924107142855 0.021577380952380952
0 0.5022879464285714 0.4739583333333333 0.8856026785714286 0.035416666666666666
1 0.07338619831243667 0.41152943121693125 0.027720424107142858 0.021577380952380952
0 0.5022879464285714 0.5581845238095238 0.8856026785714286 0.09077380952380952
1 0.06978686795529382 0.4778587962962963 0.020521763392857145 0.021577380952380952
0 0.5022879464285714 0.6 0.8856026785714286 0.0886904761904762
1 0.06978686795529382 0.5441881613756614 0.020521763392857145 0.021577380952380952
0 0.5022879464285714 0.6598214285714286 0.8856026785714286 0.08839285714285715
1 0.06980081884815097 0.6105175264550264 0.02054966517857143 0.021577380952380952
0 0.5022879464285714 0.7073660714285714 0.8856026785714286 0.10967261904761905
1 0.06979384340172239 0.6768468915343916 0.020535714285714286 0.021577380952380952
0 0.5022879464285714 0.7703125 0.8856026785714286 0.09360119047619048
1 0.06978686795529382 0.7431762566137565 0.020521763392857145 0.021577380952380952
0 0.5022879464285714 0.836235119047619 0.8856026785714286 0.078125
1 0.06978686795529382 0.8095056216931217 0.020521763392857145 0.021577380952380952
