0 0.16975446428571428 0.23839285714285716 0.22142857142857142 0.1282738095238095
1 0.06267091990985048 0.18095592403628116 0.007198660714285714 0.021577380952380952
0 0.16975446428571428 0.42678571428571427 0.22142857142857142 0.06458333333333334
1 0.0645961431241362 0.3230902777777778 0.011049107142857144 0.021577380952380952
0 0.16975446428571428 0.6129464285714286 0.22142857142857142 0.11607142857142858
1 0.0665213663384219 0.4652246315192744 0.014899553571428572 0.021577380952380952
0 0.39140625 0.30558035714285714 0.22142857142857142 0.07633928571428572
1 0.2944842439573125 0.18095592403628116 0.027483258928571428 0.021577380952380952
0 0.39140625 0.37991071428571427 0.22142857142857142 0.11964285714285715
1 0.2953840765465982 0.3230902777777778 0.029282924107142855 0.021577380952380952
0 0.39140625 0.5845982142857142 0.22142857142857142 0.06711309523809524
1 0.2946028265465982 0.4652246315192744 0.027720424107142858 0.021577380952380952
0 0.6130580357142857 0.30766369047619047 0.22142857142857142 0.08526785714285715
1 0.5126745211297744 0.18095592403628116 0.020521763392857145 0.021577380952380952
0 0.6130580357142857 0.4119047619047619 0.22142857142857142 0.2086309523809524
1 0.5126745211297744 0.3230902777777778 0.020521763392857145 0.021577380952380952
0 0.6130580357142857 0.5213541666666667 0.22142857142857142 0.17217261904761905
1 0.5126884720226316 0.4652246315192744 0.02054966517857143 0.021577380952380952
0 0.8347098214285714 0.22760416666666666 0.22142857142857142 0.17366071428571428
1 0.7343525215165222 0.18095592403628116 0.020535714285714286 0.021577380952380952
0 0.8347098214285714 0.3724702380952381 0.22142857142857142 0.13482142857142856
1 0.7343455460700936 0.3230902777777778 0.020521763392857145 0.021577380952380952
0 0.8347098214285714 0.5319940476190477 0.22142857142857142 0.10029761904761905
1 0.7343455460700936 0.4652246315192744 0.020521763392857145 0.021577380952380952
0 0.49832589285714285 0.7055059523809524 0.8785714285714286 0.07559523809523809
1 0.0645961431241362 0.6073589852607709 0.011049107142857144 0.021577380952380952
