0 0.2806919642857143 0.20617559523809523 0.44285714285714284 0.06770833333333333
1 0.06297304751642037 0.1388420414462081 0.007198660714285714 0.021577380952380952
0 0.2806919642857143 0.3263392857142857 0.44285714285714284 0.05625
1 0.06489827073070609 0.24939098324514994 0.011049107142857144 0.021577380952380952
0 0.2806919642857143 0.4438988095238095 0.44285714285714284 0.055357142857142855
1 0.0668234939449918 0.35993992504409167 0.014899553571428572 0.021577380952380952
0 0.2806919642857143 0.5611607142857142 0.44285714285714284 0.052976190476190475
1 0.07311534662356323 0.47048886684303354 0.027483258928571428 0.021577380952380952
0 0.2806919642857143 0.6534970238095238 0.44285714285714284 0.058779761904761904
1 0.07401517921284895 0.5810378086419753 0.029282924107142855 0.021577380952380952
0 0.2806919642857143 0.7712053571428571 0.44285714285714284 0.04389880952380952
1 0.07323392921284894 0.6915867504409172 0.027720424107142858 0.021577380952380987
0 0.7237723214285714 0.22589285714285715 0.44285714285714284 0.04345238095238095
1 0.5126861414223348 0.1388420414462081 0.020521763392857145 0.021577380952380952
0 0.7237723214285714 0.35342261904761907 0.44285714285714284 0.09047619047619047
1 0.5126861414223348 0.24939098324514994 0.020521763392857145 0.021577380952380952
0 0.7237723214285714 0.4773809523809524 0.44285714285714284 0.12678571428571428
1 0.512700092315192 0.35993992504409167 0.02054966517857143 0.021577380952380952
0 0.7237723214285714 0.5659226190476191 0.44285714285714284 0.12767857142857142
1 0.5126931168687634 0.47048886684303354 0.020535714285714286 0.021577380952380952
0 0.7237723214285714 0.6610863095238095 0.44285714285714284 0.13258928571428572
1 0.5126861414223348 0.5810378086419753 0.020521763392857145 0.021577380952380952
0 0.7237723214285714 0.7601934523809524 0.44285714285714284 0.1025297619047619
1 0.5126861414223348 0.6915867504409172 0.020521763392857145 0.021577380952380987
