0 0.2806919642857143 0.1943452380952381 0.44285714285714284 0.07529761904761904
1 0.06297304751642037 0.1388420414462081 0.007198660714285714 0.021577380952380952
0 0.2806919642857143 0.33645833333333336 0.44285714285714284 0.04732142857142857
1 0.06489827073070609 0.24939098324514994 0.011049107142857144 0.021577380952380952
0 0.2806919642857143 0.4666666666666667 0.44285714285714284 0.0818452380952381
1 0.0668234939449918 0.35993992504409167 0.014899553571428572 0.021577380952380952
0 0.2806919642857143 0.5645833333333333 0.44285714285714284 0.04851190476190476
1 0.07311534662356323 0.47048886684303354 0.027483258928571428 0.021577380952380952
0 0.2806919642857143 0.6374255952380953 0.44285714285714284 0.078125
1 0.07401517921284895 0.5810378086419753 0.029282924107142855 0.021577380952380952
0 0.2806919642857143 0.7895089285714286 0.44285714285714284 0.059375
1 0.07323392921284894 0.6915867504409172 0.027720424107142858 0.021577380952380987
0 0.7237723214285714 0.2353422619047619 0.44285714285714284 0.04717261904761905
1 0.5126861414223348 0.1388420414462081 0.020521763392857145 0.021577380952380952
0 0.7237723214285714 0.3513392857142857 0.44285714285714284 0.1574404761904762
1 0.5126861414223348 0.24939098324514994 0.020521763392857145 0.021577380952380952
0 0.7237723214285714 0.42872023809523807 0.44285714285714284 0.26845238095238094
1 0.512700092315192 0.35993992504409167 0.02054966517857143 0.021577380952380952
0 0.7237723214285714 0.5235863095238096 0.44285714285714284 0.20520833333333333
1 0.5126931168687634 0.47048886684303354 0.020535714285714286 0.021577380952380952
0 0.7237723214285714 0.6310267857142857 0.44285714285714284 0.11532738095238096
1 0.5126861414223348 0.5810378086419753 0.020521763392857145 0.021577380952380952
0 0.7237723214285714 0.7502232142857143 0.44285714285714284 0.06592261904761905
1 0.5126861414223348 0.6915867504409172 0.020521763392857145 0.021577380952380987
