0 0.5022879464285714 0.11473214285714285 0.8856026785714286 0.05476190476190476
1 0.0631253166160081 0.07988260582010584 0.007198660714285714 0.021577380952380952
0 0.5022879464285714 0.1886904761904762 0.8856026785714286 0.04494047619047619
1 0.06505053983029382 0.1462119708994709 0.011049107142857144 0.021577380952380952
0 0.5022879464285714 0.2728422619047619 0.8856026785714286 0.0337797619047619
1 0.06697576304457953 0.21254133597883595 0.014899553571428572 0.021577380952380952
0 0.5022879464285714 0.3462797619047619 0.8856026785714286 0.04851190476190476
1 0.07326761572315096 0.27887070105820105 0.027483258928571428 0.021577380952380952
0 0.5022879464285714 0.3851934523809524 0.8856026785714286 0.042708333333333334
1 0.07416744831243667 0.3452000661375661 0.029282924107142855 0.021577380952380952
0 0.5022879464285714 0.4623511904761905 0.8856026785714286 0.02351190476190476
1 0.07338619831243667 0.41152943121693125 0.027720424107142858 0.021577380952380952
0 0.5022879464285714 0.544047619047619 0.8856026785714286 0.07261904761904762
1 0.06978686795529382 0.4778587962962963 0.020521763392857145 0.021577380952380952
0 0.5022879464285714 0.6209077380952381 0.8856026785714286 0.13764880952380953
1 0.06978686795529382 0.5441881613756614 0.020521763392857145 0.021577380952380952
0 0.5022879464285714 0.6674851190476191 0.8856026785714286 0.09389880952380952
1 0.06980081884815097 0.6105175264550264 0.02054966517857143 0.021577380952380952
0 0.5022879464285714 0.7191964285714286 0.8856026785714286 0.08839285714285715
1 0.06979384340172239 0.6768468915343916 0.020535714285714286 0.021577380952380952
0 0.5022879464285714 0.7720982142857142 0.8856026785714286 0.08139880952380953
1 0.06978686795529382 0.7431762566137565 0.020521763392857145 0.021577380952380952
0 0.5022879464285714 0.8397321428571428 0.8856026785714286 0.0630952380952381
1 0.06978686795529382 0.8095056216931217 0.020521763392857145 0.021577380952380952
