0 0.16975446428571428 0.2560267857142857 0.22142857142857142 0.11086309523809523
1 0.06267091990985048 0.18095592403628116 0.007198660714285714 0.021577380952380952
0 0.16975446428571428 0.4264880952380952 0.22142857142857142 0.09226190476190477
1 0.0645961431241362 0.3230902777777778 0.011049107142857144 0.021577380952380952
0 0.16975446428571428 0.5904761904761905 0.22142857142857142 0.09047619047619047
1 0.0665213663384219 0.4652246315192744 0.014899553571428572 0.021577380952380952
0 0.39140625 0.3002232142857143 0.22142857142857142 0.0831845238095238
1 0.2944842439573125 0.18095592403628116 0.027483258928571428 0.021577380952380952
0 0.39140625 0.40342261904761906 0.22142857142857142 0.09375
1 0.2953840765465982 0.3230902777777778 0.029282924107142855 0.021577380952380952
0 0.39140625 0.5859375 0.22142857142857142 0.06383928571428571
1 0.2946028265465982 0.4652246315192744 0.027720424107142858 0.021577380952380952
0 0.6130580357142857 0.3072916666666667 0.22142857142857142 0.13392857142857142
1 0.5126745211297744 0.18095592403628116 0.020521763392857145 0.021577380952380952
0 0.6130580357142857 0.4429315476190476 0.22142857142857142 0.11294642857142857
1 0.5126745211297744 0.3230902777777778 0.020521763392857145 0.021577380952380952
0 0.6130580357142857 0.5842261904761905 0.22142857142857142 0.10714285714285714
1 0.5126884720226316 0.4652246315192744 0.02054966517857143 0.021577380952380952
0 0.8347098214285714 0.2773065476190476 0.22142857142857142 0.12901785714285716
1 0.7343525215165222 0.18095592403628116 0.020535714285714286 0.021577380952380952
0 0.8347098214285714 0.40223214285714287 0.22142857142857142 0.11488095238095238
1 0.7343455460700936 0.3230902777777778 0.020521763392857145 0.021577380952380952
0 0.8347098214285714 0.5380952380952381 0.22142857142857142 0.10267857142857142
1 0.7343455460700936 0.4652246315192744 0.020521763392857145 0.021577380952380952
0 0.49832589285714285 0.7104910714285714 0.8785714285714286 0.09300595238095238
1 0.0645961431241362 0.6073589852607709 0.011049107142857144 0.021577380952380952
