0 0.2806919642857143 0.19263392857142858 0.44285714285714284 0.09389880952380952
1 0.06297304751642037 0.1388420414462081 0.007198660714285714 0.021577380952380952
0 0.2806919642857143 0.30044642857142856 0.44285714285714284 0.09464285714285714
1 0.06489827073070609 0.24939098324514994 0.011049107142857144 0.021577380952380952
0 0.2806919642857143 0.43980654761904764 0.44285714285714284 0.034375
1 0.0668234939449918 0.35993992504409167 0.014899553571428572 0.021577380952380952
0 0.2806919642857143 0.580654761904762 0.44285714285714284 0.09077380952380952
1 0.07311534662356323 0.47048886684303354 0.027483258928571428 0.021577380952380952
0 0.2806919642857143 0.6502232142857143 0.44285714285714284 0.05848214285714286
1 0.07401517921284895 0.5810378086419753 0.029282924107142855 0.021577380952380952
0 0.2806919642857143 0.7561011904761905 0.44285714285714284 0.05625
1 0.07323392921284894 0.6915867504409172 0.027720424107142858 0.021577380952380987
0 0.7237723214285714 0.25044642857142857 0.44285714285714284 0.10625
1 0.5126861414223348 0.1388420414462081 0.020521763392857145 0.021577380952380952
0 0.7237723214285714 0.35044642857142855 0.44285714285714284 0.0994047619047619
1 0.5126861414223348 0.24939098324514994 0.020521763392857145 0.021577380952380952
0 0.7237723214285714 0.4492559523809524 0.44285714285714284 0.07232142857142858
1 0.512700092315192 0.35993992504409167 0.02054966517857143 0.021577380952380952
0 0.7237723214285714 0.5241071428571429 0.44285714285714284 0.1199404761904762
1 0.5126931168687634 0.47048886684303354 0.020535714285714286 0.021577380952380952
0 0.7237723214285714 0.6220982142857143 0.44285714285714284 0.12157738095238095
1 0.5126861414223348 0.5810378086419753 0.020521763392857145 0.021577380952380952
0 0.7237723214285714 0.7330357142857142 0.44285714285714284 0.12083333333333333
1 0.5126861414223348 0.6915867504409172 0.020521763392857145 0.021577380952380987
