0 0.16975446428571428 0.27194940476190477 0.22142857142857142 0.05193452380952381
1 0.06267091990985048 0.18095592403628116 0.007198660714285714 0.021577380952380952
0 0.16975446428571428 0.39479166666666665 0.22142857142857142 0.11041666666666666
1 0.0645961431241362 0.3230902777777778 0.011049107142857144 0.021577380952380952
0 0.16975446428571428 0.5516369047619047 0.22142857142857142 0.0681547619047619
1 0.0665213663384219 0.4652246315192744 0.014899553571428572 0.021577380952380952
0 0.39140625 0.30714285714285716 0.22142857142857142 0.07886904761904762
1 0.2944842439573125 0.18095592403628116 0.027483258928571428 0.021577380952380952
0 0.39140625 0.42782738095238093 0.22142857142857142 0.025892857142857145
1 0.2953840765465982 0.3230902777777778 0.029282924107142855 0.021577380952380952
0 0.39140625 0.5441220238095238 0.22142857142857142 0.08913690476190476
1 0.2946028265465982 0.4652246315192744 0.027720424107142858 0.021577380952380952
0 0.6130580357142857 0.27745535714285713 0.22142857142857142 0.21651785714285715
1 0.5126745211297744 0.18095592403628116 0.020521763392857145 0.021577380952380952
0 0.6130580357142857 0.4709077380952381 0.22142857142857142 0.16979166666666667
1 0.5126745211297744 0.3230902777777778 0.020521763392857145 0.021577380952380952
0 0.6130580357142857 0.561235119047619 0.22142857142857142 0.2305059523809524
1 0.5126884720226316 0.4652246315192744 0.02054966517857143 0.021577380952380952
0 0.8347098214285714 0.22626488095238095 0.22142857142857142 0.2144345238095238
1 0.7343525215165222 0.18095592403628116 0.020535714285714286 0.021577380952380952
0 0.8347098214285714 0.36622023809523807 0.22142857142857142 0.15892857142857142
1 0.7343455460700936 0.3230902777777778 0.020521763392857145 0.021577380952380952
0 0.8347098214285714 0.5270089285714286 0.22142857142857142 0.1099702380952381
1 0.7343455460700936 0.4652246315192744 0.020521763392857145 0.021577380952380952
0 0.49832589285714285 0.6773809523809524 0.8785714285714286 0.11398809523809524
1 0.0645961431241362 0.6073589852607709 0.011049107142857144 0.021577380952380952
