0 0.2806919642857143 0.19799107142857142 0.44285714285714284 0.07723214285714286
1 0.06297304751642037 0.1388420414462081 0.007198660714285714 0.021577380952380952
0 0.2806919642857143 0.3132440476190476 0.44285714285714284 0.10357142857142858
1 0.06489827073070609 0.24939098324514994 0.011049107142857144 0.021577380952380952
0 0.2806919642857143 0.43712797619047616 0.44285714285714284 0.071875
1 0.0668234939449918 0.35993992504409167 0.014899553571428572 0.021577380952380952
0 0.2806919642857143 0.5718005952380952 0.44285714285714284 0.08586309523809524
1 0.07311534662356323 0.47048886684303354 0.027483258928571428 0.021577380952380952
0 0.2806919642857143 0.6529017857142857 0.44285714285714284 0.07217261904761904
1 0.07401517921284895 0.5810378086419753 0.029282924107142855 0.021577380952380952
0 0.2806919642857143 0.7639880952380952 0.44285714285714284 0.08035714285714286
1 0.07323392921284894 0.6915867504409172 0.027720424107142858 0.021577380952380987
0 0.7237723214285714 0.2525297619047619 0.44285714285714284 0.11517857142857142
1 0.5126861414223348 0.1388420414462081 0.020521763392857145 0.021577380952380952
0 0.7237723214285714 0.3771577380952381 0.44285714285714284 0.22633928571428572
1 0.5126861414223348 0.24939098324514994 0.020521763392857145 0.021577380952380952
0 0.7237723214285714 0.4198660714285714 0.44285714285714284 0.2168154761904762
1 0.512700092315192 0.35993992504409167 0.02054966517857143 0.021577380952380952
0 0.7237723214285714 0.49851190476190477 0.44285714285714284 0.20892857142857144
1 0.5126931168687634 0.47048886684303354 0.020535714285714286 0.021577380952380952
0 0.7237723214285714 0.609375 0.44285714285714284 0.14851190476190476
1 0.5126861414223348 0.5810378086419753 0.020521763392857145 0.021577380952380952
0 0.7237723214285714 0.7355654761904762 0.44285714285714284 0.11190476190476191
1 0.5126861414223348 0.6915867504409172 0.020521763392857145 0.021577380952380987
