0 0.5022879464285714 0.13177083333333334 0.8856026785714286 0.04151785714285714
1 0.0631253166160081 0.07988260582010584 0.007198660714285714 0.021577380952380952
0 0.5022879464285714 0.17157738095238095 0.8856026785714286 0.12767857142857142
1 0.06505053983029382 0.1462119708994709 0.011049107142857144 0.021577380952380952
0 0.5022879464285714 0.23973214285714287 0.8856026785714286 0.10208333333333333
1 0.06697576304457953 0.21254133597883595 0.014899553571428572 0.021577380952380952
0 0.5022879464285714 0.34486607142857145 0.8856026785714286 0.08139880952380953
1 0.07326761572315096 0.27887070105820105 0.027483258928571428 0.021577380952380952
0 0.5022879464285714 0.4070684523809524 0.8856026785714286 0.04538690476190476
1 0.07416744831243667 0.3452000661375661 0.029282924107142855 0.021577380952380952
0 0.5022879464285714 0.43645833333333334 0.8856026785714286 0.11220238095238096
1 0.07338619831243667 0.41152943121693125 0.027720424107142858 0.021577380952380952
0 0.5022879464285714 0.5455357142857142 0.8856026785714286 0.075
1 0.06978686795529382 0.4778587962962963 0.020521763392857145 0.021577380952380952
0 0.5022879464285714 0.6365327380952381 0.8856026785714286 0.19866071428571427
1 0.06978686795529382 0.5441881613756614 0.020521763392857145 0.021577380952380952
0 0.5022879464285714 0.6671875 0.8856026785714286 0.12782738095238094
1 0.06980081884815097 0.6105175264550264 0.02054966517857143 0.021577380952380952
0 0.5022879464285714 0.6850446428571428 0.8856026785714286 0.19092261904761904
1 0.06979384340172239 0.6768468915343916 0.020535714285714286 0.021577380952380952
0 0.5022879464285714 0.7508928571428571 0.8856026785714286 0.14821428571428572
1 0.06978686795529382 0.7431762566137565 0.020521763392857145 0.021577380952380952
0 0.5022879464285714 0.8320684523809524 0.8856026785714286 0.11324404761904762
1 0.06978686795529382 0.8095056216931217 0.020521763392857145 0.021577380952380952
