0 0.2806919642857143 0.20491071428571428 0.44285714285714284 0.09136904761904761
1 0.06297304751642037 0.1388420414462081 0.007198660714285714 0.021577380952380952
0 0.2806919642857143 0.3101190476190476 0.44285714285714284 0.11101190476190476
1 0.06489827073070609 0.24939098324514994 0.011049107142857144 0.021577380952380952
0 0.2806919642857143 0.44188988095238096 0.44285714285714284 0.06830357142857142
1 0.0668234939449918 0.35993992504409167 0.014899553571428572 0.021577380952380952
0 0.2806919642857143 0.5709077380952381 0.44285714285714284 0.09449404761904762
1 0.07311534662356323 0.47048886684303354 0.027483258928571428 0.021577380952380952
0 0.2806919642857143 0.6618303571428571 0.44285714285714284 0.05431547619047619
1 0.07401517921284895 0.5810378086419753 0.029282924107142855 0.021577380952380952
0 0.2806919642857143 0.7634672619047619 0.44285714285714284 0.08854166666666667
1 0.07323392921284894 0.6915867504409172 0.027720424107142858 0.021577380952380987
0 0.7237723214285714 0.23229166666666667 0.44285714285714284 0.12529761904761905
1 0.5126861414223348 0.1388420414462081 0.020521763392857145 0.021577380952380952
0 0.7237723214285714 0.360639880952381 0.44285714285714284 0.23943452380952382
1 0.5126861414223348 0.24939098324514994 0.020521763392857145 0.021577380952380952
0 0.7237723214285714 0.3807291666666667 0.44285714285714284 0.29330357142857144
1 0.512700092315192 0.35993992504409167 0.02054966517857143 0.021577380952380952
0 0.7237723214285714 0.5007440476190477 0.44285714285714284 0.21964285714285714
1 0.5126931168687634 0.47048886684303354 0.020535714285714286 0.021577380952380952
0 0.7237723214285714 0.6271577380952381 0.44285714285714284 0.15342261904761906
1 0.5126861414223348 0.5810378086419753 0.020521763392857145 0.021577380952380952
0 0.7237723214285714 0.7538690476190476 0.44285714285714284 0.09464285714285714
1 0.5126861414223348 0.6915867504409172 0.020521763392857145 0.021577380952380987
