0 0.16975446428571428 0.26510416666666664 0.22142857142857142 0.07693452380952381
1 0.06267091990985048 0.18095592403628116 0.007198660714285714 0.021577380952380952
0 0.16975446428571428 0.38392857142857145 0.22142857142857142 0.11607142857142858
1 0.0645961431241362 0.3230902777777778 0.011049107142857144 0.021577380952380952
0 0.16975446428571428 0.5420386904761905 0.22142857142857142 0.06145833333333333
1 0.0665213663384219 0.4652246315192744 0.014899553571428572 0.021577380952380952
0 0.39140625 0.3148809523809524 0.22142857142857142 0.09642857142857143
1 0.2944842439573125 0.18095592403628116 0.027483258928571428 0.021577380952380952
0 0.39140625 0.4273065476190476 0.22142857142857142 0.02425595238095238
1 0.2953840765465982 0.3230902777777778 0.029282924107142855 0.021577380952380952
0 0.39140625 0.534375 0.22142857142857142 0.08422619047619048
1 0.2946028265465982 0.4652246315192744 0.027720424107142858 0.021577380952380952
0 0.6130580357142857 0.3156994047619048 0.22142857142857142 0.10550595238095238
1 0.5126745211297744 0.18095592403628116 0.020521763392857145 0.021577380952380952
0 0.6130580357142857 0.47485119047619045 0.22142857142857142 0.23154761904761906
1 0.5126745211297744 0.3230902777777778 0.020521763392857145 0.021577380952380952
0 0.6130580357142857 0.5648809523809524 0.22142857142857142 0.12202380952380952
1 0.5126884720226316 0.4652246315192744 0.02054966517857143 0.021577380952380952
0 0.8347098214285714 0.246875 0.22142857142857142 0.12470238095238095
1 0.7343525215165222 0.18095592403628116 0.020535714285714286 0.021577380952380952
0 0.8347098214285714 0.3826636904761905 0.22142857142857142 0.13616071428571427
1 0.7343455460700936 0.3230902777777778 0.020521763392857145 0.021577380952380952
0 0.8347098214285714 0.5264136904761905 0.22142857142857142 0.12901785714285716
1 0.7343455460700936 0.4652246315192744 0.020521763392857145 0.021577380952380952
0 0.49832589285714285 0.6691220238095238 0.8785714285714286 0.12872023809523808
1 0.0645961431241362 0.6073589852607709 0.011049107142857144 0.021577380952380952
