0 0.2806919642857143 0.22053571428571428 0.44285714285714284 0.033035714285714286
1 0.06297304751642037 0.1388420414462081 0.007198660714285714 0.021577380952380952
0 0.2806919642857143 0.29642857142857143 0.44285714285714284 0.10625
1 0.06489827073070609 0.24939098324514994 0.011049107142857144 0.021577380952380952
0 0.2806919642857143 0.40848214285714285 0.44285714285714284 0.09107142857142857
1 0.0668234939449918 0.35993992504409167 0.014899553571428572 0.021577380952380952
0 0.2806919642857143 0.5692708333333333 0.44285714285714284 0.0662202380952381
1 0.07311534662356323 0.47048886684303354 0.027483258928571428 0.021577380952380952
0 0.2806919642857143 0.6753720238095238 0.44285714285714284 0.050148809523809526
1 0.07401517921284895 0.5810378086419753 0.029282924107142855 0.021577380952380952
0 0.2806919642857143 0.7386160714285714 0.44285714285714284 0.09717261904761905
1 0.07323392921284894 0.6915867504409172 0.027720424107142858 0.021577380952380987
0 0.7237723214285714 0.2501488095238095 0.44285714285714284 0.09166666666666666
1 0.5126861414223348 0.1388420414462081 0.020521763392857145 0.021577380952380952
0 0.7237723214285714 0.39032738095238095 0.44285714285714284 0.2625
1 0.5126861414223348 0.24939098324514994 0.020521763392857145 0.021577380952380952
0 0.7237723214285714 0.4192708333333333 0.44285714285714284 0.1543154761904762
1 0.512700092315192 0.35993992504409167 0.02054966517857143 0.021577380952380952
0 0.7237723214285714 0.5307291666666667 0.44285714285714284 0.19508928571428572
1 0.5126931168687634 0.47048886684303354 0.020535714285714286 0.021577380952380952
0 0.7237723214285714 0.6366071428571428 0.44285714285714284 0.15833333333333333
1 0.5126861414223348 0.5810378086419753 0.020521763392857145 0.021577380952380952
0 0.7237723214285714 0.7460565476190476 0.44285714285714284 0.07842261904761905
1 0.5126861414223348 0.6915867504409172 0.020521763392857145 0.021577380952380987
