0 0.5022879464285714 0.13898809523809524 0.8856026785714286 0.03898809523809524
1 0.0631253166160081 0.07988260582010584 0.007198660714285714 0.021577380952380952
0 0.5022879464285714 0.19166666666666668 0.8856026785714286 0.06964285714285715
1 0.06505053983029382 0.1462119708994709 0.011049107142857144 0.021577380952380952
0 0.5022879464285714 0.2507440476190476 0.8856026785714286 0.052083333333333336
1 0.06697576304457953 0.21254133597883595 0.014899553571428572 0.021577380952380952
0 0.5022879464285714 0.3308779761904762 0.8856026785714286 0.05044642857142857
1 0.07326761572315096 0.27887070105820105 0.027483258928571428 0.021577380952380952
0 0.5022879464285714 0.4040922619047619 0.8856026785714286 0.03139880952380952
1 0.07416744831243667 0.3452000661375661 0.029282924107142855 0.021577380952380952
0 0.5022879464285714 0.4531994047619048 0.8856026785714286 0.06056547619047619
1 0.07338619831243667 0.41152943121693125 0.027720424107142858 0.021577380952380952
0 0.5022879464285714 0.5341517857142857 0.8856026785714286 0.04092261904761905
1 0.06978686795529382 0.4778587962962963 0.020521763392857145 0.021577380952380952
0 0.5022879464285714 0.6272321428571429 0.8856026785714286 0.14702380952380953
1 0.06978686795529382 0.5441881613756614 0.020521763392857145 0.021577380952380952
0 0.5022879464285714 0.6486607142857143 0.8856026785714286 0.12261904761904761
1 0.06980081884815097 0.6105175264550264 0.02054966517857143 0.021577380952380952
0 0.5022879464285714 0.7141369047619047 0.8856026785714286 0.09196428571428572
1 0.06979384340172239 0.6768468915343916 0.020535714285714286 0.021577380952380952
0 0.5022879464285714 0.7834821428571429 0.8856026785714286 0.07291666666666667
1 0.06978686795529382 0.7431762566137565 0.020521763392857145 0.021577380952380952
0 0.5022879464285714 0.8503720238095238 0.8856026785714286 0.058779761904761904
1 0.06978686795529382 0.8095056216931217 0.020521763392857145 0.021577380952380952
