0 0.16975446428571428 0.27194940476190477 0.22142857142857142 0.07068452380952381
1 0.06267091990985048 0.18095592403628116 0.007198660714285714 0.021577380952380952
0 0.16975446428571428 0.3959077380952381 0.22142857142857142 0.09300595238095238
1 0.0645961431241362 0.3230902777777778 0.011049107142857144 0.021577380952380952
0 0.16975446428571428 0.5569196428571429 0.22142857142857142 0.042708333333333334
1 0.0665213663384219 0.4652246315192744 0.014899553571428572 0.021577380952380952
0 0.39140625 0.30699404761904764 0.22142857142857142 0.07767857142857143
1 0.2944842439573125 0.18095592403628116 0.027483258928571428 0.021577380952380952
0 0.39140625 0.428422619047619 0.22142857142857142 0.035416666666666666
1 0.2953840765465982 0.3230902777777778 0.029282924107142855 0.021577380952380952
0 0.39140625 0.5476190476190477 0.22142857142857142 0.06726190476190476
1 0.2946028265465982 0.4652246315192744 0.027720424107142858 0.021577380952380952
0 0.6130580357142857 0.3104910714285714 0.22142857142857142 0.08020833333333334
1 0.5126745211297744 0.18095592403628116 0.020521763392857145 0.021577380952380952
0 0.6130580357142857 0.4907738095238095 0.22142857142857142 0.175
1 0.5126745211297744 0.3230902777777778 0.020521763392857145 0.021577380952380952
0 0.6130580357142857 0.5523809523809524 0.22142857142857142 0.10625
1 0.5126884720226316 0.4652246315192744 0.02054966517857143 0.021577380952380952
0 0.8347098214285714 0.24114583333333334 0.22142857142857142 0.12782738095238094
1 0.7343525215165222 0.18095592403628116 0.020535714285714286 0.021577380952380952
0 0.8347098214285714 0.38058035714285715 0.22142857142857142 0.12514880952380952
1 0.7343455460700936 0.3230902777777778 0.020521763392857145 0.021577380952380952
0 0.8347098214285714 0.5216517857142857 0.22142857142857142 0.1150297619047619
1 0.7343455460700936 0.4652246315192744 0.020521763392857145 0.021577380952380952
0 0.49832589285714285 0.6761904761904762 0.8785714285714286 0.10416666666666667
1 0.0645961431241362 0.6073589852607709 0.011049107142857144 0.021577380952380952
