0 0.16975446428571428 0.28467261904761904 0.22142857142857142 0.04642857142857143
1 0.06267091990985048 0.18095592403628116 0.007198660714285714 0.021577380952380952
0 0.16975446428571428 0.3947172619047619 0.22142857142857142 0.11264880952380953
1 0.0645961431241362 0.3230902777777778 0.011049107142857144 0.021577380952380952
0 0.16975446428571428 0.5331101190476191 0.22142857142857142 0.08586309523809524
1 0.0665213663384219 0.4652246315192744 0.014899553571428572 0.021577380952380952
0 0.39140625 0.2975446428571429 0.22142857142857142 0.0730654761904762
1 0.2944842439573125 0.18095592403628116 0.027483258928571428 0.021577380952380952
0 0.39140625 0.4401785714285714 0.22142857142857142 0.043154761904761904
1 0.2953840765465982 0.3230902777777778 0.029282924107142855 0.021577380952380952
0 0.39140625 0.5343005952380953 0.22142857142857142 0.09806547619047619
1 0.2946028265465982 0.4652246315192744 0.027720424107142858 0.021577380952380952
0 0.6130580357142857 0.295610119047619 0.22142857142857142 0.07485119047619047
1 0.5126745211297744 0.18095592403628116 0.020521763392857145 0.021577380952380952
0 0.6130580357142857 0.4377232142857143 0.22142857142857142 0.196875
1 0.5126745211297744 0.3230902777777778 0.020521763392857145 0.021577380952380952
0 0.6130580357142857 0.5377232142857142 0.22142857142857142 0.14955357142857142
1 0.5126884720226316 0.4652246315192744 0.02054966517857143 0.021577380952380952
0 0.8347098214285714 0.24233630952380952 0.22142857142857142 0.15104166666666666
1 0.7343525215165222 0.18095592403628116 0.020535714285714286 0.021577380952380952
0 0.8347098214285714 0.3918154761904762 0.22142857142857142 0.10982142857142857
1 0.7343455460700936 0.3230902777777778 0.020521763392857145 0.021577380952380952
0 0.8347098214285714 0.5363839285714286 0.22142857142857142 0.08467261904761905
1 0.7343455460700936 0.4652246315192744 0.020521763392857145 0.021577380952380952
0 0.49832589285714285 0.682217261904762 0.8785714285714286 0.11919642857142858
1 0.0645961431241362 0.6073589852607709 0.011049107142857144 0.021577380952380952
