0 0.2806919642857143 0.2193452380952381 0.44285714285714284 0.035416666666666666
1 0.06297304751642037 0.1388420414462081 0.007198660714285714 0.021577380952380952
0 0.2806919642857143 0.3455357142857143 0.44285714285714284 0.15029761904761904
1 0.06489827073070609 0.24939098324514994 0.011049107142857144 0.021577380952380952
0 0.2806919642857143 0.4601190476190476 0.44285714285714284 0.1255952380952381
1 0.0668234939449918 0.35993992504409167 0.014899553571428572 0.021577380952380952
0 0.2806919642857143 0.5476190476190477 0.44285714285714284 0.08988095238095238
1 0.07311534662356323 0.47048886684303354 0.027483258928571428 0.021577380952380952
0 0.2806919642857143 0.6505952380952381 0.44285714285714284 0.055952380952380955
1 0.07401517921284895 0.5810378086419753 0.029282924107142855 0.021577380952380952
0 0.2806919642857143 0.7898065476190477 0.44285714285714284 0.13794642857142858
1 0.07323392921284894 0.6915867504409172 0.027720424107142858 0.021577380952380987
0 0.7237723214285714 0.2206845238095238 0.44285714285714284 0.2625
1 0.5126861414223348 0.1388420414462081 0.020521763392857145 0.021577380952380952
0 0.7237723214285714 0.32068452380952384 0.44285714285714284 0.41041666666666665
1 0.5126861414223348 0.24939098324514994 0.020521763392857145 0.021577380952380952
0 0.7237723214285714 0.4244047619047619 0.44285714285714284 0.41517857142857145
1 0.512700092315192 0.35993992504409167 0.02054966517857143 0.021577380952380952
0 0.7237723214285714 0.4993303571428571 0.44285714285714284 0.29211309523809526
1 0.5126931168687634 0.47048886684303354 0.020535714285714286 0.021577380952380952
0 0.7237723214285714 0.6508184523809524 0.44285714285714284 0.12872023809523808
1 0.5126861414223348 0.5810378086419753 0.020521763392857145 0.021577380952380952
0 0.7237723214285714 0.7703869047619047 0.44285714285714284 0.15416666666666667
1 0.5126861414223348 0.6915867504409172 0.020521763392857145 0.021577380952380987
