0 0.16975446428571428 0.259077380952381 0.22142857142857142 0.08898809523809524
1 0.06267091990985048 0.18095592403628116 0.007198660714285714 0.021577380952380952
0 0.16975446428571428 0.4069940476190476 0.22142857142857142 0.06101190476190476
1 0.0645961431241362 0.3230902777777778 0.011049107142857144 0.021577380952380952
0 0.16975446428571428 0.5617559523809523 0.22142857142857142 0.08660714285714285
1 0.0665213663384219 0.4652246315192744 0.014899553571428572 0.021577380952380952
0 0.39140625 0.30565476190476193 0.22142857142857142 0.06726190476190476
1 0.2944842439573125 0.18095592403628116 0.027483258928571428 0.021577380952380952
0 0.39140625 0.41569940476190476 0.22142857142857142 0.08169642857142857
1 0.2953840765465982 0.3230902777777778 0.029282924107142855 0.021577380952380952
0 0.39140625 0.5537946428571429 0.22142857142857142 0.06205357142857143
1 0.2946028265465982 0.4652246315192744 0.027720424107142858 0.021577380952380952
0 0.6130580357142857 0.34858630952380953 0.22142857142857142 0.1775297619047619
1 0.5126745211297744 0.18095592403628116 0.020521763392857145 0.021577380952380952
0 0.6130580357142857 0.5158482142857143 0.22142857142857142 0.30431547619047616
1 0.5126745211297744 0.3230902777777778 0.020521763392857145 0.021577380952380952
0 0.6130580357142857 0.6190476190476191 0.22142857142857142 0.20684523809523808
1 0.5126884720226316 0.4652246315192744 0.02054966517857143 0.021577380952380952
0 0.8347098214285714 0.31026785714285715 0.22142857142857142 0.13005952380952382
1 0.7343525215165222 0.18095592403628116 0.020535714285714286 0.021577380952380952
0 0.8347098214285714 0.4295386904761905 0.22142857142857142 0.06532738095238096
1 0.7343455460700936 0.3230902777777778 0.020521763392857145 0.021577380952380952
0 0.8347098214285714 0.5550595238095238 0.22142857142857142 0.05654761904761905
1 0.7343455460700936 0.4652246315192744 0.020521763392857145 0.021577380952380952
0 0.49832589285714285 0.6944940476190476 0.8785714285714286 0.06726190476190476
1 0.0645961431241362 0.6073589852607709 0.011049107142857144 0.021577380952380952
