0 0.2806919642857143 0.2040922619047619 0.44285714285714284 0.09419642857142857
1 0.06297304751642037 0.1388420414462081 0.007198660714285714 0.021577380952380952
0 0.2806919642857143 0.32068452380952384 0.44285714285714284 0.05238095238095238
1 0.06489827073070609 0.24939098324514994 0.011049107142857144 0.021577380952380952
0 0.2806919642857143 0.45148809523809524 0.44285714285714284 0.060714285714285714
1 0.0668234939449918 0.35993992504409167 0.014899553571428572 0.021577380952380952
0 0.2806919642857143 0.5647321428571429 0.44285714285714284 0.0693452380952381
1 0.07311534662356323 0.47048886684303354 0.027483258928571428 0.021577380952380952
0 0.2806919642857143 0.6502232142857143 0.44285714285714284 0.07485119047619047
1 0.07401517921284895 0.5810378086419753 0.029282924107142855 0.021577380952380952
0 0.2806919642857143 0.7678571428571429 0.44285714285714284 0.03363095238095238
1 0.07323392921284894 0.6915867504409172 0.027720424107142858 0.021577380952380987
0 0.7237723214285714 0.22730654761904762 0.44285714285714284 0.043601190476190474
1 0.5126861414223348 0.1388420414462081 0.020521763392857145 0.021577380952380952
0 0.7237723214285714 0.3482142857142857 0.44285714285714284 0.15446428571428572
1 0.5126861414223348 0.24939098324514994 0.020521763392857145 0.021577380952380952
0 0.7237723214285714 0.4499255952380952 0.44285714285714284 0.1305059523809524
1 0.512700092315192 0.35993992504409167 0.02054966517857143 0.021577380952380952
0 0.7237723214285714 0.537797619047619 0.44285714285714284 0.16607142857142856
1 0.5126931168687634 0.47048886684303354 0.020535714285714286 0.021577380952380952
0 0.7237723214285714 0.6408482142857143 0.44285714285714284 0.14211309523809523
1 0.5126861414223348 0.5810378086419753 0.020521763392857145 0.021577380952380952
0 0.7237723214285714 0.750297619047619 0.44285714285714284 0.09702380952380953
1 0.5126861414223348 0.6915867504409172 0.020521763392857145 0.021577380952380987
