0 0.5022879464285714 0.12626488095238095 0.8856026785714286 0.0400297619047619
1 0.0631253166160081 0.07988260582010584 0.007198660714285714 0.021577380952380952
0 0.5022879464285714 0.1894345238095238 0.8856026785714286 0.06636904761904762
1 0.06505053983029382 0.1462119708994709 0.011049107142857144 0.021577380952380952
0 0.5022879464285714 0.26599702380952384 0.8856026785714286 0.044196428571428574
1 0.06697576304457953 0.21254133597883595 0.014899553571428572 0.021577380952380952
0 0.5022879464285714 0.34032738095238096 0.8856026785714286 0.04880952380952381
1 0.07326761572315096 0.27887070105820105 0.027483258928571428 0.021577380952380952
0 0.5022879464285714 0.39672619047619045 0.8856026785714286 0.022321428571428572
1 0.07416744831243667 0.3452000661375661 0.029282924107142855 0.021577380952380952
0 0.5022879464285714 0.4597470238095238 0.8856026785714286 0.05520833333333333
1 0.07338619831243667 0.41152943121693125 0.027720424107142858 0.021577380952380952
0 0.5022879464285714 0.5490327380952381 0.8856026785714286 0.06383928571428571
1 0.06978686795529382 0.4778587962962963 0.020521763392857145 0.021577380952380952
0 0.5022879464285714 0.6268601190476191 0.8856026785714286 0.14360119047619047
1 0.06978686795529382 0.5441881613756614 0.020521763392857145 0.021577380952380952
0 0.5022879464285714 0.6770833333333334 0.8856026785714286 0.08482142857142858
1 0.06980081884815097 0.6105175264550264 0.02054966517857143 0.021577380952380952
0 0.5022879464285714 0.7273065476190477 0.8856026785714286 0.08616071428571428
1 0.06979384340172239 0.6768468915343916 0.020535714285714286 0.021577380952380952
0 0.5022879464285714 0.7838541666666666 0.8856026785714286 0.07961309523809523
1 0.06978686795529382 0.7431762566137565 0.020521763392857145 0.021577380952380952
0 0.5022879464285714 0.8497767857142857 0.8856026785714286 0.0730654761904762
1 0.06978686795529382 0.8095056216931217 0.020521763392857145 0.021577380952380952
