0 0.16975446428571428 0.2578869047619048 0.22142857142857142 0.09702380952380953
1 0.06267091990985048 0.18095592403628116 0.007198660714285714 0.021577380952380952
0 0.16975446428571428 0.4322172619047619 0.22142857142857142 0.20074404761904763
1 0.0645961431241362 0.3230902777777778 0.011049107142857144 0.021577380952380952
0 0.16975446428571428 0.5974702380952381 0.22142857142857142 0.1669642857142857
1 0.0665213663384219 0.4652246315192744 0.014899553571428572 0.021577380952380952
0 0.39140625 0.2892113095238095 0.22142857142857142 0.1367559523809524
1 0.2944842439573125 0.18095592403628116 0.027483258928571428 0.021577380952380952
0 0.39140625 0.39561011904761906 0.22142857142857142 0.09538690476190476
1 0.2953840765465982 0.3230902777777778 0.029282924107142855 0.021577380952380952
0 0.39140625 0.5822172619047619 0.22142857142857142 0.17633928571428573
1 0.2946028265465982 0.4652246315192744 0.027720424107142858 0.021577380952380952
0 0.6130580357142857 0.30424107142857143 0.22142857142857142 0.13407738095238095
1 0.5126745211297744 0.18095592403628116 0.020521763392857145 0.021577380952380952
0 0.6130580357142857 0.4621279761904762 0.22142857142857142 0.1861607142857143
1 0.5126745211297744 0.3230902777777778 0.020521763392857145 0.021577380952380952
0 0.6130580357142857 0.5377232142857142 0.22142857142857142 0.16026785714285716
1 0.5126884720226316 0.4652246315192744 0.02054966517857143 0.021577380952380952
0 0.8347098214285714 0.21123511904761905 0.22142857142857142 0.22038690476190476
1 0.7343525215165222 0.18095592403628116 0.020535714285714286 0.021577380952380952
0 0.8347098214285714 0.3474702380952381 0.22142857142857142 0.18779761904761905
1 0.7343455460700936 0.3230902777777778 0.020521763392857145 0.021577380952380952
0 0.8347098214285714 0.4980654761904762 0.22142857142857142 0.17529761904761904
1 0.7343455460700936 0.4652246315192744 0.020521763392857145 0.021577380952380952
0 0.49832589285714285 0.6790922619047619 0.8785714285714286 0.3787202380952381
1 0.0645961431241362 0.6073589852607709 0.011049107142857144 0.021577380952380952
