0 0.2806919642857143 0.20394345238095238 0.44285714285714284 0.046875
1 0.06297304751642037 0.1388420414462081 0.007198660714285714 0.021577380952380952
0 0.2806919642857143 0.2941964285714286 0.44285714285714284 0.125
1 0.06489827073070609 0.24939098324514994 0.011049107142857144 0.021577380952380952
0 0.2806919642857143 0.4242559523809524 0.44285714285714284 0.0875
1 0.0668234939449918 0.35993992504409167 0.014899553571428572 0.021577380952380952
0 0.2806919642857143 0.5804315476190476 0.44285714285714284 0.08467261904761905
1 0.07311534662356323 0.47048886684303354 0.027483258928571428 0.021577380952380952
0 0.2806919642857143 0.6626488095238096 0.44285714285714284 0.03005952380952381
1 0.07401517921284895 0.5810378086419753 0.029282924107142855 0.021577380952380952
0 0.2806919642857143 0.7455357142857143 0.44285714285714284 0.10505952380952381
1 0.07323392921284894 0.6915867504409172 0.027720424107142858 0.021577380952380987
0 0.7237723214285714 0.26339285714285715 0.44285714285714284 0.11339285714285714
1 0.5126861414223348 0.1388420414462081 0.020521763392857145 0.021577380952380952
0 0.7237723214285714 0.3912202380952381 0.44285714285714284 0.19285714285714287
1 0.5126861414223348 0.24939098324514994 0.020521763392857145 0.021577380952380952
0 0.7237723214285714 0.3953125 0.44285714285714284 0.1331845238095238
1 0.512700092315192 0.35993992504409167 0.02054966517857143 0.021577380952380952
0 0.7237723214285714 0.5055803571428571 0.44285714285714284 0.1293154761904762
1 0.5126931168687634 0.47048886684303354 0.020535714285714286 0.021577380952380952
0 0.7237723214285714 0.6270089285714285 0.44285714285714284 0.1162202380952381
1 0.5126861414223348 0.5810378086419753 0.020521763392857145 0.021577380952380952
0 0.7237723214285714 0.7418154761904762 0.44285714285714284 0.09136904761904761
1 0.5126861414223348 0.6915867504409172 0.020521763392857145 0.021577380952380987
