0 0.2806919642857143 0.19970238095238096 0.44285714285714284 0.06190476190476191
1 0.06297304751642037 0.1388420414462081 0.007198660714285714 0.021577380952380952
0 0.2806919642857143 0.31629464285714287 0.44285714285714284 0.0644345238095238
1 0.06489827073070609 0.24939098324514994 0.011049107142857144 0.021577380952380952
0 0.2806919642857143 0.4499255952380952 0.44285714285714284 0.03943452380952381
1 0.0668234939449918 0.35993992504409167 0.014899553571428572 0.021577380952380952
0 0.2806919642857143 0.5725446428571429 0.44285714285714284 0.05818452380952381
1 0.07311534662356323 0.47048886684303354 0.027483258928571428 0.021577380952380952
0 0.2806919642857143 0.6485863095238096 0.44285714285714284 0.04479166666666667
1 0.07401517921284895 0.5810378086419753 0.029282924107142855 0.021577380952380952
0 0.2806919642857143 0.7726190476190476 0.44285714285714284 0.046130952380952384
1 0.07323392921284894 0.6915867504409172 0.027720424107142858 0.021577380952380987
0 0.7237723214285714 0.25089285714285714 0.44285714285714284 0.10357142857142858
1 0.5126861414223348 0.1388420414462081 0.020521763392857145 0.021577380952380952
0 0.7237723214285714 0.35535714285714287 0.44285714285714284 0.13333333333333333
1 0.5126861414223348 0.24939098324514994 0.020521763392857145 0.021577380952380952
0 0.7237723214285714 0.41577380952380955 0.44285714285714284 0.18333333333333332
1 0.512700092315192 0.35993992504409167 0.02054966517857143 0.021577380952380952
0 0.7237723214285714 0.5061755952380952 0.44285714285714284 0.16026785714285716
1 0.5126931168687634 0.47048886684303354 0.020535714285714286 0.021577380952380952
0 0.7237723214285714 0.618452380952381 0.44285714285714284 0.12142857142857143
1 0.5126861414223348 0.5810378086419753 0.020521763392857145 0.021577380952380952
0 0.7237723214285714 0.7412946428571429 0.44285714285714284 0.10550595238095238
1 0.5126861414223348 0.6915867504409172 0.020521763392857145 0.021577380952380987
