0 0.5022879464285714 0.12261904761904761 0.8856026785714286 0.06845238095238096
1 0.0631253166160081 0.07988260582010584 0.007198660714285714 0.021577380952380952
0 0.5022879464285714 0.1913690476190476 0.8856026785714286 0.036904761904761905
1 0.06505053983029382 0.1462119708994709 0.011049107142857144 0.021577380952380952
0 0.5022879464285714 0.2670386904761905 0.8856026785714286 0.0537202380952381
1 0.06697576304457953 0.21254133597883595 0.014899553571428572 0.021577380952380952
0 0.5022879464285714 0.3416666666666667 0.8856026785714286 0.047619047619047616
1 0.07326761572315096 0.27887070105820105 0.027483258928571428 0.021577380952380952
0 0.5022879464285714 0.39166666666666666 0.8856026785714286 0.06041666666666667
1 0.07416744831243667 0.3452000661375661 0.029282924107142855 0.021577380952380952
0 0.5022879464285714 0.46264880952380955 0.8856026785714286 0.03154761904761905
1 0.07338619831243667 0.41152943121693125 0.027720424107142858 0.021577380952380952
0 0.5022879464285714 0.5361607142857143 0.8856026785714286 0.034523809523809526
1 0.06978686795529382 0.4778587962962963 0.020521763392857145 0.021577380952380952
0 0.5022879464285714 0.601264880952381 0.8856026785714286 0.052529761904761905
1 0.06978686795529382 0.5441881613756614 0.020521763392857145 0.021577380952380952
0 0.5022879464285714 0.6547619047619048 0.8856026785714286 0.10803571428571429
1 0.06980081884815097 0.6105175264550264 0.02054966517857143 0.021577380952380952
0 0.5022879464285714 0.7044642857142858 0.8856026785714286 0.1193452380952381
1 0.06979384340172239 0.6768468915343916 0.020535714285714286 0.021577380952380952
0 0.5022879464285714 0.7703125 0.8856026785714286 0.10520833333333333
1 0.06978686795529382 0.7431762566137565 0.020521763392857145 0.021577380952380952
0 0.5022879464285714 0.8407738095238095 0.8856026785714286 0.075
1 0.06978686795529382 0.8095056216931217 0.020521763392857145 0.021577380952380952
