0 0.16975446428571428 0.2759672619047619 0.22142857142857142 0.07038690476190476
1 0.06267091990985048 0.18095592403628116 0.007198660714285714 0.021577380952380952
0 0.16975446428571428 0.38720238095238096 0.22142857142857142 0.13005952380952382
1 0.0645961431241362 0.3230902777777778 0.011049107142857144 0.021577380952380952
0 0.16975446428571428 0.5472470238095238 0.22142857142857142 0.08348214285714285
1 0.0665213663384219 0.4652246315192744 0.014899553571428572 0.021577380952380952
0 0.39140625 0.30967261904761906 0.22142857142857142 0.09642857142857143
1 0.2944842439573125 0.18095592403628116 0.027483258928571428 0.021577380952380952
0 0.39140625 0.4289434523809524 0.22142857142857142 0.04241071428571429
1 0.2953840765465982 0.3230902777777778 0.029282924107142855 0.021577380952380952
0 0.39140625 0.5366071428571428 0.22142857142857142 0.10357142857142858
1 0.2946028265465982 0.4652246315192744 0.027720424107142858 0.021577380952380952
0 0.6130580357142857 0.32455357142857144 0.22142857142857142 0.13720238095238096
1 0.5126745211297744 0.18095592403628116 0.020521763392857145 0.021577380952380952
0 0.6130580357142857 0.48348214285714286 0.22142857142857142 0.3104166666666667
1 0.5126745211297744 0.3230902777777778 0.020521763392857145 0.021577380952380952
0 0.6130580357142857 0.531547619047619 0.22142857142857142 0.3044642857142857
1 0.5126884720226316 0.4652246315192744 0.02054966517857143 0.021577380952380952
0 0.8347098214285714 0.17425595238095237 0.22142857142857142 0.35892857142857143
1 0.7343525215165222 0.18095592403628116 0.020535714285714286 0.021577380952380952
0 0.8347098214285714 0.3536458333333333 0.22142857142857142 0.21592261904761906
1 0.7343455460700936 0.3230902777777778 0.020521763392857145 0.021577380952380952
0 0.8347098214285714 0.5209821428571428 0.22142857142857142 0.14761904761904762
1 0.7343455460700936 0.4652246315192744 0.020521763392857145 0.021577380952380952
0 0.49832589285714285 0.6704613095238096 0.8785714285714286 0.13199404761904762
1 0.0645961431241362 0.6073589852607709 0.011049107142857144 0.021577380952380952
