0 0.2806919642857143 0.1918154761904762 0.44285714285714284 0.09494047619047619
1 0.06297304751642037 0.1388420414462081 0.007198660714285714 0.021577380952380952
0 0.2806919642857143 0.3146577380952381 0.44285714285714284 0.07961309523809523
1 0.06489827073070609 0.24939098324514994 0.011049107142857144 0.021577380952380952
0 0.2806919642857143 0.4625 0.44285714285714284 0.09136904761904761
1 0.0668234939449918 0.35993992504409167 0.014899553571428572 0.021577380952380952
0 0.2806919642857143 0.5737351190476191 0.44285714285714284 0.08020833333333334
1 0.07311534662356323 0.47048886684303354 0.027483258928571428 0.021577380952380952
0 0.2806919642857143 0.6385416666666667 0.44285714285714284 0.08779761904761904
1 0.07401517921284895 0.5810378086419753 0.029282924107142855 0.021577380952380952
0 0.2806919642857143 0.7736607142857143 0.44285714285714284 0.0681547619047619
1 0.07323392921284894 0.6915867504409172 0.027720424107142858 0.021577380952380987
0 0.7237723214285714 0.23638392857142856 0.44285714285714284 0.10104166666666667
1 0.5126861414223348 0.1388420414462081 0.020521763392857145 0.021577380952380952
0 0.7237723214285714 0.3386904761904762 0.44285714285714284 0.12142857142857143
1 0.5126861414223348 0.24939098324514994 0.020521763392857145 0.021577380952380952
0 0.7237723214285714 0.4218005952380952 0.44285714285714284 0.11324404761904762
1 0.512700092315192 0.35993992504409167 0.02054966517857143 0.021577380952380952
0 0.7237723214285714 0.4943452380952381 0.44285714285714284 0.16398809523809524
1 0.5126931168687634 0.47048886684303354 0.020535714285714286 0.021577380952380952
0 0.7237723214285714 0.5985119047619047 0.44285714285714284 0.18452380952380953
1 0.5126861414223348 0.5810378086419753 0.020521763392857145 0.021577380952380952
0 0.7237723214285714 0.7124255952380952 0.44285714285714284 0.17633928571428573
1 0.5126861414223348 0.6915867504409172 0.020521763392857145 0.021577380952380987
