0 0.16975446428571428 0.28072916666666664 0.22142857142857142 0.0537202380952381
1 0.06267091990985048 0.18095592403628116 0.007198660714285714 0.021577380952380952
0 0.16975446428571428 0.3703869047619048 0.22142857142857142 0.17261904761904762
1 0.0645961431241362 0.3230902777777778 0.011049107142857144 0.021577380952380952
0 0.16975446428571428 0.5180803571428572 0.22142857142857142 0.15967261904761904
1 0.0665213663384219 0.4652246315192744 0.014899553571428572 0.021577380952380952
0 0.39140625 0.31741071428571427 0.22142857142857142 0.10148809523809524
1 0.2944842439573125 0.18095592403628116 0.027483258928571428 0.021577380952380952
0 0.39140625 0.45260416666666664 0.22142857142857142 0.08348214285714285
1 0.2953840765465982 0.3230902777777778 0.029282924107142855 0.021577380952380952
0 0.39140625 0.5182291666666666 0.22142857142857142 0.16026785714285716
1 0.2946028265465982 0.4652246315192744 0.027720424107142858 0.021577380952380952
0 0.6130580357142857 0.31733630952380953 0.22142857142857142 0.09151785714285714
1 0.5126745211297744 0.18095592403628116 0.020521763392857145 0.021577380952380952
0 0.6130580357142857 0.5116071428571428 0.22142857142857142 0.22589285714285715
1 0.5126745211297744 0.3230902777777778 0.020521763392857145 0.021577380952380952
0 0.6130580357142857 0.6176339285714286 0.22142857142857142 0.153125
1 0.5126884720226316 0.4652246315192744 0.02054966517857143 0.021577380952380952
0 0.8347098214285714 0.2543154761904762 0.22142857142857142 0.15625
1 0.7343525215165222 0.18095592403628116 0.020535714285714286 0.021577380952380952
0 0.8347098214285714 0.37008928571428573 0.22142857142857142 0.18541666666666667
1 0.7343455460700936 0.3230902777777778 0.020521763392857145 0.021577380952380952
0 0.8347098214285714 0.5130208333333334 0.22142857142857142 0.1587797619047619
1 0.7343455460700936 0.4652246315192744 0.020521763392857145 0.021577380952380952
0 0.49832589285714285 0.6587053571428572 0.8785714285714286 0.18080357142857142
1 0.0645961431241362 0.6073589852607709 0.011049107142857144 0.021577380952380952
