0 0.2806919642857143 0.21197916666666666 0.44285714285714284 0.05818452380952381
1 0.06297304751642037 0.1388420414462081 0.007198660714285714 0.021577380952380952
0 0.2806919642857143 0.3150297619047619 0.44285714285714284 0.0800595238095238
1 0.06489827073070609 0.24939098324514994 0.011049107142857144 0.021577380952380952
0 0.2806919642857143 0.4308779761904762 0.44285714285714284 0.0537202380952381
1 0.0668234939449918 0.35993992504409167 0.014899553571428572 0.021577380952380952
0 0.2806919642857143 0.5659970238095238 0.44285714285714284 0.061755952380952384
1 0.07311534662356323 0.47048886684303354 0.027483258928571428 0.021577380952380952
0 0.2806919642857143 0.6610119047619047 0.44285714285714284 0.03958333333333333
1 0.07401517921284895 0.5810378086419753 0.029282924107142855 0.021577380952380952
0 0.2806919642857143 0.7620535714285714 0.44285714285714284 0.06279761904761905
1 0.07323392921284894 0.6915867504409172 0.027720424107142858 0.021577380952380987
0 0.7237723214285714 0.23898809523809525 0.44285714285714284 0.0681547619047619
1 0.5126861414223348 0.1388420414462081 0.020521763392857145 0.021577380952380952
0 0.7237723214285714 0.35558035714285713 0.44285714285714284 0.10282738095238095
1 0.5126861414223348 0.24939098324514994 0.020521763392857145 0.021577380952380952
0 0.7237723214285714 0.4366815476190476 0.44285714285714284 0.12544642857142857
1 0.512700092315192 0.35993992504409167 0.02054966517857143 0.021577380952380952
0 0.7237723214285714 0.5211309523809524 0.44285714285714284 0.13125
1 0.5126931168687634 0.47048886684303354 0.020535714285714286 0.021577380952380952
0 0.7237723214285714 0.6359375 0.44285714285714284 0.11056547619047619
1 0.5126861414223348 0.5810378086419753 0.020521763392857145 0.021577380952380952
0 0.7237723214285714 0.7530505952380953 0.44285714285714284 0.08139880952380953
1 0.5126861414223348 0.6915867504409172 0.020521763392857145 0.021577380952380987
