0 0.16975446428571428 0.2599702380952381 0.22142857142857142 0.0880952380952381
1 0.06267091990985048 0.18095592403628116 0.007198660714285714 0.021577380952380952
0 0.16975446428571428 0.4294642857142857 0.22142857142857142 0.05238095238095238
1 0.0645961431241362 0.3230902777777778 0.011049107142857144 0.021577380952380952
0 0.16975446428571428 0.5802827380952381 0.22142857142857142 0.07842261904761905
1 0.0665213663384219 0.4652246315192744 0.014899553571428572 0.021577380952380952
0 0.39140625 0.29598214285714286 0.22142857142857142 0.06398809523809523
1 0.2944842439573125 0.18095592403628116 0.027483258928571428 0.021577380952380952
0 0.39140625 0.40662202380952384 0.22142857142857142 0.07991071428571428
1 0.2953840765465982 0.3230902777777778 0.029282924107142855 0.021577380952380952
0 0.39140625 0.5695684523809523 0.22142857142857142 0.04747023809523809
1 0.2946028265465982 0.4652246315192744 0.027720424107142858 0.021577380952380952
0 0.6130580357142857 0.29575892857142855 0.22142857142857142 0.061755952380952384
1 0.5126745211297744 0.18095592403628116 0.020521763392857145 0.021577380952380952
0 0.6130580357142857 0.4414434523809524 0.22142857142857142 0.19330357142857144
1 0.5126745211297744 0.3230902777777778 0.020521763392857145 0.021577380952380952
0 0.6130580357142857 0.5464285714285714 0.22142857142857142 0.21696428571428572
1 0.5126884720226316 0.4652246315192744 0.02054966517857143 0.021577380952380952
0 0.8347098214285714 0.25282738095238094 0.22142857142857142 0.18392857142857144
1 0.7343525215165222 0.18095592403628116 0.020535714285714286 0.021577380952380952
0 0.8347098214285714 0.38705357142857144 0.22142857142857142 0.13898809523809524
1 0.7343455460700936 0.3230902777777778 0.020521763392857145 0.021577380952380952
0 0.8347098214285714 0.5351190476190476 0.22142857142857142 0.09077380952380952
1 0.7343455460700936 0.4652246315192744 0.020521763392857145 0.021577380952380952
0 0.49832589285714285 0.7121279761904762 0.8785714285714286 0.061160714285714284
1 0.0645961431241362 0.6073589852607709 0.011049107142857144 0.021577380952380952
