0 0.2806919642857143 0.23311011904761905 0.44285714285714284 0.058779761904761904
1 0.06297304751642037 0.1388420414462081 0.007198660714285714 0.021577380952380952
0 0.2806919642857143 0.29799107142857145 0.44285714285714284 0.12217261904761904
1 0.06489827073070609 0.24939098324514994 0.011049107142857144 0.021577380952380952
0 0.2806919642857143 0.4010416666666667 0.44285714285714284 0.1324404761904762
1 0.0668234939449918 0.35993992504409167 0.014899553571428572 0.021577380952380952
0 0.2806919642857143 0.5591517857142857 0.44285714285714284 0.0712797619047619
1 0.07311534662356323 0.47048886684303354 0.027483258928571428 0.021577380952380952
0 0.2806919642857143 0.687202380952381 0.44285714285714284 0.08303571428571428
1 0.07401517921284895 0.5810378086419753 0.029282924107142855 0.021577380952380952
0 0.2806919642857143 0.7348214285714286 0.44285714285714284 0.12410714285714286
1 0.07323392921284894 0.6915867504409172 0.027720424107142858 0.021577380952380987
0 0.7237723214285714 0.22760416666666666 0.44285714285714284 0.04479166666666667
1 0.5126861414223348 0.1388420414462081 0.020521763392857145 0.021577380952380952
0 0.7237723214285714 0.3595982142857143 0.44285714285714284 0.16413690476190476
1 0.5126861414223348 0.24939098324514994 0.020521763392857145 0.021577380952380952
0 0.7237723214285714 0.4360863095238095 0.44285714285714284 0.240625
1 0.512700092315192 0.35993992504409167 0.02054966517857143 0.021577380952380952
0 0.7237723214285714 0.5631696428571429 0.44285714285714284 0.2558035714285714
1 0.5126931168687634 0.47048886684303354 0.020535714285714286 0.021577380952380952
0 0.7237723214285714 0.6654761904761904 0.44285714285714284 0.14464285714285716
1 0.5126861414223348 0.5810378086419753 0.020521763392857145 0.021577380952380952
0 0.7237723214285714 0.7676339285714285 0.44285714285714284 0.08913690476190476
1 0.5126861414223348 0.6915867504409172 0.020521763392857145 0.021577380952380987
