0 0.5022879464285714 0.13191964285714286 0.8856026785714286 0.03080357142857143
1 0.0631253166160081 0.07988260582010584 0.007198660714285714 0.021577380952380952
0 0.5022879464285714 0.19174107142857144 0.8856026785714286 0.05848214285714286
1 0.06505053983029382 0.1462119708994709 0.011049107142857144 0.021577380952380952
0 0.5022879464285714 0.2563988095238095 0.8856026785714286 0.038392857142857145
1 0.06697576304457953 0.21254133597883595 0.014899553571428572 0.021577380952380952
0 0.5022879464285714 0.33430059523809524 0.8856026785714286 0.04151785714285714
1 0.07326761572315096 0.27887070105820105 0.027483258928571428 0.021577380952380952
0 0.5022879464285714 0.4009672619047619 0.8856026785714286 0.02217261904761905
1 0.07416744831243667 0.3452000661375661 0.029282924107142855 0.021577380952380952
0 0.5022879464285714 0.45617559523809526 0.8856026785714286 0.04836309523809524
1 0.07338619831243667 0.41152943121693125 0.027720424107142858 0.021577380952380952
0 0.5022879464285714 0.5334821428571429 0.8856026785714286 0.022321428571428572
1 0.06978686795529382 0.4778587962962963 0.020521763392857145 0.021577380952380952
0 0.5022879464285714 0.6133928571428572 0.8856026785714286 0.08601190476190476
1 0.06978686795529382 0.5441881613756614 0.020521763392857145 0.021577380952380952
0 0.5022879464285714 0.6756696428571428 0.8856026785714286 0.10669642857142857
1 0.06980081884815097 0.6105175264550264 0.02054966517857143 0.021577380952380952
0 0.5022879464285714 0.7148065476190476 0.8856026785714286 0.13824404761904763
1 0.06979384340172239 0.6768468915343916 0.020535714285714286 0.021577380952380952
0 0.5022879464285714 0.7813988095238096 0.8856026785714286 0.08660714285714285
1 0.06978686795529382 0.7431762566137565 0.020521763392857145 0.021577380952380952
0 0.5022879464285714 0.8521577380952381 0.8856026785714286 0.04836309523809524
1 0.06978686795529382 0.8095056216931217 0.020521763392857145 0.021577380952380952
