0 0.16975446428571428 0.2623511904761905 0.22142857142857142 0.06696428571428571
1 0.06267091990985048 0.18095592403628116 0.007198660714285714 0.021577380952380952
0 0.16975446428571428 0.38764880952380953 0.22142857142857142 0.13392857142857142
1 0.0645961431241362 0.3230902777777778 0.011049107142857144 0.021577380952380952
0 0.16975446428571428 0.5530505952380952 0.22142857142857142 0.08407738095238096
1 0.0665213663384219 0.4652246315192744 0.014899553571428572 0.021577380952380952
0 0.39140625 0.3132440476190476 0.22142857142857142 0.09791666666666667
1 0.2944842439573125 0.18095592403628116 0.027483258928571428 0.021577380952380952
0 0.39140625 0.4174107142857143 0.22142857142857142 0.03184523809523809
1 0.2953840765465982 0.3230902777777778 0.029282924107142855 0.021577380952380952
0 0.39140625 0.5395089285714286 0.22142857142857142 0.10520833333333333
1 0.2946028265465982 0.4652246315192744 0.027720424107142858 0.021577380952380952
0 0.6130580357142857 0.3068452380952381 0.22142857142857142 0.12380952380952381
1 0.5126745211297744 0.18095592403628116 0.020521763392857145 0.021577380952380952
0 0.6130580357142857 0.4154761904761905 0.22142857142857142 0.052976190476190475
1 0.5126745211297744 0.3230902777777778 0.020521763392857145 0.021577380952380952
0 0.6130580357142857 0.5267113095238095 0.22142857142857142 0.1331845238095238
1 0.5126884720226316 0.4652246315192744 0.02054966517857143 0.021577380952380952
0 0.8347098214285714 0.23921130952380953 0.22142857142857142 0.12782738095238094
1 0.7343525215165222 0.18095592403628116 0.020535714285714286 0.021577380952380952
0 0.8347098214285714 0.38377976190476193 0.22142857142857142 0.13095238095238096
1 0.7343455460700936 0.3230902777777778 0.020521763392857145 0.021577380952380952
0 0.8347098214285714 0.5333333333333333 0.22142857142857142 0.11339285714285714
1 0.7343455460700936 0.4652246315192744 0.020521763392857145 0.021577380952380952
0 0.49832589285714285 0.6712797619047619 0.8785714285714286 0.1419642857142857
1 0.0645961431241362 0.6073589852607709 0.011049107142857144 0.021577380952380952
