0 0.5022879464285714 0.11056547619047619 0.8856026785714286 0.06845238095238096
1 0.0631253166160081 0.07988260582010584 0.007198660714285714 0.021577380952380952
0 0.5022879464285714 0.19032738095238094 0.8856026785714286 0.03898809523809524
1 0.06505053983029382 0.1462119708994709 0.011049107142857144 0.021577380952380952
0 0.5022879464285714 0.2761160714285714 0.8856026785714286 0.045089285714285714
1 0.06697576304457953 0.21254133597883595 0.014899553571428572 0.021577380952380952
0 0.5022879464285714 0.3474702380952381 0.8856026785714286 0.049107142857142856
1 0.07326761572315096 0.27887070105820105 0.027483258928571428 0.021577380952380952
0 0.5022879464285714 0.3813988095238095 0.8856026785714286 0.05654761904761905
1 0.07416744831243667 0.3452000661375661 0.029282924107142855 0.021577380952380952
0 0.5022879464285714 0.46569940476190474 0.8856026785714286 0.021875
1 0.07338619831243667 0.41152943121693125 0.027720424107142858 0.021577380952380952
0 0.5022879464285714 0.5482142857142858 0.8856026785714286 0.05863095238095238
1 0.06978686795529382 0.4778587962962963 0.020521763392857145 0.021577380952380952
0 0.5022879464285714 0.611904761904762 0.8856026785714286 0.0886904761904762
1 0.06978686795529382 0.5441881613756614 0.020521763392857145 0.021577380952380952
0 0.5022879464285714 0.6645089285714286 0.8856026785714286 0.09717261904761905
1 0.06980081884815097 0.6105175264550264 0.02054966517857143 0.021577380952380952
0 0.5022879464285714 0.7019345238095238 0.8856026785714286 0.12589285714285714
1 0.06979384340172239 0.6768468915343916 0.020535714285714286 0.021577380952380952
0 0.5022879464285714 0.7563988095238096 0.8856026785714286 0.11577380952380953
1 0.06978686795529382 0.7431762566137565 0.020521763392857145 0.021577380952380952
0 0.5022879464285714 0.8644345238095238 0.8856026785714286 0.18660714285714286
1 0.06978686795529382 0.8095056216931217 0.020521763392857145 0.021577380952380952
