0 0.2806919642857143 0.1920386904761905 0.44285714285714284 0.08229166666666667
1 0.06297304751642037 0.1388420414462081 0.007198660714285714 0.021577380952380952
0 0.2806919642857143 0.30178571428571427 0.44285714285714284 0.09732142857142857
1 0.06489827073070609 0.24939098324514994 0.011049107142857144 0.021577380952380952
0 0.2806919642857143 0.44129464285714287 0.44285714285714284 0.04330357142857143
1 0.0668234939449918 0.35993992504409167 0.014899553571428572 0.021577380952380952
0 0.2806919642857143 0.58125 0.44285714285714284 0.08630952380952381
1 0.07311534662356323 0.47048886684303354 0.027483258928571428 0.021577380952380952
0 0.2806919642857143 0.6488839285714286 0.44285714285714284 0.04092261904761905
1 0.07401517921284895 0.5810378086419753 0.029282924107142855 0.021577380952380952
0 0.2806919642857143 0.7567708333333333 0.44285714285714284 0.06473214285714286
1 0.07323392921284894 0.6915867504409172 0.027720424107142858 0.021577380952380987
0 0.7237723214285714 0.2640625 0.44285714285714284 0.1367559523809524
1 0.5126861414223348 0.1388420414462081 0.020521763392857145 0.021577380952380952
0 0.7237723214285714 0.3976190476190476 0.44285714285714284 0.24553571428571427
1 0.5126861414223348 0.24939098324514994 0.020521763392857145 0.021577380952380952
0 0.7237723214285714 0.43348214285714287 0.44285714285714284 0.13452380952380952
1 0.512700092315192 0.35993992504409167 0.02054966517857143 0.021577380952380952
0 0.7237723214285714 0.4837053571428571 0.44285714285714284 0.1918154761904762
1 0.5126931168687634 0.47048886684303354 0.020535714285714286 0.021577380952380952
0 0.7237723214285714 0.5917410714285715 0.44285714285714284 0.19836309523809523
1 0.5126861414223348 0.5810378086419753 0.020521763392857145 0.021577380952380952
0 0.7237723214285714 0.7174107142857142 0.44285714285714284 0.1601190476190476
1 0.5126861414223348 0.6915867504409172 0.020521763392857145 0.021577380952380987
