0 0.5022879464285714 0.11867559523809523 0.8856026785714286 0.05193452380952381
1 0.0631253166160081 0.07988260582010584 0.007198660714285714 0.021577380952380952
0 0.5022879464285714 0.1886904761904762 0.8856026785714286 0.04851190476190476
1 0.06505053983029382 0.1462119708994709 0.011049107142857144 0.021577380952380952
0 0.5022879464285714 0.27380952380952384 0.8856026785714286 0.040773809523809525
1 0.06697576304457953 0.21254133597883595 0.014899553571428572 0.021577380952380952
0 0.5022879464285714 0.3436755952380952 0.8856026785714286 0.04300595238095238
1 0.07326761572315096 0.27887070105820105 0.027483258928571428 0.021577380952380952
0 0.5022879464285714 0.3886160714285714 0.8856026785714286 0.03943452380952381
1 0.07416744831243667 0.3452000661375661 0.029282924107142855 0.021577380952380952
0 0.5022879464285714 0.4644345238095238 0.8856026785714286 0.04136904761904762
1 0.07338619831243667 0.41152943121693125 0.027720424107142858 0.021577380952380952
0 0.5022879464285714 0.5531994047619048 0.8856026785714286 0.07217261904761904
1 0.06978686795529382 0.4778587962962963 0.020521763392857145 0.021577380952380952
0 0.5022879464285714 0.6127232142857143 0.8856026785714286 0.06711309523809524
1 0.06978686795529382 0.5441881613756614 0.020521763392857145 0.021577380952380952
0 0.5022879464285714 0.6735119047619048 0.8856026785714286 0.06488095238095239
1 0.06980081884815097 0.6105175264550264 0.02054966517857143 0.021577380952380952
0 0.5022879464285714 0.7270833333333333 0.8856026785714286 0.06607142857142857
1 0.06979384340172239 0.6768468915343916 0.020535714285714286 0.021577380952380952
0 0.5022879464285714 0.784375 0.8856026785714286 0.05773809523809524
1 0.06978686795529382 0.7431762566137565 0.020521763392857145 0.021577380952380952
0 0.5022879464285714 0.8439732142857143 0.8856026785714286 0.06354166666666666
1 0.06978686795529382 0.8095056216931217 0.020521763392857145 0.021577380952380952
