0 0.2806919642857143 0.2162202380952381 0.44285714285714284 0.040773809523809525
1 0.06297304751642037 0.1388420414462081 0.007198660714285714 0.021577380952380952
0 0.2806919642857143 0.2832589285714286 0.44285714285714284 0.1394345238095238
1 0.06489827073070609 0.24939098324514994 0.011049107142857144 0.021577380952380952
0 0.2806919642857143 0.40401785714285715 0.44285714285714284 0.11547619047619048
1 0.0668234939449918 0.35993992504409167 0.014899553571428572 0.021577380952380952
0 0.2806919642857143 0.5790922619047619 0.44285714285714284 0.0900297619047619
1 0.07311534662356323 0.47048886684303354 0.027483258928571428 0.021577380952380952
0 0.2806919642857143 0.6783482142857142 0.44285714285714284 0.05550595238095238
1 0.07401517921284895 0.5810378086419753 0.029282924107142855 0.021577380952380952
0 0.2806919642857143 0.7304315476190476 0.44285714285714284 0.1263392857142857
1 0.07323392921284894 0.6915867504409172 0.027720424107142858 0.021577380952380987
0 0.7237723214285714 0.24501488095238094 0.44285714285714284 0.10163690476190476
1 0.5126861414223348 0.1388420414462081 0.020521763392857145 0.021577380952380952
0 0.7237723214285714 0.3899553571428571 0.44285714285714284 0.203125
1 0.5126861414223348 0.24939098324514994 0.020521763392857145 0.021577380952380952
0 0.7237723214285714 0.4212797619047619 0.44285714285714284 0.1767857142857143
1 0.512700092315192 0.35993992504409167 0.02054966517857143 0.021577380952380952
0 0.7237723214285714 0.498735119047619 0.44285714285714284 0.15639880952380952
1 0.5126931168687634 0.47048886684303354 0.020535714285714286 0.021577380952380952
0 0.7237723214285714 0.6180803571428571 0.44285714285714284 0.14479166666666668
1 0.5126861414223348 0.5810378086419753 0.020521763392857145 0.021577380952380952
0 0.7237723214285714 0.7317708333333334 0.44285714285714284 0.12901785714285716
1 0.5126861414223348 0.6915867504409172 0.020521763392857145 0.021577380952380987
