0 0.16975446428571428 0.27938988095238093 0.22142857142857142 0.07008928571428572
1 0.06267091990985048 0.18095592403628116 0.007198660714285714 0.021577380952380952
0 0.16975446428571428 0.3697916666666667 0.22142857142857142 0.17797619047619048
1 0.0645961431241362 0.3230902777777778 0.011049107142857144 0.021577380952380952
0 0.16975446428571428 0.5194940476190476 0.22142857142857142 0.13720238095238096
1 0.0665213663384219 0.4652246315192744 0.014899553571428572 0.021577380952380952
0 0.39140625 0.3124255952380952 0.22142857142857142 0.11919642857142858
1 0.2944842439573125 0.18095592403628116 0.027483258928571428 0.021577380952380952
0 0.39140625 0.4408482142857143 0.22142857142857142 0.07425595238095238
1 0.2953840765465982 0.3230902777777778 0.029282924107142855 0.021577380952380952
0 0.39140625 0.5119791666666667 0.22142857142857142 0.15014880952380952
1 0.2946028265465982 0.4652246315192744 0.027720424107142858 0.021577380952380952
0 0.6130580357142857 0.33035714285714285 0.22142857142857142 0.1863095238095238
1 0.5126745211297744 0.18095592403628116 0.020521763392857145 0.021577380952380952
0 0.6130580357142857 0.4695684523809524 0.22142857142857142 0.27723214285714287
1 0.5126745211297744 0.3230902777777778 0.020521763392857145 0.021577380952380952
0 0.6130580357142857 0.559375 0.22142857142857142 0.2119047619047619
1 0.5126884720226316 0.4652246315192744 0.02054966517857143 0.021577380952380952
0 0.8347098214285714 0.2500744047619048 0.22142857142857142 0.215625
1 0.7343525215165222 0.18095592403628116 0.020535714285714286 0.021577380952380952
0 0.8347098214285714 0.3806547619047619 0.22142857142857142 0.18303571428571427
1 0.7343455460700936 0.3230902777777778 0.020521763392857145 0.021577380952380952
0 0.8347098214285714 0.523735119047619 0.22142857142857142 0.1480654761904762
1 0.7343455460700936 0.4652246315192744 0.020521763392857145 0.021577380952380952
0 0.49832589285714285 0.6543898809523809 0.8785714285714286 0.1787202380952381
1 0.0645961431241362 0.6073589852607709 0.011049107142857144 0.021577380952380952
