0 0.16975446428571428 0.2769345238095238 0.22142857142857142 0.050595238095238096
1 0.06267091990985048 0.18095592403628116 0.007198660714285714 0.021577380952380952
0 0.16975446428571428 0.3998511904761905 0.22142857142857142 0.0880952380952381
1 0.0645961431241362 0.3230902777777778 0.011049107142857144 0.021577380952380952
0 0.16975446428571428 0.548139880952381 0.22142857142857142 0.06235119047619048
1 0.0665213663384219 0.4652246315192744 0.014899553571428572 0.021577380952380952
0 0.39140625 0.3014880952380952 0.22142857142857142 0.06726190476190476
1 0.2944842439573125 0.18095592403628116 0.027483258928571428 0.021577380952380952
0 0.39140625 0.4316220238095238 0.22142857142857142 0.03318452380952381
1 0.2953840765465982 0.3230902777777778 0.029282924107142855 0.021577380952380952
0 0.39140625 0.5444196428571428 0.22142857142857142 0.07395833333333333
1 0.2946028265465982 0.4652246315192744 0.027720424107142858 0.021577380952380952
0 0.6130580357142857 0.3061011904761905 0.22142857142857142 0.08273809523809524
1 0.5126745211297744 0.18095592403628116 0.020521763392857145 0.021577380952380952
0 0.6130580357142857 0.45275297619047616 0.22142857142857142 0.11086309523809523
1 0.5126745211297744 0.3230902777777778 0.020521763392857145 0.021577380952380952
0 0.6130580357142857 0.559970238095238 0.22142857142857142 0.1255952380952381
1 0.5126884720226316 0.4652246315192744 0.02054966517857143 0.021577380952380952
0 0.8347098214285714 0.25558035714285715 0.22142857142857142 0.13764880952380953
1 0.7343525215165222 0.18095592403628116 0.020535714285714286 0.021577380952380952
0 0.8347098214285714 0.3912202380952381 0.22142857142857142 0.12232142857142857
1 0.7343455460700936 0.3230902777777778 0.020521763392857145 0.021577380952380952
0 0.8347098214285714 0.5395089285714286 0.22142857142857142 0.0837797619047619
1 0.7343455460700936 0.4652246315192744 0.020521763392857145 0.021577380952380952
0 0.49832589285714285 0.6780505952380952 0.8785714285714286 0.10044642857142858
1 0.0645961431241362 0.6073589852607709 0.011049107142857144 0.021577380952380952
