0 0.5022879464285714 0.1021577380952381 0.8856026785714286 0.10550595238095238
1 0.0631253166160081 0.07988260582010584 0.007198660714285714 0.021577380952380952
0 0.5022879464285714 0.19940476190476192 0.8856026785714286 0.06220238095238095
1 0.06505053983029382 0.1462119708994709 0.011049107142857144 0.021577380952380952
0 0.5022879464285714 0.2912202380952381 0.8856026785714286 0.10446428571428572
1 0.06697576304457953 0.21254133597883595 0.014899553571428572 0.021577380952380952
0 0.5022879464285714 0.3507440476190476 0.8856026785714286 0.0693452380952381
1 0.07326761572315096 0.27887070105820105 0.027483258928571428 0.021577380952380952
0 0.5022879464285714 0.3726190476190476 0.8856026785714286 0.09732142857142857
1 0.07416744831243667 0.3452000661375661 0.029282924107142855 0.021577380952380952
0 0.5022879464285714 0.47886904761904764 0.8856026785714286 0.07053571428571428
1 0.07338619831243667 0.41152943121693125 0.027720424107142858 0.021577380952380952
0 0.5022879464285714 0.5671875 0.8856026785714286 0.12901785714285716
1 0.06978686795529382 0.4778587962962963 0.020521763392857145 0.021577380952380952
0 0.5022879464285714 0.6087797619047619 0.8856026785714286 0.17589285714285716
1 0.06978686795529382 0.5441881613756614 0.020521763392857145 0.021577380952380952
0 0.5022879464285714 0.6811011904761904 0.8856026785714286 0.08125
1 0.06980081884815097 0.6105175264550264 0.02054966517857143 0.021577380952380952
0 0.5022879464285714 0.7374255952380953 0.8856026785714286 0.08110119047619048
1 0.06979384340172239 0.6768468915343916 0.020535714285714286 0.021577380952380952
0 0.5022879464285714 0.7769345238095238 0.8856026785714286 0.12232142857142857
1 0.06978686795529382 0.7431762566137565 0.020521763392857145 0.021577380952380952
0 0.5022879464285714 0.8479166666666667 0.8856026785714286 0.2663690476190476
1 0.06978686795529382 0.8095056216931217 0.020521763392857145 0.021577380952380952
