0 0.16975446428571428 0.22075892857142856 0.22142857142857142 0.18288690476190475
1 0.06267091990985048 0.18095592403628116 0.007198660714285714 0.021577380952380952
0 0.16975446428571428 0.4140625 0.22142857142857142 0.04598214285714286
1 0.0645961431241362 0.3230902777777778 0.011049107142857144 0.021577380952380952
0 0.16975446428571428 0.6189732142857143 0.22142857142857142 0.14538690476190477
1 0.0665213663384219 0.4652246315192744 0.014899553571428572 0.021577380952380952
0 0.39140625 0.3222470238095238 0.22142857142857142 0.11235119047619048
1 0.2944842439573125 0.18095592403628116 0.027483258928571428 0.021577380952380952
0 0.39140625 0.3691964285714286 0.22142857142857142 0.16398809523809524
1 0.2953840765465982 0.3230902777777778 0.029282924107142855 0.021577380952380952
0 0.39140625 0.5868303571428571 0.22142857142857142 0.05699404761904762
1 0.2946028265465982 0.4652246315192744 0.027720424107142858 0.021577380952380952
0 0.6130580357142857 0.30163690476190474 0.22142857142857142 0.07886904761904762
1 0.5126745211297744 0.18095592403628116 0.020521763392857145 0.021577380952380952
0 0.6130580357142857 0.41309523809523807 0.22142857142857142 0.21636904761904763
1 0.5126745211297744 0.3230902777777778 0.020521763392857145 0.021577380952380952
0 0.6130580357142857 0.5336309523809524 0.22142857142857142 0.2857142857142857
1 0.5126884720226316 0.4652246315192744 0.02054966517857143 0.021577380952380952
0 0.8347098214285714 0.21793154761904762 0.22142857142857142 0.27901785714285715
1 0.7343525215165222 0.18095592403628116 0.020535714285714286 0.021577380952380952
0 0.8347098214285714 0.38444940476190476 0.22142857142857142 0.12395833333333334
1 0.7343455460700936 0.3230902777777778 0.020521763392857145 0.021577380952380952
0 0.8347098214285714 0.5434523809523809 0.22142857142857142 0.0818452380952381
1 0.7343455460700936 0.4652246315192744 0.020521763392857145 0.021577380952380952
0 0.49832589285714285 0.6958333333333333 0.8785714285714286 0.05892857142857143
1 0.0645961431241362 0.6073589852607709 0.011049107142857144 0.021577380952380952
