0 0.2806919642857143 0.20498511904761904 0.44285714285714284 0.05163690476190476
1 0.06297304751642037 0.1388420414462081 0.007198660714285714 0.021577380952380952
0 0.2806919642857143 0.30364583333333334 0.44285714285714284 0.07663690476190477
1 0.06489827073070609 0.24939098324514994 0.011049107142857144 0.021577380952380952
0 0.2806919642857143 0.43385416666666665 0.44285714285714284 0.036458333333333336
1 0.0668234939449918 0.35993992504409167 0.014899553571428572 0.021577380952380952
0 0.2806919642857143 0.5746279761904762 0.44285714285714284 0.06383928571428571
1 0.07311534662356323 0.47048886684303354 0.027483258928571428 0.021577380952380952
0 0.2806919642857143 0.6610863095238095 0.44285714285714284 0.01800595238095238
1 0.07401517921284895 0.5810378086419753 0.029282924107142855 0.021577380952380952
0 0.2806919642857143 0.7548363095238095 0.44285714285714284 0.054910714285714285
1 0.07323392921284894 0.6915867504409172 0.027720424107142858 0.021577380952380987
0 0.7237723214285714 0.2603422619047619 0.44285714285714284 0.10401785714285715
1 0.5126861414223348 0.1388420414462081 0.020521763392857145 0.021577380952380952
0 0.7237723214285714 0.3586309523809524 0.44285714285714284 0.12291666666666666
1 0.5126861414223348 0.24939098324514994 0.020521763392857145 0.021577380952380952
0 0.7237723214285714 0.44828869047619047 0.44285714285714284 0.0831845238095238
1 0.512700092315192 0.35993992504409167 0.02054966517857143 0.021577380952380952
0 0.7237723214285714 0.5277529761904762 0.44285714285714284 0.08556547619047619
1 0.5126931168687634 0.47048886684303354 0.020535714285714286 0.021577380952380952
0 0.7237723214285714 0.635342261904762 0.44285714285714284 0.08139880952380953
1 0.5126861414223348 0.5810378086419753 0.020521763392857145 0.021577380952380952
0 0.7237723214285714 0.7505952380952381 0.44285714285714284 0.07202380952380952
1 0.5126861414223348 0.6915867504409172 0.020521763392857145 0.021577380952380987
