0 0.5022879464285714 0.12983630952380953 0.8856026785714286 0.034375
1 0.0631253166160081 0.07988260582010584 0.007198660714285714 0.021577380952380952
0 0.5022879464285714 0.19293154761904763 0.8856026785714286 0.041220238095238095
1 0.06505053983029382 0.1462119708994709 0.011049107142857144 0.021577380952380952
0 0.5022879464285714 0.26331845238095236 0.8856026785714286 0.030208333333333334
1 0.06697576304457953 0.21254133597883595 0.014899553571428572 0.021577380952380952
0 0.5022879464285714 0.3360119047619048 0.8856026785714286 0.037797619047619045
1 0.07326761572315096 0.27887070105820105 0.027483258928571428 0.021577380952380952
0 0.5022879464285714 0.396875 0.8856026785714286 0.025
1 0.07416744831243667 0.3452000661375661 0.029282924107142855 0.021577380952380952
0 0.5022879464285714 0.4611607142857143 0.8856026785714286 0.03125
1 0.07338619831243667 0.41152943121693125 0.027720424107142858 0.021577380952380952
0 0.5022879464285714 0.538764880952381 0.8856026785714286 0.034970238095238096
1 0.06978686795529382 0.4778587962962963 0.020521763392857145 0.021577380952380952
0 0.5022879464285714 0.6205357142857143 0.8856026785714286 0.06875
1 0.06978686795529382 0.5441881613756614 0.020521763392857145 0.021577380952380952
0 0.5022879464285714 0.7004464285714286 0.8856026785714286 0.10773809523809524
1 0.06980081884815097 0.6105175264550264 0.02054966517857143 0.021577380952380952
0 0.5022879464285714 0.7459821428571428 0.8856026785714286 0.05714285714285714
1 0.06979384340172239 0.6768468915343916 0.020535714285714286 0.021577380952380952
0 0.5022879464285714 0.7963541666666667 0.8856026785714286 0.061755952380952384
1 0.06978686795529382 0.7431762566137565 0.020521763392857145 0.021577380952380952
0 0.5022879464285714 0.862202380952381 0.8856026785714286 0.08452380952380953
1 0.06978686795529382 0.8095056216931217 0.020521763392857145 0.021577380952380952
