0 0.16975446428571428 0.25892857142857145 0.22142857142857142 0.1181547619047619
1 0.06267091990985048 0.18095592403628116 0.007198660714285714 0.021577380952380952
0 0.16975446428571428 0.40982142857142856 0.22142857142857142 0.06666666666666667
1 0.0645961431241362 0.3230902777777778 0.011049107142857144 0.021577380952380952
0 0.16975446428571428 0.5875744047619048 0.22142857142857142 0.0918154761904762
1 0.0665213663384219 0.4652246315192744 0.014899553571428572 0.021577380952380952
0 0.39140625 0.303125 0.22142857142857142 0.0875
1 0.2944842439573125 0.18095592403628116 0.027483258928571428 0.021577380952380952
0 0.39140625 0.4040922619047619 0.22142857142857142 0.10491071428571429
1 0.2953840765465982 0.3230902777777778 0.029282924107142855 0.021577380952380952
0 0.39140625 0.5736607142857143 0.22142857142857142 0.04583333333333333
1 0.2946028265465982 0.4652246315192744 0.027720424107142858 0.021577380952380952
0 0.6130580357142857 0.29992559523809526 0.22142857142857142 0.07008928571428572
1 0.5126745211297744 0.18095592403628116 0.020521763392857145 0.021577380952380952
0 0.6130580357142857 0.4523065476190476 0.22142857142857142 0.19538690476190476
1 0.5126745211297744 0.3230902777777778 0.020521763392857145 0.021577380952380952
0 0.6130580357142857 0.5607142857142857 0.22142857142857142 0.2181547619047619
1 0.5126884720226316 0.4652246315192744 0.02054966517857143 0.021577380952380952
0 0.8347098214285714 0.2657738095238095 0.22142857142857142 0.21101190476190476
1 0.7343525215165222 0.18095592403628116 0.020535714285714286 0.021577380952380952
0 0.8347098214285714 0.3985863095238095 0.22142857142857142 0.15044642857142856
1 0.7343455460700936 0.3230902777777778 0.020521763392857145 0.021577380952380952
0 0.8347098214285714 0.5534970238095238 0.22142857142857142 0.08110119047619048
1 0.7343455460700936 0.4652246315192744 0.020521763392857145 0.021577380952380952
0 0.49832589285714285 0.6979166666666666 0.8785714285714286 0.0744047619047619
1 0.0645961431241362 0.6073589852607709 0.011049107142857144 0.021577380952380952
