0 0.5022879464285714 0.12842261904761904 0.8856026785714286 0.05744047619047619
1 0.0631253166160081 0.07988260582010584 0.007198660714285714 0.021577380952380952
0 0.5022879464285714 0.19866071428571427 0.8856026785714286 0.04107142857142857
1 0.06505053983029382 0.1462119708994709 0.011049107142857144 0.021577380952380952
0 0.5022879464285714 0.27001488095238096 0.8856026785714286 0.032589285714285716
1 0.06697576304457953 0.21254133597883595 0.014899553571428572 0.021577380952380952
0 0.5022879464285714 0.3340029761904762 0.8856026785714286 0.04657738095238095
1 0.07326761572315096 0.27887070105820105 0.027483258928571428 0.021577380952380952
0 0.5022879464285714 0.3941220238095238 0.8856026785714286 0.04300595238095238
1 0.07416744831243667 0.3452000661375661 0.029282924107142855 0.021577380952380952
0 0.5022879464285714 0.46822916666666664 0.8856026785714286 0.029017857142857144
1 0.07338619831243667 0.41152943121693125 0.027720424107142858 0.021577380952380952
0 0.5022879464285714 0.4988095238095238 0.8856026785714286 0.12023809523809524
1 0.06978686795529382 0.4778587962962963 0.020521763392857145 0.021577380952380952
0 0.5022879464285714 0.5787946428571429 0.8856026785714286 0.128125
1 0.06978686795529382 0.5441881613756614 0.020521763392857145 0.021577380952380952
0 0.5022879464285714 0.6604166666666667 0.8856026785714286 0.15476190476190477
1 0.06980081884815097 0.6105175264550264 0.02054966517857143 0.021577380952380952
0 0.5022879464285714 0.7199404761904762 0.8856026785714286 0.1595238095238095
1 0.06979384340172239 0.6768468915343916 0.020535714285714286 0.021577380952380952
0 0.5022879464285714 0.7798363095238096 0.8856026785714286 0.10848214285714286
1 0.06978686795529382 0.7431762566137565 0.020521763392857145 0.021577380952380952
0 0.5022879464285714 0.8443452380952381 0.8856026785714286 0.08660714285714285
1 0.06978686795529382 0.8095056216931217 0.020521763392857145 0.021577380952380952
