0 0.16975446428571428 0.23430059523809524 0.22142857142857142 0.1269345238095238
1 0.06267091990985048 0.18095592403628116 0.007198660714285714 0.021577380952380952
0 0.16975446428571428 0.409375 0.22142857142857142 0.075
1 0.0645961431241362 0.3230902777777778 0.011049107142857144 0.021577380952380952
0 0.16975446428571428 0.5922619047619048 0.22142857142857142 0.07946428571428571
1 0.0665213663384219 0.4652246315192744 0.014899553571428572 0.021577380952380952
0 0.39140625 0.3169642857142857 0.22142857142857142 0.09970238095238096
1 0.2944842439573125 0.18095592403628116 0.027483258928571428 0.021577380952380952
0 0.39140625 0.3884672619047619 0.22142857142857142 0.10133928571428572
1 0.2953840765465982 0.3230902777777778 0.029282924107142855 0.021577380952380952
0 0.39140625 0.5733630952380953 0.22142857142857142 0.04375
1 0.2946028265465982 0.4652246315192744 0.027720424107142858 0.021577380952380952
0 0.6130580357142857 0.3080357142857143 0.22142857142857142 0.09672619047619048
1 0.5126745211297744 0.18095592403628116 0.020521763392857145 0.021577380952380952
0 0.6130580357142857 0.45714285714285713 0.22142857142857142 0.14464285714285716
1 0.5126745211297744 0.3230902777777778 0.020521763392857145 0.021577380952380952
0 0.6130580357142857 0.5873511904761904 0.22142857142857142 0.09226190476190477
1 0.5126884720226316 0.4652246315192744 0.02054966517857143 0.021577380952380952
0 0.8347098214285714 0.2773065476190476 0.22142857142857142 0.07723214285714286
1 0.7343525215165222 0.18095592403628116 0.020535714285714286 0.021577380952380952
0 0.8347098214285714 0.41450892857142857 0.22142857142857142 0.07008928571428572
1 0.7343455460700936 0.3230902777777778 0.020521763392857145 0.021577380952380952
0 0.8347098214285714 0.5508184523809524 0.22142857142857142 0.053125
1 0.7343455460700936 0.4652246315192744 0.020521763392857145 0.021577380952380952
0 0.49832589285714285 0.6854910714285715 0.8785714285714286 0.09151785714285714
1 0.0645961431241362 0.6073589852607709 0.011049107142857144 0.021577380952380952
