0 0.2806919642857143 0.18147321428571428 0.44285714285714284 0.10223214285714285
1 0.06297304751642037 0.1388420414462081 0.007198660714285714 0.021577380952380952
0 0.2806919642857143 0.3132440476190476 0.44285714285714284 0.08273809523809524
1 0.06489827073070609 0.24939098324514994 0.011049107142857144 0.021577380952380952
0 0.2806919642857143 0.4576636904761905 0.44285714285714284 0.06235119047619048
1 0.0668234939449918 0.35993992504409167 0.014899553571428572 0.021577380952380952
0 0.2806919642857143 0.583110119047619 0.44285714285714284 0.08943452380952381
1 0.07311534662356323 0.47048886684303354 0.027483258928571428 0.021577380952380952
0 0.2806919642857143 0.6348214285714285 0.44285714285714284 0.0761904761904762
1 0.07401517921284895 0.5810378086419753 0.029282924107142855 0.021577380952380952
0 0.2806919642857143 0.7761160714285714 0.44285714285714284 0.03824404761904762
1 0.07323392921284894 0.6915867504409172 0.027720424107142858 0.021577380952380987
0 0.7237723214285714 0.23683035714285713 0.44285714285714284 0.06324404761904762
1 0.5126861414223348 0.1388420414462081 0.020521763392857145 0.021577380952380952
0 0.7237723214285714 0.3324404761904762 0.44285714285714284 0.10982142857142857
1 0.5126861414223348 0.24939098324514994 0.020521763392857145 0.021577380952380952
0 0.7237723214285714 0.42552083333333335 0.44285714285714284 0.13169642857142858
1 0.512700092315192 0.35993992504409167 0.02054966517857143 0.021577380952380952
0 0.7237723214285714 0.5415178571428572 0.44285714285714284 0.10833333333333334
1 0.5126931168687634 0.47048886684303354 0.020535714285714286 0.021577380952380952
0 0.7237723214285714 0.6428571428571429 0.44285714285714284 0.10922619047619048
1 0.5126861414223348 0.5810378086419753 0.020521763392857145 0.021577380952380952
0 0.7237723214285714 0.7506696428571429 0.44285714285714284 0.0956845238095238
1 0.5126861414223348 0.6915867504409172 0.020521763392857145 0.021577380952380987
