0 0.16975446428571428 0.27767857142857144 0.22142857142857142 0.04196428571428571
1 0.06267091990985048 0.18095592403628116 0.007198660714285714 0.021577380952380952
0 0.16975446428571428 0.3860863095238095 0.22142857142857142 0.11800595238095238
1 0.0645961431241362 0.3230902777777778 0.011049107142857144 0.021577380952380952
0 0.16975446428571428 0.5299107142857142 0.22142857142857142 0.11011904761904762
1 0.0665213663384219 0.4652246315192744 0.014899553571428572 0.021577380952380952
0 0.39140625 0.3058779761904762 0.22142857142857142 0.06979166666666667
1 0.2944842439573125 0.18095592403628116 0.027483258928571428 0.021577380952380952
0 0.39140625 0.44501488095238095 0.22142857142857142 0.06770833333333333
1 0.2953840765465982 0.3230902777777778 0.029282924107142855 0.021577380952380952
0 0.39140625 0.5302083333333333 0.22142857142857142 0.11011904761904762
1 0.2946028265465982 0.4652246315192744 0.027720424107142858 0.021577380952380952
0 0.6130580357142857 0.3072172619047619 0.22142857142857142 0.07663690476190477
1 0.5126745211297744 0.18095592403628116 0.020521763392857145 0.021577380952380952
0 0.6130580357142857 0.4900297619047619 0.22142857142857142 0.2630952380952381
1 0.5126745211297744 0.3230902777777778 0.020521763392857145 0.021577380952380952
0 0.6130580357142857 0.5450892857142857 0.22142857142857142 0.24285714285714285
1 0.5126884720226316 0.4652246315192744 0.02054966517857143 0.021577380952380952
0 0.8347098214285714 0.2444940476190476 0.22142857142857142 0.1556547619047619
1 0.7343525215165222 0.18095592403628116 0.020535714285714286 0.021577380952380952
0 0.8347098214285714 0.3874255952380952 0.22142857142857142 0.12574404761904762
1 0.7343455460700936 0.3230902777777778 0.020521763392857145 0.021577380952380952
0 0.8347098214285714 0.5497767857142857 0.22142857142857142 0.11056547619047619
1 0.7343455460700936 0.4652246315192744 0.020521763392857145 0.021577380952380952
0 0.49832589285714285 0.6691964285714286 0.8785714285714286 0.12023809523809524
1 0.0645961431241362 0.6073589852607709 0.011049107142857144 0.021577380952380952
