0 0.16975446428571428 0.22916666666666666 0.22142857142857142 0.19047619047619047
1 0.06267091990985048 0.18095592403628116 0.007198660714285714 0.021577380952380952
0 0.16975446428571428 0.41369047619047616 0.22142857142857142 0.11339285714285714
1 0.0645961431241362 0.3230902777777778 0.011049107142857144 0.021577380952380952
0 0.16975446428571428 0.6139136904761905 0.22142857142857142 0.11741071428571428
1 0.0665213663384219 0.4652246315192744 0.014899553571428572 0.021577380952380952
0 0.39140625 0.3191220238095238 0.22142857142857142 0.14955357142857142
1 0.2944842439573125 0.18095592403628116 0.027483258928571428 0.021577380952380952
0 0.39140625 0.3790922619047619 0.22142857142857142 0.13883928571428572
1 0.2953840765465982 0.3230902777777778 0.029282924107142855 0.021577380952380952
0 0.39140625 0.5933779761904762 0.22142857142857142 0.06800595238095238
1 0.2946028265465982 0.4652246315192744 0.027720424107142858 0.021577380952380952
0 0.6130580357142857 0.33504464285714286 0.22142857142857142 0.14300595238095237
1 0.5126745211297744 0.18095592403628116 0.020521763392857145 0.021577380952380952
0 0.6130580357142857 0.46436011904761904 0.22142857142857142 0.15223214285714284
1 0.5126745211297744 0.3230902777777778 0.020521763392857145 0.021577380952380952
0 0.6130580357142857 0.6006696428571429 0.22142857142857142 0.1212797619047619
1 0.5126884720226316 0.4652246315192744 0.02054966517857143 0.021577380952380952
0 0.8347098214285714 0.30424107142857143 0.22142857142857142 0.10223214285714285
1 0.7343525215165222 0.18095592403628116 0.020535714285714286 0.021577380952380952
0 0.8347098214285714 0.4133928571428571 0.22142857142857142 0.1261904761904762
1 0.7343455460700936 0.3230902777777778 0.020521763392857145 0.021577380952380952
0 0.8347098214285714 0.5364583333333334 0.22142857142857142 0.12023809523809524
1 0.7343455460700936 0.4652246315192744 0.020521763392857145 0.021577380952380952
0 0.49832589285714285 0.6848958333333334 0.8785714285714286 0.13973214285714286
1 0.0645961431241362 0.6073589852607709 0.011049107142857144 0.021577380952380952
