0 0.2806919642857143 0.2181547619047619 0.44285714285714284 0.04404761904761905
1 0.06297304751642037 0.1388420414462081 0.007198660714285714 0.021577380952380952
0 0.2806919642857143 0.32849702380952384 0.44285714285714284 0.10788690476190477
1 0.06489827073070609 0.24939098324514994 0.011049107142857144 0.021577380952380952
0 0.2806919642857143 0.43846726190476193 0.44285714285714284 0.11949404761904762
1 0.0668234939449918 0.35993992504409167 0.014899553571428572 0.021577380952380952
0 0.2806919642857143 0.5531994047619048 0.44285714285714284 0.05163690476190476
1 0.07311534662356323 0.47048886684303354 0.027483258928571428 0.021577380952380952
0 0.2806919642857143 0.6658482142857143 0.44285714285714284 0.06889880952380953
1 0.07401517921284895 0.5810378086419753 0.029282924107142855 0.021577380952380952
0 0.2806919642857143 0.7703869047619047 0.44285714285714284 0.11369047619047619
1 0.07323392921284894 0.6915867504409172 0.027720424107142858 0.021577380952380987
0 0.7237723214285714 0.23348214285714286 0.44285714285714284 0.1056547619047619
1 0.5126861414223348 0.1388420414462081 0.020521763392857145 0.021577380952380952
0 0.7237723214285714 0.32857142857142857 0.44285714285714284 0.16607142857142856
1 0.5126861414223348 0.24939098324514994 0.020521763392857145 0.021577380952380952
0 0.7237723214285714 0.4377232142857143 0.44285714285714284 0.21205357142857142
1 0.512700092315192 0.35993992504409167 0.02054966517857143 0.021577380952380952
0 0.7237723214285714 0.55 0.44285714285714284 0.20833333333333334
1 0.5126931168687634 0.47048886684303354 0.020535714285714286 0.021577380952380952
0 0.7237723214285714 0.6700148809523809 0.44285714285714284 0.10193452380952381
1 0.5126861414223348 0.5810378086419753 0.020521763392857145 0.021577380952380952
0 0.7237723214285714 0.7726934523809523 0.44285714285714284 0.03705357142857143
1 0.5126861414223348 0.6915867504409172 0.020521763392857145 0.021577380952380987
