0 0.16975446428571428 0.23325892857142858 0.22142857142857142 0.1269345238095238
1 0.06267091990985048 0.18095592403628116 0.007198660714285714 0.021577380952380952
0 0.16975446428571428 0.40066964285714285 0.22142857142857142 0.11889880952380952
1 0.0645961431241362 0.3230902777777778 0.011049107142857144 0.021577380952380952
0 0.16975446428571428 0.602827380952381 0.22142857142857142 0.1282738095238095
1 0.0665213663384219 0.4652246315192744 0.014899553571428572 0.021577380952380952
0 0.39140625 0.32142857142857145 0.22142857142857142 0.10446428571428572
1 0.2944842439573125 0.18095592403628116 0.027483258928571428 0.021577380952380952
0 0.39140625 0.3892113095238095 0.22142857142857142 0.11145833333333334
1 0.2953840765465982 0.3230902777777778 0.029282924107142855 0.021577380952380952
0 0.39140625 0.5722470238095239 0.22142857142857142 0.10580357142857143
1 0.2946028265465982 0.4652246315192744 0.027720424107142858 0.021577380952380952
0 0.6130580357142857 0.37529761904761905 0.22142857142857142 0.2193452380952381
1 0.5126745211297744 0.18095592403628116 0.020521763392857145 0.021577380952380952
0 0.6130580357142857 0.48534226190476193 0.22142857142857142 0.36949404761904764
1 0.5126745211297744 0.3230902777777778 0.020521763392857145 0.021577380952380952
0 0.6130580357142857 0.6415178571428571 0.22142857142857142 0.2613095238095238
1 0.5126884720226316 0.4652246315192744 0.02054966517857143 0.021577380952380952
0 0.8347098214285714 0.2986607142857143 0.22142857142857142 0.15
1 0.7343525215165222 0.18095592403628116 0.020535714285714286 0.021577380952380952
0 0.8347098214285714 0.37782738095238094 0.22142857142857142 0.19613095238095238
1 0.7343455460700936 0.3230902777777778 0.020521763392857145 0.021577380952380952
0 0.8347098214285714 0.4973958333333333 0.22142857142857142 0.1974702380952381
1 0.7343455460700936 0.4652246315192744 0.020521763392857145 0.021577380952380952
0 0.49832589285714285 0.6898065476190476 0.8785714285714286 0.13764880952380953
1 0.0645961431241362 0.6073589852607709 0.011049107142857144 0.021577380952380952
