0 0.2806919642857143 0.21510416666666668 0.44285714285714284 0.08020833333333334
1 0.06297304751642037 0.1388420414462081 0.007198660714285714 0.021577380952380952
0 0.2806919642857143 0.3360119047619048 0.44285714285714284 0.12232142857142857
1 0.06489827073070609 0.24939098324514994 0.011049107142857144 0.021577380952380952
0 0.2806919642857143 0.44642857142857145 0.44285714285714284 0.08214285714285714
1 0.0668234939449918 0.35993992504409167 0.014899553571428572 0.021577380952380952
0 0.2806919642857143 0.5549107142857143 0.44285714285714284 0.09821428571428571
1 0.07311534662356323 0.47048886684303354 0.027483258928571428 0.021577380952380952
0 0.2806919642857143 0.6671130952380953 0.44285714285714284 0.059226190476190474
1 0.07401517921284895 0.5810378086419753 0.029282924107142855 0.021577380952380952
0 0.2806919642857143 0.7828869047619048 0.44285714285714284 0.09136904761904761
1 0.07323392921284894 0.6915867504409172 0.027720424107142858 0.021577380952380987
0 0.7237723214285714 0.22864583333333333 0.44285714285714284 0.09925595238095238
1 0.5126861414223348 0.1388420414462081 0.020521763392857145 0.021577380952380952
0 0.7237723214285714 0.3646577380952381 0.44285714285714284 0.14270833333333333
1 0.5126861414223348 0.24939098324514994 0.020521763392857145 0.021577380952380952
0 0.7237723214285714 0.44166666666666665 0.44285714285714284 0.1836309523809524
1 0.512700092315192 0.35993992504409167 0.02054966517857143 0.021577380952380952
0 0.7237723214285714 0.5160714285714286 0.44285714285714284 0.23482142857142857
1 0.5126931168687634 0.47048886684303354 0.020535714285714286 0.021577380952380952
0 0.7237723214285714 0.6226934523809524 0.44285714285714284 0.21592261904761906
1 0.5126861414223348 0.5810378086419753 0.020521763392857145 0.021577380952380952
0 0.7237723214285714 0.7436011904761904 0.44285714285714284 0.16547619047619047
1 0.5126861414223348 0.6915867504409172 0.020521763392857145 0.021577380952380987
