0 0.16975446428571428 0.2521577380952381 0.22142857142857142 0.08556547619047619
1 0.06267091990985048 0.18095592403628116 0.007198660714285714 0.021577380952380952
0 0.16975446428571428 0.37254464285714284 0.22142857142857142 0.12574404761904762
1 0.0645961431241362 0.3230902777777778 0.011049107142857144 0.021577380952380952
0 0.16975446428571428 0.5452380952380952 0.22142857142857142 0.0625
1 0.0665213663384219 0.4652246315192744 0.014899553571428572 0.021577380952380952
0 0.39140625 0.3275297619047619 0.22142857142857142 0.10476190476190476
1 0.2944842439573125 0.18095592403628116 0.027483258928571428 0.021577380952380952
0 0.39140625 0.4282738095238095 0.22142857142857142 0.03898809523809524
1 0.2953840765465982 0.3230902777777778 0.029282924107142855 0.021577380952380952
0 0.39140625 0.5296875 0.22142857142857142 0.09151785714285714
1 0.2946028265465982 0.4652246315192744 0.027720424107142858 0.021577380952380952
0 0.6130580357142857 0.32775297619047616 0.22142857142857142 0.10610119047619047
1 0.5126745211297744 0.18095592403628116 0.020521763392857145 0.021577380952380952
0 0.6130580357142857 0.4811011904761905 0.22142857142857142 0.18988095238095237
1 0.5126745211297744 0.3230902777777778 0.020521763392857145 0.021577380952380952
0 0.6130580357142857 0.5208333333333334 0.22142857142857142 0.1425595238095238
1 0.5126884720226316 0.4652246315192744 0.02054966517857143 0.021577380952380952
0 0.8347098214285714 0.23779761904761904 0.22142857142857142 0.13422619047619047
1 0.7343525215165222 0.18095592403628116 0.020535714285714286 0.021577380952380952
0 0.8347098214285714 0.38578869047619047 0.22142857142857142 0.1099702380952381
1 0.7343455460700936 0.3230902777777778 0.020521763392857145 0.021577380952380952
0 0.8347098214285714 0.5279761904761905 0.22142857142857142 0.1056547619047619
1 0.7343455460700936 0.4652246315192744 0.020521763392857145 0.021577380952380952
0 0.49832589285714285 0.6661458333333333 0.8785714285714286 0.1444940476190476
1 0.0645961431241362 0.6073589852607709 0.011049107142857144 0.021577380952380952
