0 0.2806919642857143 0.19620535714285714 0.44285714285714284 0.07663690476190477
1 0.06297304751642037 0.1388420414462081 0.007198660714285714 0.021577380952380952
0 0.2806919642857143 0.3098958333333333 0.44285714285714284 0.065625
1 0.06489827073070609 0.24939098324514994 0.011049107142857144 0.021577380952380952
0 0.2806919642857143 0.4444940476190476 0.44285714285714284 0.026785714285714284
1 0.0668234939449918 0.35993992504409167 0.014899553571428572 0.021577380952380952
0 0.2806919642857143 0.5759672619047619 0.44285714285714284 0.07008928571428572
1 0.07311534662356323 0.47048886684303354 0.027483258928571428 0.021577380952380952
0 0.2806919642857143 0.6485863095238096 0.44285714285714284 0.04925595238095238
1 0.07401517921284895 0.5810378086419753 0.029282924107142855 0.021577380952380952
0 0.2806919642857143 0.7645833333333333 0.44285714285714284 0.03660714285714286
1 0.07323392921284894 0.6915867504409172 0.027720424107142858 0.021577380952380987
0 0.7237723214285714 0.24233630952380952 0.44285714285714284 0.08794642857142858
1 0.5126861414223348 0.1388420414462081 0.020521763392857145 0.021577380952380952
0 0.7237723214285714 0.31785714285714284 0.44285714285714284 0.10625
1 0.5126861414223348 0.24939098324514994 0.020521763392857145 0.021577380952380952
0 0.7237723214285714 0.4164434523809524 0.44285714285714284 0.09508928571428571
1 0.512700092315192 0.35993992504409167 0.02054966517857143 0.021577380952380952
0 0.7237723214285714 0.5020089285714285 0.44285714285714284 0.13526785714285713
1 0.5126931168687634 0.47048886684303354 0.020535714285714286 0.021577380952380952
0 0.7237723214285714 0.5922619047619048 0.44285714285714284 0.17410714285714285
1 0.5126861414223348 0.5810378086419753 0.020521763392857145 0.021577380952380952
0 0.7237723214285714 0.7116071428571429 0.44285714285714284 0.15029761904761904
1 0.5126861414223348 0.6915867504409172 0.020521763392857145 0.021577380952380987
