0 0.16975446428571428 0.24813988095238096 0.22142857142857142 0.11889880952380952
1 0.06267091990985048 0.18095592403628116 0.007198660714285714 0.021577380952380952
0 0.16975446428571428 0.4148065476190476 0.22142857142857142 0.044196428571428574
1 0.0645961431241362 0.3230902777777778 0.011049107142857144 0.021577380952380952
0 0.16975446428571428 0.5943452380952381 0.22142857142857142 0.08244047619047619
1 0.0665213663384219 0.4652246315192744 0.014899553571428572 0.021577380952380952
0 0.39140625 0.30751488095238094 0.22142857142857142 0.08020833333333334
1 0.2944842439573125 0.18095592403628116 0.027483258928571428 0.021577380952380952
0 0.39140625 0.39546130952380953 0.22142857142857142 0.10014880952380953
1 0.2953840765465982 0.3230902777777778 0.029282924107142855 0.021577380952380952
0 0.39140625 0.5770089285714286 0.22142857142857142 0.03556547619047619
1 0.2946028265465982 0.4652246315192744 0.027720424107142858 0.021577380952380952
0 0.6130580357142857 0.32924107142857145 0.22142857142857142 0.1507440476190476
1 0.5126745211297744 0.18095592403628116 0.020521763392857145 0.021577380952380952
0 0.6130580357142857 0.45282738095238095 0.22142857142857142 0.11369047619047619
1 0.5126745211297744 0.3230902777777778 0.020521763392857145 0.021577380952380952
0 0.6130580357142857 0.5372767857142857 0.22142857142857142 0.18080357142857142
1 0.5126884720226316 0.4652246315192744 0.02054966517857143 0.021577380952380952
0 0.8347098214285714 0.25416666666666665 0.22142857142857142 0.16458333333333333
1 0.7343525215165222 0.18095592403628116 0.020535714285714286 0.021577380952380952
0 0.8347098214285714 0.39114583333333336 0.22142857142857142 0.12723214285714285
1 0.7343455460700936 0.3230902777777778 0.020521763392857145 0.021577380952380952
0 0.8347098214285714 0.5408482142857143 0.22142857142857142 0.08675595238095238
1 0.7343455460700936 0.4652246315192744 0.020521763392857145 0.021577380952380952
0 0.49832589285714285 0.695610119047619 0.8785714285714286 0.05610119047619048
1 0.0645961431241362 0.6073589852607709 0.011049107142857144 0.021577380952380952
