0 0.16975446428571428 0.2662946428571429 0.22142857142857142 0.10104166666666667
1 0.06267091990985048 0.18095592403628116 0.007198660714285714 0.021577380952380952
0 0.16975446428571428 0.3892113095238095 0.22142857142857142 0.14568452380952382
1 0.0645961431241362 0.3230902777777778 0.011049107142857144 0.021577380952380952
0 0.16975446428571428 0.5495535714285714 0.22142857142857142 0.09494047619047619
1 0.0665213663384219 0.4652246315192744 0.014899553571428572 0.021577380952380952
0 0.39140625 0.3136904761904762 0.22142857142857142 0.11726190476190476
1 0.2944842439573125 0.18095592403628116 0.027483258928571428 0.021577380952380952
0 0.39140625 0.4305059523809524 0.22142857142857142 0.055357142857142855
1 0.2953840765465982 0.3230902777777778 0.029282924107142855 0.021577380952380952
0 0.39140625 0.5390625 0.22142857142857142 0.11086309523809523
1 0.2946028265465982 0.4652246315192744 0.027720424107142858 0.021577380952380952
0 0.6130580357142857 0.3159970238095238 0.22142857142857142 0.15044642857142856
1 0.5126745211297744 0.18095592403628116 0.020521763392857145 0.021577380952380952
0 0.6130580357142857 0.477827380952381 0.22142857142857142 0.33779761904761907
1 0.5126745211297744 0.3230902777777778 0.020521763392857145 0.021577380952380952
0 0.6130580357142857 0.5439732142857143 0.22142857142857142 0.3299107142857143
1 0.5126884720226316 0.4652246315192744 0.02054966517857143 0.021577380952380952
0 0.8347098214285714 0.21882440476190476 0.22142857142857142 0.23169642857142858
1 0.7343525215165222 0.18095592403628116 0.020535714285714286 0.021577380952380952
0 0.8347098214285714 0.36882440476190476 0.22142857142857142 0.1861607142857143
1 0.7343455460700936 0.3230902777777778 0.020521763392857145 0.021577380952380952
0 0.8347098214285714 0.5188988095238095 0.22142857142857142 0.1568452380952381
1 0.7343455460700936 0.4652246315192744 0.020521763392857145 0.021577380952380952
0 0.49832589285714285 0.6641369047619048 0.8785714285714286 0.16428571428571428
1 0.0645961431241362 0.6073589852607709 0.011049107142857144 0.021577380952380952
