0 0.5022879464285714 0.12938988095238096 0.8856026785714286 0.056398809523809525
1 0.0631253166160081 0.07988260582010584 0.007198660714285714 0.021577380952380952
0 0.5022879464285714 0.18467261904761906 0.8856026785714286 0.055357142857142855
1 0.06505053983029382 0.1462119708994709 0.011049107142857144 0.021577380952380952
0 0.5022879464285714 0.259077380952381 0.8856026785714286 0.03660714285714286
1 0.06697576304457953 0.21254133597883595 0.014899553571428572 0.021577380952380952
0 0.5022879464285714 0.3423363095238095 0.8856026785714286 0.049553571428571426
1 0.07326761572315096 0.27887070105820105 0.027483258928571428 0.021577380952380952
0 0.5022879464285714 0.4003720238095238 0.8856026785714286 0.04449404761904762
1 0.07416744831243667 0.3452000661375661 0.029282924107142855 0.021577380952380952
0 0.5022879464285714 0.45535714285714285 0.8856026785714286 0.039285714285714285
1 0.07338619831243667 0.41152943121693125 0.027720424107142858 0.021577380952380952
0 0.5022879464285714 0.5381696428571429 0.8856026785714286 0.04211309523809524
1 0.06978686795529382 0.4778587962962963 0.020521763392857145 0.021577380952380952
0 0.5022879464285714 0.6075148809523809 0.8856026785714286 0.05758928571428571
1 0.06978686795529382 0.5441881613756614 0.020521763392857145 0.021577380952380952
0 0.5022879464285714 0.655952380952381 0.8856026785714286 0.04791666666666667
1 0.06980081884815097 0.6105175264550264 0.02054966517857143 0.021577380952380952
0 0.5022879464285714 0.7065476190476191 0.8856026785714286 0.09077380952380952
1 0.06979384340172239 0.6768468915343916 0.020535714285714286 0.021577380952380952
0 0.5022879464285714 0.7639880952380952 0.8856026785714286 0.08720238095238095
1 0.06978686795529382 0.7431762566137565 0.020521763392857145 0.021577380952380952
0 0.5022879464285714 0.8341517857142857 0.8856026785714286 0.0837797619047619
1 0.06978686795529382 0.8095056216931217 0.020521763392857145 0.021577380952380952
