0 0.16975446428571428 0.23117559523809525 0.22142857142857142 0.1507440476190476
1 0.06267091990985048 0.18095592403628116 0.007198660714285714 0.021577380952380952
0 0.16975446428571428 0.4308779761904762 0.22142857142857142 0.1299107142857143
1 0.0645961431241362 0.3230902777777778 0.011049107142857144 0.021577380952380952
0 0.16975446428571428 0.6447172619047619 0.22142857142857142 0.2019345238095238
1 0.0665213663384219 0.4652246315192744 0.014899553571428572 0.021577380952380952
0 0.39140625 0.3139136904761905 0.22142857142857142 0.09330357142857143
1 0.2944842439573125 0.18095592403628116 0.027483258928571428 0.021577380952380952
0 0.39140625 0.3619047619047619 0.22142857142857142 0.17291666666666666
1 0.2953840765465982 0.3230902777777778 0.029282924107142855 0.021577380952380952
0 0.39140625 0.6098214285714286 0.22142857142857142 0.1494047619047619
1 0.2946028265465982 0.4652246315192744 0.027720424107142858 0.021577380952380952
0 0.6130580357142857 0.3165922619047619 0.22142857142857142 0.09717261904761905
1 0.5126745211297744 0.18095592403628116 0.020521763392857145 0.021577380952380952
0 0.6130580357142857 0.4381696428571429 0.22142857142857142 0.10818452380952381
1 0.5126745211297744 0.3230902777777778 0.020521763392857145 0.021577380952380952
0 0.6130580357142857 0.5988095238095238 0.22142857142857142 0.17470238095238094
1 0.5126884720226316 0.4652246315192744 0.02054966517857143 0.021577380952380952
0 0.8347098214285714 0.23132440476190477 0.22142857142857142 0.2525297619047619
1 0.7343525215165222 0.18095592403628116 0.020535714285714286 0.021577380952380952
0 0.8347098214285714 0.33169642857142856 0.22142857142857142 0.25952380952380955
1 0.7343455460700936 0.3230902777777778 0.020521763392857145 0.021577380952380952
0 0.8347098214285714 0.4791666666666667 0.22142857142857142 0.21101190476190476
1 0.7343455460700936 0.4652246315192744 0.020521763392857145 0.021577380952380952
0 0.49832589285714285 0.7121279761904762 0.8785714285714286 0.13586309523809523
1 0.0645961431241362 0.6073589852607709 0.011049107142857144 0.021577380952380952
