0 0.5022879464285714 0.11956845238095239 0.8856026785714286 0.04657738095238095
1 0.0631253166160081 0.07988260582010584 0.007198660714285714 0.021577380952380952
0 0.5022879464285714 0.1871279761904762 0.8856026785714286 0.06502976190476191
1 0.06505053983029382 0.1462119708994709 0.011049107142857144 0.021577380952380952
0 0.5022879464285714 0.2656994047619048 0.8856026785714286 0.03080357142857143
1 0.06697576304457953 0.21254133597883595 0.014899553571428572 0.021577380952380952
0 0.5022879464285714 0.34404761904761905 0.8856026785714286 0.052976190476190475
1 0.07326761572315096 0.27887070105820105 0.027483258928571428 0.021577380952380952
0 0.5022879464285714 0.39226190476190476 0.8856026785714286 0.025595238095238095
1 0.07416744831243667 0.3452000661375661 0.029282924107142855 0.021577380952380952
0 0.5022879464285714 0.45907738095238093 0.8856026785714286 0.04672619047619048
1 0.07338619831243667 0.41152943121693125 0.027720424107142858 0.021577380952380952
0 0.5022879464285714 0.5377232142857142 0.8856026785714286 0.057291666666666664
1 0.06978686795529382 0.4778587962962963 0.020521763392857145 0.021577380952380952
0 0.5022879464285714 0.6067708333333334 0.8856026785714286 0.09866071428571428
1 0.06978686795529382 0.5441881613756614 0.020521763392857145 0.021577380952380952
0 0.5022879464285714 0.6523065476190476 0.8856026785714286 0.09895833333333333
1 0.06980081884815097 0.6105175264550264 0.02054966517857143 0.021577380952380952
0 0.5022879464285714 0.7052827380952381 0.8856026785714286 0.08675595238095238
1 0.06979384340172239 0.6768468915343916 0.020535714285714286 0.021577380952380952
0 0.5022879464285714 0.7743303571428571 0.8856026785714286 0.07276785714285715
1 0.06978686795529382 0.7431762566137565 0.020521763392857145 0.021577380952380952
0 0.5022879464285714 0.849032738095238 0.8856026785714286 0.06235119047619048
1 0.06978686795529382 0.8095056216931217 0.020521763392857145 0.021577380952380952
