0 0.16975446428571428 0.2640625 0.22142857142857142 0.07425595238095238
1 0.06267091990985048 0.18095592403628116 0.007198660714285714 0.021577380952380952
0 0.16975446428571428 0.42492559523809526 0.22142857142857142 0.07633928571428572
1 0.0645961431241362 0.3230902777777778 0.011049107142857144 0.021577380952380952
0 0.16975446428571428 0.588764880952381 0.22142857142857142 0.05610119047619048
1 0.0665213663384219 0.4652246315192744 0.014899553571428572 0.021577380952380952
0 0.39140625 0.2923363095238095 0.22142857142857142 0.07008928571428572
1 0.2944842439573125 0.18095592403628116 0.027483258928571428 0.021577380952380952
0 0.39140625 0.40014880952380955 0.22142857142857142 0.05327380952380952
1 0.2953840765465982 0.3230902777777778 0.029282924107142855 0.021577380952380952
0 0.39140625 0.5742559523809524 0.22142857142857142 0.05892857142857143
1 0.2946028265465982 0.4652246315192744 0.027720424107142858 0.021577380952380952
0 0.6130580357142857 0.3046130952380952 0.22142857142857142 0.12797619047619047
1 0.5126745211297744 0.18095592403628116 0.020521763392857145 0.021577380952380952
0 0.6130580357142857 0.38913690476190477 0.22142857142857142 0.14166666666666666
1 0.5126745211297744 0.3230902777777778 0.020521763392857145 0.021577380952380952
0 0.6130580357142857 0.5424107142857143 0.22142857142857142 0.15089285714285713
1 0.5126884720226316 0.4652246315192744 0.02054966517857143 0.021577380952380952
0 0.8347098214285714 0.23913690476190477 0.22142857142857142 0.18928571428571428
1 0.7343525215165222 0.18095592403628116 0.020535714285714286 0.021577380952380952
0 0.8347098214285714 0.403125 0.22142857142857142 0.14583333333333334
1 0.7343455460700936 0.3230902777777778 0.020521763392857145 0.021577380952380952
0 0.8347098214285714 0.5645833333333333 0.22142857142857142 0.11547619047619048
1 0.7343455460700936 0.4652246315192744 0.020521763392857145 0.021577380952380952
0 0.49832589285714285 0.7217261904761905 0.8785714285714286 0.1806547619047619
1 0.0645961431241362 0.6073589852607709 0.011049107142857144 0.021577380952380952
