0 0.2806919642857143 0.21168154761904762 0.44285714285714284 0.06741071428571428
1 0.06297304751642037 0.1388420414462081 0.007198660714285714 0.021577380952380952
0 0.2806919642857143 0.3125744047619048 0.44285714285714284 0.0730654761904762
1 0.06489827073070609 0.24939098324514994 0.011049107142857144 0.021577380952380952
0 0.2806919642857143 0.4270089285714286 0.44285714285714284 0.06979166666666667
1 0.0668234939449918 0.35993992504409167 0.014899553571428572 0.021577380952380952
0 0.2806919642857143 0.5686011904761905 0.44285714285714284 0.06547619047619048
1 0.07311534662356323 0.47048886684303354 0.027483258928571428 0.021577380952380952
0 0.2806919642857143 0.6684523809523809 0.44285714285714284 0.059821428571428574
1 0.07401517921284895 0.5810378086419753 0.029282924107142855 0.021577380952380952
0 0.2806919642857143 0.7574404761904762 0.44285714285714284 0.06458333333333334
1 0.07323392921284894 0.6915867504409172 0.027720424107142858 0.021577380952380987
0 0.7237723214285714 0.23452380952380952 0.44285714285714284 0.07767857142857143
1 0.5126861414223348 0.1388420414462081 0.020521763392857145 0.021577380952380952
0 0.7237723214285714 0.3472470238095238 0.44285714285714284 0.17544642857142856
1 0.5126861414223348 0.24939098324514994 0.020521763392857145 0.021577380952380952
0 0.7237723214285714 0.47061011904761907 0.44285714285714284 0.20610119047619047
1 0.512700092315192 0.35993992504409167 0.02054966517857143 0.021577380952380952
0 0.7237723214285714 0.5310267857142857 0.44285714285714284 0.20163690476190477
1 0.5126931168687634 0.47048886684303354 0.020535714285714286 0.021577380952380952
0 0.7237723214285714 0.6107886904761904 0.44285714285714284 0.2212797619047619
1 0.5126861414223348 0.5810378086419753 0.020521763392857145 0.021577380952380952
0 0.7237723214285714 0.7031994047619048 0.44285714285714284 0.23973214285714287
1 0.5126861414223348 0.6915867504409172 0.020521763392857145 0.021577380952380987
