0 0.2806919642857143 0.2078125 0.44285714285714284 0.05669642857142857
1 0.06297304751642037 0.1388420414462081 0.007198660714285714 0.021577380952380952
0 0.2806919642857143 0.30639880952380955 0.44285714285714284 0.10625
1 0.06489827073070609 0.24939098324514994 0.011049107142857144 0.021577380952380952
0 0.2806919642857143 0.4341517857142857 0.44285714285714284 0.06681547619047619
1 0.0668234939449918 0.35993992504409167 0.014899553571428572 0.021577380952380952
0 0.2806919642857143 0.5741071428571428 0.44285714285714284 0.07559523809523809
1 0.07311534662356323 0.47048886684303354 0.027483258928571428 0.021577380952380952
0 0.2806919642857143 0.6630208333333333 0.44285714285714284 0.028422619047619047
1 0.07401517921284895 0.5810378086419753 0.029282924107142855 0.021577380952380952
0 0.2806919642857143 0.7570684523809523 0.44285714285714284 0.08645833333333333
1 0.07323392921284894 0.6915867504409172 0.027720424107142858 0.021577380952380987
0 0.7237723214285714 0.23973214285714287 0.44285714285714284 0.09821428571428571
1 0.5126861414223348 0.1388420414462081 0.020521763392857145 0.021577380952380952
0 0.7237723214285714 0.3476190476190476 0.44285714285714284 0.15
1 0.5126861414223348 0.24939098324514994 0.020521763392857145 0.021577380952380952
0 0.7237723214285714 0.43653273809523807 0.44285714285714284 0.10550595238095238
1 0.512700092315192 0.35993992504409167 0.02054966517857143 0.021577380952380952
0 0.7237723214285714 0.5204613095238095 0.44285714285714284 0.14657738095238096
1 0.5126931168687634 0.47048886684303354 0.020535714285714286 0.021577380952380952
0 0.7237723214285714 0.6211309523809524 0.44285714285714284 0.14375
1 0.5126861414223348 0.5810378086419753 0.020521763392857145 0.021577380952380952
0 0.7237723214285714 0.7363839285714285 0.44285714285714284 0.12008928571428572
1 0.5126861414223348 0.6915867504409172 0.020521763392857145 0.021577380952380987
