0 0.16975446428571428 0.24092261904761905 0.22142857142857142 0.10416666666666667
1 0.06267091990985048 0.18095592403628116 0.007198660714285714 0.021577380952380952
0 0.16975446428571428 0.4122767857142857 0.22142857142857142 0.07931547619047619
1 0.0645961431241362 0.3230902777777778 0.011049107142857144 0.021577380952380952
0 0.16975446428571428 0.5983630952380953 0.22142857142857142 0.0625
1 0.0665213663384219 0.4652246315192744 0.014899553571428572 0.021577380952380952
0 0.39140625 0.31592261904761904 0.22142857142857142 0.08541666666666667
1 0.2944842439573125 0.18095592403628116 0.027483258928571428 0.021577380952380952
0 0.39140625 0.3905505952380952 0.22142857142857142 0.08139880952380953
1 0.2953840765465982 0.3230902777777778 0.029282924107142855 0.021577380952380952
0 0.39140625 0.5779017857142857 0.22142857142857142 0.041220238095238095
1 0.2946028265465982 0.4652246315192744 0.027720424107142858 0.021577380952380952
0 0.6130580357142857 0.31480654761904764 0.22142857142857142 0.18288690476190475
1 0.5126745211297744 0.18095592403628116 0.020521763392857145 0.021577380952380952
0 0.6130580357142857 0.40334821428571427 0.22142857142857142 0.19776785714285713
1 0.5126745211297744 0.3230902777777778 0.020521763392857145 0.021577380952380952
0 0.6130580357142857 0.5261160714285714 0.22142857142857142 0.2480654761904762
1 0.5126884720226316 0.4652246315192744 0.02054966517857143 0.021577380952380952
0 0.8347098214285714 0.2558779761904762 0.22142857142857142 0.23348214285714286
1 0.7343525215165222 0.18095592403628116 0.020535714285714286 0.021577380952380952
0 0.8347098214285714 0.381547619047619 0.22142857142857142 0.13898809523809524
1 0.7343455460700936 0.3230902777777778 0.020521763392857145 0.021577380952380952
0 0.8347098214285714 0.5356398809523809 0.22142857142857142 0.1043154761904762
1 0.7343455460700936 0.4652246315192744 0.020521763392857145 0.021577380952380952
0 0.49832589285714285 0.6963541666666667 0.8785714285714286 0.10520833333333333
1 0.0645961431241362 0.6073589852607709 0.011049107142857144 0.021577380952380952
