0 0.2806919642857143 0.20357142857142857 0.44285714285714284 0.09702380952380953
1 0.06297304751642037 0.1388420414462081 0.007198660714285714 0.021577380952380952
0 0.2806919642857143 0.33363095238095236 0.44285714285714284 0.1193452380952381
1 0.06489827073070609 0.24939098324514994 0.011049107142857144 0.021577380952380952
0 0.2806919642857143 0.4681547619047619 0.44285714285714284 0.18988095238095237
1 0.0668234939449918 0.35993992504409167 0.014899553571428572 0.021577380952380952
0 0.2806919642857143 0.5633928571428571 0.44285714285714284 0.04851190476190476
1 0.07311534662356323 0.47048886684303354 0.027483258928571428 0.021577380952380952
0 0.2806919642857143 0.6410714285714286 0.44285714285714284 0.14077380952380952
1 0.07401517921284895 0.5810378086419753 0.029282924107142855 0.021577380952380952
0 0.2806919642857143 0.7902529761904762 0.44285714285714284 0.14985119047619047
1 0.07323392921284894 0.6915867504409172 0.027720424107142858 0.021577380952380987
0 0.7237723214285714 0.29873511904761907 0.44285714285714284 0.2936011904761905
1 0.5126861414223348 0.1388420414462081 0.020521763392857145 0.021577380952380952
0 0.7237723214285714 0.525 0.44285714285714284 0.7925595238095238
1 0.5126861414223348 0.24939098324514994 0.020521763392857145 0.021577380952380952
0 0.7237723214285714 0.6338541666666667 0.44285714285714284 0.716220238095238
1 0.512700092315192 0.35993992504409167 0.02054966517857143 0.021577380952380952
0 0.7237723214285714 0.6901041666666666 0.44285714285714284 0.5108630952380953
1 0.5126931168687634 0.47048886684303354 0.020535714285714286 0.021577380952380952
0 0.7237723214285714 0.6357142857142857 0.44285714285714284 0.10625
1 0.5126861414223348 0.5810378086419753 0.020521763392857145 0.021577380952380952
0 0.7237723214285714 0.7200892857142858 0.44285714285714284 0.16785714285714284
1 0.5126861414223348 0.6915867504409172 0.020521763392857145 0.021577380952380987
