0 0.16975446428571428 0.23482142857142857 0.22142857142857142 0.13422619047619047
1 0.06267091990985048 0.18095592403628116 0.007198660714285714 0.021577380952380952
0 0.16975446428571428 0.3964285714285714 0.22142857142857142 0.0943452380952381
1 0.0645961431241362 0.3230902777777778 0.011049107142857144 0.021577380952380952
0 0.16975446428571428 0.5880952380952381 0.22142857142857142 0.07767857142857143
1 0.0665213663384219 0.4652246315192744 0.014899553571428572 0.021577380952380952
0 0.39140625 0.32075892857142857 0.22142857142857142 0.10461309523809524
1 0.2944842439573125 0.18095592403628116 0.027483258928571428 0.021577380952380952
0 0.39140625 0.389360119047619 0.22142857142857142 0.09955357142857142
1 0.2953840765465982 0.3230902777777778 0.029282924107142855 0.021577380952380952
0 0.39140625 0.5631696428571429 0.22142857142857142 0.04985119047619048
1 0.2946028265465982 0.4652246315192744 0.027720424107142858 0.021577380952380952
0 0.6130580357142857 0.3464285714285714 0.22142857142857142 0.19404761904761905
1 0.5126745211297744 0.18095592403628116 0.020521763392857145 0.021577380952380952
0 0.6130580357142857 0.5357886904761905 0.22142857142857142 0.37098214285714287
1 0.5126745211297744 0.3230902777777778 0.020521763392857145 0.021577380952380952
0 0.6130580357142857 0.6162202380952381 0.22142857142857142 0.2369047619047619
1 0.5126884720226316 0.4652246315192744 0.02054966517857143 0.021577380952380952
0 0.8347098214285714 0.2677083333333333 0.22142857142857142 0.2726190476190476
1 0.7343525215165222 0.18095592403628116 0.020535714285714286 0.021577380952380952
0 0.8347098214285714 0.3495535714285714 0.22142857142857142 0.23065476190476192
1 0.7343455460700936 0.3230902777777778 0.020521763392857145 0.021577380952380952
0 0.8347098214285714 0.5204613095238095 0.22142857142857142 0.15044642857142856
1 0.7343455460700936 0.4652246315192744 0.020521763392857145 0.021577380952380952
0 0.49832589285714285 0.6833333333333333 0.8785714285714286 0.09970238095238096
1 0.0645961431241362 0.6073589852607709 0.011049107142857144 0.021577380952380952
