0 0.2806919642857143 0.2115327380952381 0.44285714285714284 0.04895833333333333
1 0.06297304751642037 0.1388420414462081 0.007198660714285714 0.021577380952380952
0 0.2806919642857143 0.3217261904761905 0.44285714285714284 0.05357142857142857
1 0.06489827073070609 0.24939098324514994 0.011049107142857144 0.021577380952380952
0 0.2806919642857143 0.4334077380952381 0.44285714285714284 0.05044642857142857
1 0.0668234939449918 0.35993992504409167 0.014899553571428572 0.021577380952380952
0 0.2806919642857143 0.5610119047619048 0.44285714285714284 0.044642857142857144
1 0.07311534662356323 0.47048886684303354 0.027483258928571428 0.021577380952380952
0 0.2806919642857143 0.6622023809523809 0.44285714285714284 0.040773809523809525
1 0.07401517921284895 0.5810378086419753 0.029282924107142855 0.021577380952380952
0 0.2806919642857143 0.7635416666666667 0.44285714285714284 0.049107142857142856
1 0.07323392921284894 0.6915867504409172 0.027720424107142858 0.021577380952380987
0 0.7237723214285714 0.25096726190476193 0.44285714285714284 0.14568452380952382
1 0.5126861414223348 0.1388420414462081 0.020521763392857145 0.021577380952380952
0 0.7237723214285714 0.39553571428571427 0.44285714285714284 0.24196428571428572
1 0.5126861414223348 0.24939098324514994 0.020521763392857145 0.021577380952380952
0 0.7237723214285714 0.498735119047619 0.44285714285714284 0.19419642857142858
1 0.512700092315192 0.35993992504409167 0.02054966517857143 0.021577380952380952
0 0.7237723214285714 0.6042410714285714 0.44285714285714284 0.17723214285714287
1 0.5126931168687634 0.47048886684303354 0.020535714285714286 0.021577380952380952
0 0.7237723214285714 0.6552827380952381 0.44285714285714284 0.04776785714285714
1 0.5126861414223348 0.5810378086419753 0.020521763392857145 0.021577380952380952
0 0.7237723214285714 0.752827380952381 0.44285714285714284 0.07351190476190476
1 0.5126861414223348 0.6915867504409172 0.020521763392857145 0.021577380952380987
