0 0.16975446428571428 0.2556547619047619 0.22142857142857142 0.08273809523809524
1 0.06267091990985048 0.18095592403628116 0.007198660714285714 0.021577380952380952
0 0.16975446428571428 0.40066964285714285 0.22142857142857142 0.1043154761904762
1 0.0645961431241362 0.3230902777777778 0.011049107142857144 0.021577380952380952
0 0.16975446428571428 0.5712797619047619 0.22142857142857142 0.04136904761904762
1 0.0665213663384219 0.4652246315192744 0.014899553571428572 0.021577380952380952
0 0.39140625 0.3125 0.22142857142857142 0.09107142857142857
1 0.2944842439573125 0.18095592403628116 0.027483258928571428 0.021577380952380952
0 0.39140625 0.41354166666666664 0.22142857142857142 0.04791666666666667
1 0.2953840765465982 0.3230902777777778 0.029282924107142855 0.021577380952380952
0 0.39140625 0.5584077380952381 0.22142857142857142 0.06770833333333333
1 0.2946028265465982 0.4652246315192744 0.027720424107142858 0.021577380952380952
0 0.6130580357142857 0.3099702380952381 0.22142857142857142 0.08154761904761905
1 0.5126745211297744 0.18095592403628116 0.020521763392857145 0.021577380952380952
0 0.6130580357142857 0.4421130952380952 0.22142857142857142 0.10029761904761905
1 0.5126745211297744 0.3230902777777778 0.020521763392857145 0.021577380952380952
0 0.6130580357142857 0.5837797619047619 0.22142857142857142 0.10178571428571428
1 0.5126884720226316 0.4652246315192744 0.02054966517857143 0.021577380952380952
0 0.8347098214285714 0.2560267857142857 0.22142857142857142 0.13229166666666667
1 0.7343525215165222 0.18095592403628116 0.020535714285714286 0.021577380952380952
0 0.8347098214285714 0.3716517857142857 0.22142857142857142 0.14151785714285714
1 0.7343455460700936 0.3230902777777778 0.020521763392857145 0.021577380952380952
0 0.8347098214285714 0.5147321428571429 0.22142857142857142 0.12708333333333333
1 0.7343455460700936 0.4652246315192744 0.020521763392857145 0.021577380952380952
0 0.49832589285714285 0.6829613095238095 0.8785714285714286 0.10818452380952381
1 0.0645961431241362 0.6073589852607709 0.011049107142857144 0.021577380952380952
