0 0.16975446428571428 0.23794642857142856 0.22142857142857142 0.11845238095238095
1 0.06267091990985048 0.18095592403628116 0.007198660714285714 0.021577380952380952
0 0.16975446428571428 0.3986607142857143 0.22142857142857142 0.06904761904761905
1 0.0645961431241362 0.3230902777777778 0.011049107142857144 0.021577380952380952
0 0.16975446428571428 0.6005208333333333 0.22142857142857142 0.09985119047619048
1 0.0665213663384219 0.4652246315192744 0.014899553571428572 0.021577380952380952
0 0.39140625 0.3189732142857143 0.22142857142857142 0.08258928571428571
1 0.2944842439573125 0.18095592403628116 0.027483258928571428 0.021577380952380952
0 0.39140625 0.38772321428571427 0.22142857142857142 0.10610119047619047
1 0.2953840765465982 0.3230902777777778 0.029282924107142855 0.021577380952380952
0 0.39140625 0.5698660714285714 0.22142857142857142 0.06235119047619048
1 0.2946028265465982 0.4652246315192744 0.027720424107142858 0.021577380952380952
0 0.6130580357142857 0.31927083333333334 0.22142857142857142 0.08169642857142857
1 0.5126745211297744 0.18095592403628116 0.020521763392857145 0.021577380952380952
0 0.6130580357142857 0.4550595238095238 0.22142857142857142 0.14375
1 0.5126745211297744 0.3230902777777778 0.020521763392857145 0.021577380952380952
0 0.6130580357142857 0.5863839285714286 0.22142857142857142 0.11056547619047619
1 0.5126884720226316 0.4652246315192744 0.02054966517857143 0.021577380952380952
0 0.8347098214285714 0.2828125 0.22142857142857142 0.09092261904761904
1 0.7343525215165222 0.18095592403628116 0.020535714285714286 0.021577380952380952
0 0.8347098214285714 0.4177827380952381 0.22142857142857142 0.0831845238095238
1 0.7343455460700936 0.3230902777777778 0.020521763392857145 0.021577380952380952
0 0.8347098214285714 0.5511904761904762 0.22142857142857142 0.07023809523809524
1 0.7343455460700936 0.4652246315192744 0.020521763392857145 0.021577380952380952
0 0.49832589285714285 0.6886160714285714 0.8785714285714286 0.08050595238095239
1 0.0645961431241362 0.6073589852607709 0.011049107142857144 0.021577380952380952
