0 0.2806919642857143 0.2122767857142857 0.44285714285714284 0.05818452380952381
1 0.06297304751642037 0.1388420414462081 0.007198660714285714 0.021577380952380952
0 0.2806919642857143 0.3230654761904762 0.44285714285714284 0.06696428571428571
1 0.06489827073070609 0.24939098324514994 0.011049107142857144 0.021577380952380952
0 0.2806919642857143 0.44501488095238095 0.44285714285714284 0.08169642857142857
1 0.0668234939449918 0.35993992504409167 0.014899553571428572 0.021577380952380952
0 0.2806919642857143 0.5642113095238095 0.44285714285714284 0.048660714285714286
1 0.07311534662356323 0.47048886684303354 0.027483258928571428 0.021577380952380952
0 0.2806919642857143 0.6575892857142858 0.44285714285714284 0.06875
1 0.07401517921284895 0.5810378086419753 0.029282924107142855 0.021577380952380952
0 0.2806919642857143 0.7703869047619047 0.44285714285714284 0.06369047619047619
1 0.07323392921284894 0.6915867504409172 0.027720424107142858 0.021577380952380987
0 0.7237723214285714 0.24040178571428572 0.44285714285714284 0.06383928571428571
1 0.5126861414223348 0.1388420414462081 0.020521763392857145 0.021577380952380952
0 0.7237723214285714 0.3898065476190476 0.44285714285714284 0.23705357142857142
1 0.5126861414223348 0.24939098324514994 0.020521763392857145 0.021577380952380952
0 0.7237723214285714 0.4986607142857143 0.44285714285714284 0.24791666666666667
1 0.512700092315192 0.35993992504409167 0.02054966517857143 0.021577380952380952
0 0.7237723214285714 0.5988839285714286 0.44285714285714284 0.27247023809523807
1 0.5126931168687634 0.47048886684303354 0.020535714285714286 0.021577380952380952
0 0.7237723214285714 0.6358630952380953 0.44285714285714284 0.2586309523809524
1 0.5126861414223348 0.5810378086419753 0.020521763392857145 0.021577380952380952
0 0.7237723214285714 0.7661458333333333 0.44285714285714284 0.23139880952380953
1 0.5126861414223348 0.6915867504409172 0.020521763392857145 0.021577380952380987
