0 0.2806919642857143 0.17901785714285715 0.44285714285714284 0.11398809523809524
1 0.06297304751642037 0.1388420414462081 0.007198660714285714 0.021577380952380952
0 0.2806919642857143 0.28809523809523807 0.44285714285714284 0.11279761904761905
1 0.06489827073070609 0.24939098324514994 0.011049107142857144 0.021577380952380952
0 0.2806919642857143 0.4382440476190476 0.44285714285714284 0.03511904761904762
1 0.0668234939449918 0.35993992504409167 0.014899553571428572 0.021577380952380952
0 0.2806919642857143 0.5956845238095239 0.44285714285714284 0.11279761904761905
1 0.07311534662356323 0.47048886684303354 0.027483258928571428 0.021577380952380952
0 0.2806919642857143 0.6467261904761905 0.44285714285714284 0.0675595238095238
1 0.07401517921284895 0.5810378086419753 0.029282924107142855 0.021577380952380952
0 0.2806919642857143 0.7527529761904762 0.44285714285714284 0.061160714285714284
1 0.07323392921284894 0.6915867504409172 0.027720424107142858 0.021577380952380987
0 0.7237723214285714 0.23950892857142858 0.44285714285714284 0.13348214285714285
1 0.5126861414223348 0.1388420414462081 0.020521763392857145 0.021577380952380952
0 0.7237723214285714 0.3472470238095238 0.44285714285714284 0.22723214285714285
1 0.5126861414223348 0.24939098324514994 0.020521763392857145 0.021577380952380952
0 0.7237723214285714 0.3841517857142857 0.44285714285714284 0.20907738095238096
1 0.512700092315192 0.35993992504409167 0.02054966517857143 0.021577380952380952
0 0.7237723214285714 0.4490327380952381 0.44285714285714284 0.4706845238095238
1 0.5126931168687634 0.47048886684303354 0.020535714285714286 0.021577380952380952
0 0.7237723214285714 0.588467261904762 0.44285714285714284 0.18705357142857143
1 0.5126861414223348 0.5810378086419753 0.020521763392857145 0.021577380952380952
0 0.7237723214285714 0.7105654761904762 0.44285714285714284 0.16339285714285715
1 0.5126861414223348 0.6915867504409172 0.020521763392857145 0.021577380952380987
