0 0.5022879464285714 0.1134672619047619 0.8856026785714286 0.0644345238095238
1 0.0631253166160081 0.07988260582010584 0.007198660714285714 0.021577380952380952
0 0.5022879464285714 0.21339285714285713 0.8856026785714286 0.06636904761904762
1 0.06505053983029382 0.1462119708994709 0.011049107142857144 0.021577380952380952
0 0.5022879464285714 0.3019345238095238 0.8856026785714286 0.10535714285714286
1 0.06697576304457953 0.21254133597883595 0.014899553571428572 0.021577380952380952
0 0.5022879464285714 0.33370535714285715 0.8856026785714286 0.03288690476190476
1 0.07326761572315096 0.27887070105820105 0.027483258928571428 0.021577380952380952
0 0.5022879464285714 0.3691964285714286 0.8856026785714286 0.08333333333333333
1 0.07416744831243667 0.3452000661375661 0.029282924107142855 0.021577380952380952
0 0.5022879464285714 0.49129464285714286 0.8856026785714286 0.08110119047619048
1 0.07338619831243667 0.41152943121693125 0.027720424107142858 0.021577380952380952
0 0.5022879464285714 0.5527529761904761 0.8856026785714286 0.07366071428571429
1 0.06978686795529382 0.4778587962962963 0.020521763392857145 0.021577380952380952
0 0.5022879464285714 0.611904761904762 0.8856026785714286 0.08928571428571429
1 0.06978686795529382 0.5441881613756614 0.020521763392857145 0.021577380952380952
0 0.5022879464285714 0.6853422619047619 0.8856026785714286 0.1043154761904762
1 0.06980081884815097 0.6105175264550264 0.02054966517857143 0.021577380952380952
0 0.5022879464285714 0.7426339285714286 0.8856026785714286 0.10550595238095238
1 0.06979384340172239 0.6768468915343916 0.020535714285714286 0.021577380952380952
0 0.5022879464285714 0.804985119047619 0.8856026785714286 0.09419642857142857
1 0.06978686795529382 0.7431762566137565 0.020521763392857145 0.021577380952380952
0 0.5022879464285714 0.8694196428571429 0.8856026785714286 0.07217261904761904
1 0.06978686795529382 0.8095056216931217 0.020521763392857145 0.021577380952380952
