0 0.16975446428571428 0.2663690476190476 0.22142857142857142 0.07321428571428572
1 0.06267091990985048 0.18095592403628116 0.007198660714285714 0.021577380952380952
0 0.16975446428571428 0.36815476190476193 0.22142857142857142 0.1619047619047619
1 0.0645961431241362 0.3230902777777778 0.011049107142857144 0.021577380952380952
0 0.16975446428571428 0.5287946428571428 0.22142857142857142 0.11532738095238096
1 0.0665213663384219 0.4652246315192744 0.014899553571428572 0.021577380952380952
0 0.39140625 0.32276785714285716 0.22142857142857142 0.1074404761904762
1 0.2944842439573125 0.18095592403628116 0.027483258928571428 0.021577380952380952
0 0.39140625 0.43861607142857145 0.22142857142857142 0.04568452380952381
1 0.2953840765465982 0.3230902777777778 0.029282924107142855 0.021577380952380952
0 0.39140625 0.5194940476190476 0.22142857142857142 0.13839285714285715
1 0.2946028265465982 0.4652246315192744 0.027720424107142858 0.021577380952380952
0 0.6130580357142857 0.391889880952381 0.22142857142857142 0.2174107142857143
1 0.5126745211297744 0.18095592403628116 0.020521763392857145 0.021577380952380952
0 0.6130580357142857 0.49166666666666664 0.22142857142857142 0.2571428571428571
1 0.5126745211297744 0.3230902777777778 0.020521763392857145 0.021577380952380952
0 0.6130580357142857 0.5759672619047619 0.22142857142857142 0.16889880952380953
1 0.5126884720226316 0.4652246315192744 0.02054966517857143 0.021577380952380952
0 0.8347098214285714 0.21011904761904762 0.22142857142857142 0.25535714285714284
1 0.7343525215165222 0.18095592403628116 0.020535714285714286 0.021577380952380952
0 0.8347098214285714 0.3451636904761905 0.22142857142857142 0.2337797619047619
1 0.7343455460700936 0.3230902777777778 0.020521763392857145 0.021577380952380952
0 0.8347098214285714 0.5241071428571429 0.22142857142857142 0.13273809523809524
1 0.7343455460700936 0.4652246315192744 0.020521763392857145 0.021577380952380952
0 0.49832589285714285 0.653125 0.8785714285714286 0.16964285714285715
1 0.0645961431241362 0.6073589852607709 0.011049107142857144 0.021577380952380952
