0 0.2806919642857143 0.19010416666666666 0.44285714285714284 0.0831845238095238
1 0.06297304751642037 0.1388420414462081 0.007198660714285714 0.021577380952380952
0 0.2806919642857143 0.3145833333333333 0.44285714285714284 0.07142857142857142
1 0.06489827073070609 0.24939098324514994 0.011049107142857144 0.021577380952380952
0 0.2806919642857143 0.46383928571428573 0.44285714285714284 0.07142857142857142
1 0.0668234939449918 0.35993992504409167 0.014899553571428572 0.021577380952380952
0 0.2806919642857143 0.5732886904761905 0.44285714285714284 0.06949404761904762
1 0.07311534662356323 0.47048886684303354 0.027483258928571428 0.021577380952380952
0 0.2806919642857143 0.6368303571428572 0.44285714285714284 0.07514880952380952
1 0.07401517921284895 0.5810378086419753 0.029282924107142855 0.021577380952380952
0 0.2806919642857143 0.7723214285714286 0.44285714285714284 0.05803571428571429
1 0.07323392921284894 0.6915867504409172 0.027720424107142858 0.021577380952380987
0 0.7237723214285714 0.24739583333333334 0.44285714285714284 0.09360119047619048
1 0.5126861414223348 0.1388420414462081 0.020521763392857145 0.021577380952380952
0 0.7237723214285714 0.35208333333333336 0.44285714285714284 0.13214285714285715
1 0.5126861414223348 0.24939098324514994 0.020521763392857145 0.021577380952380952
0 0.7237723214285714 0.44828869047619047 0.44285714285714284 0.0956845238095238
1 0.512700092315192 0.35993992504409167 0.02054966517857143 0.021577380952380952
0 0.7237723214285714 0.508110119047619 0.44285714285714284 0.11800595238095238
1 0.5126931168687634 0.47048886684303354 0.020535714285714286 0.021577380952380952
0 0.7237723214285714 0.6125744047619047 0.44285714285714284 0.12366071428571429
1 0.5126861414223348 0.5810378086419753 0.020521763392857145 0.021577380952380952
0 0.7237723214285714 0.7286458333333333 0.44285714285714284 0.1087797619047619
1 0.5126861414223348 0.6915867504409172 0.020521763392857145 0.021577380952380987
