0 0.16975446428571428 0.24933035714285715 0.22142857142857142 0.103125
1 0.06267091990985048 0.18095592403628116 0.007198660714285714 0.021577380952380952
0 0.16975446428571428 0.40654761904761905 0.22142857142857142 0.07946428571428571
1 0.0645961431241362 0.3230902777777778 0.011049107142857144 0.021577380952380952
0 0.16975446428571428 0.583407738095238 0.22142857142857142 0.04092261904761905
1 0.0665213663384219 0.4652246315192744 0.014899553571428572 0.021577380952380952
0 0.39140625 0.31153273809523807 0.22142857142857142 0.08913690476190476
1 0.2944842439573125 0.18095592403628116 0.027483258928571428 0.021577380952380952
0 0.39140625 0.4016369047619048 0.22142857142857142 0.0675595238095238
1 0.2953840765465982 0.3230902777777778 0.029282924107142855 0.021577380952380952
0 0.39140625 0.5646577380952381 0.22142857142857142 0.04300595238095238
1 0.2946028265465982 0.4652246315192744 0.027720424107142858 0.021577380952380952
0 0.6130580357142857 0.31785714285714284 0.22142857142857142 0.10714285714285714
1 0.5126745211297744 0.18095592403628116 0.020521763392857145 0.021577380952380952
0 0.6130580357142857 0.4552083333333333 0.22142857142857142 0.22529761904761905
1 0.5126745211297744 0.3230902777777778 0.020521763392857145 0.021577380952380952
0 0.6130580357142857 0.5848214285714286 0.22142857142857142 0.18928571428571428
1 0.5126884720226316 0.4652246315192744 0.02054966517857143 0.021577380952380952
0 0.8347098214285714 0.26071428571428573 0.22142857142857142 0.2
1 0.7343525215165222 0.18095592403628116 0.020535714285714286 0.021577380952380952
0 0.8347098214285714 0.38325892857142857 0.22142857142857142 0.16770833333333332
1 0.7343455460700936 0.3230902777777778 0.020521763392857145 0.021577380952380952
0 0.8347098214285714 0.5264880952380953 0.22142857142857142 0.1282738095238095
1 0.7343455460700936 0.4652246315192744 0.020521763392857145 0.021577380952380952
0 0.49832589285714285 0.6880952380952381 0.8785714285714286 0.08511904761904762
1 0.0645961431241362 0.6073589852607709 0.011049107142857144 0.021577380952380952
