0 0.2806919642857143 0.20654761904761904 0.44285714285714284 0.08779761904761904
1 0.06297304751642037 0.1388420414462081 0.007198660714285714 0.021577380952380952
0 0.2806919642857143 0.3540922619047619 0.44285714285714284 0.07514880952380952
1 0.06489827073070609 0.24939098324514994 0.011049107142857144 0.021577380952380952
0 0.2806919642857143 0.4765625 0.44285714285714284 0.13973214285714286
1 0.0668234939449918 0.35993992504409167 0.014899553571428572 0.021577380952380952
0 0.2806919642857143 0.5547619047619048 0.44285714285714284 0.0380952380952381
1 0.07311534662356323 0.47048886684303354 0.027483258928571428 0.021577380952380952
0 0.2806919642857143 0.6386160714285715 0.44285714285714284 0.11383928571428571
1 0.07401517921284895 0.5810378086419753 0.029282924107142855 0.021577380952380952
0 0.2806919642857143 0.8023065476190476 0.44285714285714284 0.10074404761904762
1 0.07323392921284894 0.6915867504409172 0.027720424107142858 0.021577380952380987
0 0.7237723214285714 0.23735119047619047 0.44285714285714284 0.07172619047619047
1 0.5126861414223348 0.1388420414462081 0.020521763392857145 0.021577380952380952
0 0.7237723214285714 0.3677827380952381 0.44285714285714284 0.13973214285714286
1 0.5126861414223348 0.24939098324514994 0.020521763392857145 0.021577380952380952
0 0.7237723214285714 0.48683035714285716 0.44285714285714284 0.15550595238095238
1 0.512700092315192 0.35993992504409167 0.02054966517857143 0.021577380952380952
0 0.7237723214285714 0.6046130952380953 0.44285714285714284 0.15833333333333333
1 0.5126931168687634 0.47048886684303354 0.020535714285714286 0.021577380952380952
0 0.7237723214285714 0.6892857142857143 0.44285714285714284 0.14523809523809525
1 0.5126861414223348 0.5810378086419753 0.020521763392857145 0.021577380952380952
0 0.7237723214285714 0.7837053571428572 0.44285714285714284 0.11264880952380953
1 0.5126861414223348 0.6915867504409172 0.020521763392857145 0.021577380952380987
