0 0.5022879464285714 0.10758928571428572 0.8856026785714286 0.06547619047619048
1 0.0631253166160081 0.07988260582010584 0.007198660714285714 0.021577380952380952
0 0.5022879464285714 0.18080357142857142 0.8856026785714286 0.05803571428571429
1 0.06505053983029382 0.1462119708994709 0.011049107142857144 0.021577380952380952
0 0.5022879464285714 0.2732142857142857 0.8856026785714286 0.04345238095238095
1 0.06697576304457953 0.21254133597883595 0.014899553571428572 0.021577380952380952
0 0.5022879464285714 0.3514136904761905 0.8856026785714286 0.05818452380952381
1 0.07326761572315096 0.27887070105820105 0.027483258928571428 0.021577380952380952
0 0.5022879464285714 0.38132440476190477 0.8856026785714286 0.04895833333333333
1 0.07416744831243667 0.3452000661375661 0.029282924107142855 0.021577380952380952
0 0.5022879464285714 0.45751488095238096 0.8856026785714286 0.031994047619047616
1 0.07338619831243667 0.41152943121693125 0.027720424107142858 0.021577380952380952
0 0.5022879464285714 0.5421875 0.8856026785714286 0.06502976190476191
1 0.06978686795529382 0.4778587962962963 0.020521763392857145 0.021577380952380952
0 0.5022879464285714 0.6005952380952381 0.8856026785714286 0.07291666666666667
1 0.06978686795529382 0.5441881613756614 0.020521763392857145 0.021577380952380952
0 0.5022879464285714 0.6536458333333334 0.8856026785714286 0.08586309523809524
1 0.06980081884815097 0.6105175264550264 0.02054966517857143 0.021577380952380952
0 0.5022879464285714 0.7114583333333333 0.8856026785714286 0.07321428571428572
1 0.06979384340172239 0.6768468915343916 0.020535714285714286 0.021577380952380952
0 0.5022879464285714 0.7607142857142857 0.8856026785714286 0.08482142857142858
1 0.06978686795529382 0.7431762566137565 0.020521763392857145 0.021577380952380952
0 0.5022879464285714 0.838764880952381 0.8856026785714286 0.0712797619047619
1 0.06978686795529382 0.8095056216931217 0.020521763392857145 0.021577380952380952
