0 0.16975446428571428 0.26808035714285716 0.22142857142857142 0.06830357142857142
1 0.06267091990985048 0.18095592403628116 0.007198660714285714 0.021577380952380952
0 0.16975446428571428 0.44300595238095236 0.22142857142857142 0.19523809523809524
1 0.0645961431241362 0.3230902777777778 0.011049107142857144 0.021577380952380952
0 0.16975446428571428 0.6001488095238096 0.22142857142857142 0.23422619047619048
1 0.0665213663384219 0.4652246315192744 0.014899553571428572 0.021577380952380952
0 0.39140625 0.28080357142857143 0.22142857142857142 0.08571428571428572
1 0.2944842439573125 0.18095592403628116 0.027483258928571428 0.021577380952380952
0 0.39140625 0.4029017857142857 0.22142857142857142 0.1418154761904762
1 0.2953840765465982 0.3230902777777778 0.029282924107142855 0.021577380952380952
0 0.39140625 0.5928571428571429 0.22142857142857142 0.21458333333333332
1 0.2946028265465982 0.4652246315192744 0.027720424107142858 0.021577380952380952
0 0.6130580357142857 0.3164434523809524 0.22142857142857142 0.12544642857142857
1 0.5126745211297744 0.18095592403628116 0.020521763392857145 0.021577380952380952
0 0.6130580357142857 0.42857142857142855 0.22142857142857142 0.21339285714285713
1 0.5126745211297744 0.3230902777777778 0.020521763392857145 0.021577380952380952
0 0.6130580357142857 0.5409226190476191 0.22142857142857142 0.33095238095238094
1 0.5126884720226316 0.4652246315192744 0.02054966517857143 0.021577380952380952
0 0.8347098214285714 0.24136904761904762 0.22142857142857142 0.41577380952380955
1 0.7343525215165222 0.18095592403628116 0.020535714285714286 0.021577380952380952
0 0.8347098214285714 0.4194940476190476 0.22142857142857142 0.1282738095238095
1 0.7343455460700936 0.3230902777777778 0.020521763392857145 0.021577380952380952
0 0.8347098214285714 0.5546875 0.22142857142857142 0.1230654761904762
1 0.7343455460700936 0.4652246315192744 0.020521763392857145 0.021577380952380952
0 0.49832589285714285 0.7335565476190476 0.8785714285714286 0.20818452380952382
1 0.0645961431241362 0.6073589852607709 0.011049107142857144 0.021577380952380952
