0 0.16975446428571428 0.25729166666666664 0.22142857142857142 0.07946428571428571
1 0.06267091990985048 0.18095592403628116 0.007198660714285714 0.021577380952380952
0 0.16975446428571428 0.3943452380952381 0.22142857142857142 0.13660714285714284
1 0.0645961431241362 0.3230902777777778 0.011049107142857144 0.021577380952380952
0 0.16975446428571428 0.5668154761904762 0.22142857142857142 0.06964285714285715
1 0.0665213663384219 0.4652246315192744 0.014899553571428572 0.021577380952380952
0 0.39140625 0.3152529761904762 0.22142857142857142 0.10401785714285715
1 0.2944842439573125 0.18095592403628116 0.027483258928571428 0.021577380952380952
0 0.39140625 0.42016369047619045 0.22142857142857142 0.04241071428571429
1 0.2953840765465982 0.3230902777777778 0.029282924107142855 0.021577380952380952
0 0.39140625 0.5517113095238095 0.22142857142857142 0.103125
1 0.2946028265465982 0.4652246315192744 0.027720424107142858 0.021577380952380952
0 0.6130580357142857 0.3097470238095238 0.22142857142857142 0.12098214285714286
1 0.5126745211297744 0.18095592403628116 0.020521763392857145 0.021577380952380952
0 0.6130580357142857 0.46205357142857145 0.22142857142857142 0.23660714285714285
1 0.5126745211297744 0.3230902777777778 0.020521763392857145 0.021577380952380952
0 0.6130580357142857 0.603125 0.22142857142857142 0.2467261904761905
1 0.5126884720226316 0.4652246315192744 0.02054966517857143 0.021577380952380952
0 0.8347098214285714 0.2543154761904762 0.22142857142857142 0.23898809523809525
1 0.7343525215165222 0.18095592403628116 0.020535714285714286 0.021577380952380952
0 0.8347098214285714 0.3639880952380952 0.22142857142857142 0.22827380952380952
1 0.7343455460700936 0.3230902777777778 0.020521763392857145 0.021577380952380952
0 0.8347098214285714 0.5290922619047619 0.22142857142857142 0.1438988095238095
1 0.7343455460700936 0.4652246315192744 0.020521763392857145 0.021577380952380952
0 0.49832589285714285 0.659375 0.8785714285714286 0.21696428571428572
1 0.0645961431241362 0.6073589852607709 0.011049107142857144 0.021577380952380952
