0 0.2806919642857143 0.2162202380952381 0.44285714285714284 0.03363095238095238
1 0.06297304751642037 0.1388420414462081 0.007198660714285714 0.021577380952380952
0 0.2806919642857143 0.31785714285714284 0.44285714285714284 0.07232142857142858
1 0.06489827073070609 0.24939098324514994 0.011049107142857144 0.021577380952380952
0 0.2806919642857143 0.43251488095238094 0.44285714285714284 0.06294642857142857
1 0.0668234939449918 0.35993992504409167 0.014899553571428572 0.021577380952380952
0 0.2806919642857143 0.5616815476190476 0.44285714285714284 0.04330357142857143
1 0.07311534662356323 0.47048886684303354 0.027483258928571428 0.021577380952380952
0 0.2806919642857143 0.6639136904761904 0.44285714285714284 0.03556547619047619
1 0.07401517921284895 0.5810378086419753 0.029282924107142855 0.021577380952380952
0 0.2806919642857143 0.7620535714285714 0.44285714285714284 0.0675595238095238
1 0.07323392921284894 0.6915867504409172 0.027720424107142858 0.021577380952380987
0 0.7237723214285714 0.24575892857142856 0.44285714285714284 0.07901785714285714
1 0.5126861414223348 0.1388420414462081 0.020521763392857145 0.021577380952380952
0 0.7237723214285714 0.3705357142857143 0.44285714285714284 0.15416666666666667
1 0.5126861414223348 0.24939098324514994 0.020521763392857145 0.021577380952380952
0 0.7237723214285714 0.46927083333333336 0.44285714285714284 0.14538690476190477
1 0.512700092315192 0.35993992504409167 0.02054966517857143 0.021577380952380952
0 0.7237723214285714 0.5598214285714286 0.44285714285714284 0.09226190476190477
1 0.5126931168687634 0.47048886684303354 0.020535714285714286 0.021577380952380952
0 0.7237723214285714 0.6439732142857143 0.44285714285714284 0.08139880952380953
1 0.5126861414223348 0.5810378086419753 0.020521763392857145 0.021577380952380952
0 0.7237723214285714 0.7526785714285714 0.44285714285714284 0.07797619047619048
1 0.5126861414223348 0.6915867504409172 0.020521763392857145 0.021577380952380987
