0 0.5022879464285714 0.12529761904761905 0.8856026785714286 0.05357142857142857
1 0.0631253166160081 0.07988260582010584 0.007198660714285714 0.021577380952380952
0 0.5022879464285714 0.19263392857142858 0.8856026785714286 0.052529761904761905
1 0.06505053983029382 0.1462119708994709 0.011049107142857144 0.021577380952380952
0 0.5022879464285714 0.27001488095238096 0.8856026785714286 0.03675595238095238
1 0.06697576304457953 0.21254133597883595 0.014899553571428572 0.021577380952380952
0 0.5022879464285714 0.3377232142857143 0.8856026785714286 0.04479166666666667
1 0.07326761572315096 0.27887070105820105 0.027483258928571428 0.021577380952380952
0 0.5022879464285714 0.39308035714285716 0.8856026785714286 0.03764880952380952
1 0.07416744831243667 0.3452000661375661 0.029282924107142855 0.021577380952380952
0 0.5022879464285714 0.4625 0.8856026785714286 0.04196428571428571
1 0.07338619831243667 0.41152943121693125 0.027720424107142858 0.021577380952380952
0 0.5022879464285714 0.5354166666666667 0.8856026785714286 0.06190476190476191
1 0.06978686795529382 0.4778587962962963 0.020521763392857145 0.021577380952380952
0 0.5022879464285714 0.6 0.8856026785714286 0.10297619047619047
1 0.06978686795529382 0.5441881613756614 0.020521763392857145 0.021577380952380952
0 0.5022879464285714 0.6726934523809524 0.8856026785714286 0.07336309523809524
1 0.06980081884815097 0.6105175264550264 0.02054966517857143 0.021577380952380952
0 0.5022879464285714 0.7107142857142857 0.8856026785714286 0.2654761904761905
1 0.06979384340172239 0.6768468915343916 0.020535714285714286 0.021577380952380952
0 0.5022879464285714 0.8098214285714286 0.8856026785714286 0.21458333333333332
1 0.06978686795529382 0.7431762566137565 0.020521763392857145 0.021577380952380952
0 0.5022879464285714 0.8484375 0.8856026785714286 0.06919642857142858
1 0.06978686795529382 0.8095056216931217 0.020521763392857145 0.021577380952380952
