0 0.16975446428571428 0.26845238095238094 0.22142857142857142 0.08125
1 0.06267091990985048 0.18095592403628116 0.007198660714285714 0.021577380952380952
0 0.16975446428571428 0.42924107142857143 0.22142857142857142 0.10520833333333333
1 0.0645961431241362 0.3230902777777778 0.011049107142857144 0.021577380952380952
0 0.16975446428571428 0.5848214285714286 0.22142857142857142 0.04791666666666667
1 0.0665213663384219 0.4652246315192744 0.014899553571428572 0.021577380952380952
0 0.39140625 0.29203869047619047 0.22142857142857142 0.09032738095238095
1 0.2944842439573125 0.18095592403628116 0.027483258928571428 0.021577380952380952
0 0.39140625 0.41629464285714285 0.22142857142857142 0.04627976190476191
1 0.2953840765465982 0.3230902777777778 0.029282924107142855 0.021577380952380952
0 0.39140625 0.5802827380952381 0.22142857142857142 0.07068452380952381
1 0.2946028265465982 0.4652246315192744 0.027720424107142858 0.021577380952380952
0 0.6130580357142857 0.32142857142857145 0.22142857142857142 0.16339285714285715
1 0.5126745211297744 0.18095592403628116 0.020521763392857145 0.021577380952380952
0 0.6130580357142857 0.46376488095238094 0.22142857142857142 0.16354166666666667
1 0.5126745211297744 0.3230902777777778 0.020521763392857145 0.021577380952380952
0 0.6130580357142857 0.6303571428571428 0.22142857142857142 0.29136904761904764
1 0.5126884720226316 0.4652246315192744 0.02054966517857143 0.021577380952380952
0 0.8347098214285714 0.3275297619047619 0.22142857142857142 0.4017857142857143
1 0.7343525215165222 0.18095592403628116 0.020535714285714286 0.021577380952380952
0 0.8347098214285714 0.4108630952380952 0.22142857142857142 0.36666666666666664
1 0.7343455460700936 0.3230902777777778 0.020521763392857145 0.021577380952380952
0 0.8347098214285714 0.5495535714285714 0.22142857142857142 0.2
1 0.7343455460700936 0.4652246315192744 0.020521763392857145 0.021577380952380952
0 0.49832589285714285 0.7092261904761905 0.8785714285714286 0.11398809523809524
1 0.0645961431241362 0.6073589852607709 0.011049107142857144 0.021577380952380952
