0 0.2806919642857143 0.19575892857142857 0.44285714285714284 0.12723214285714285
1 0.06297304751642037 0.1388420414462081 0.007198660714285714 0.021577380952380952
0 0.2806919642857143 0.35751488095238093 0.44285714285714284 0.12038690476190476
1 0.06489827073070609 0.24939098324514994 0.011049107142857144 0.021577380952380952
0 0.2806919642857143 0.48333333333333334 0.44285714285714284 0.2050595238095238
1 0.0668234939449918 0.35993992504409167 0.014899553571428572 0.021577380952380952
0 0.2806919642857143 0.5531994047619048 0.44285714285714284 0.05520833333333333
1 0.07311534662356323 0.47048886684303354 0.027483258928571428 0.021577380952380952
0 0.2806919642857143 0.6308035714285715 0.44285714285714284 0.1625
1 0.07401517921284895 0.5810378086419753 0.029282924107142855 0.021577380952380952
0 0.2806919642857143 0.8068452380952381 0.44285714285714284 0.16130952380952382
1 0.07323392921284894 0.6915867504409172 0.027720424107142858 0.021577380952380987
0 0.7237723214285714 0.2580357142857143 0.44285714285714284 0.20892857142857144
1 0.5126861414223348 0.1388420414462081 0.020521763392857145 0.021577380952380952
0 0.7237723214285714 0.39992559523809523 0.44285714285714284 0.2694940476190476
1 0.5126861414223348 0.24939098324514994 0.020521763392857145 0.021577380952380952
0 0.7237723214285714 0.5145089285714286 0.44285714285714284 0.2632440476190476
1 0.512700092315192 0.35993992504409167 0.02054966517857143 0.021577380952380952
0 0.7237723214285714 0.6245535714285714 0.44285714285714284 0.24077380952380953
1 0.5126931168687634 0.47048886684303354 0.020535714285714286 0.021577380952380952
0 0.7237723214285714 0.6678571428571428 0.44285714285714284 0.0818452380952381
1 0.5126861414223348 0.5810378086419753 0.020521763392857145 0.021577380952380952
0 0.7237723214285714 0.7659970238095238 0.44285714285714284 0.05907738095238095
1 0.5126861414223348 0.6915867504409172 0.020521763392857145 0.021577380952380987
