0 0.5022879464285714 0.12366071428571429 0.8856026785714286 0.06666666666666667
1 0.0631253166160081 0.07988260582010584 0.007198660714285714 0.021577380952380952
0 0.5022879464285714 0.18891369047619047 0.8856026785714286 0.0712797619047619
1 0.06505053983029382 0.1462119708994709 0.011049107142857144 0.021577380952380952
0 0.5022879464285714 0.2655505952380952 0.8856026785714286 0.026339285714285714
1 0.06697576304457953 0.21254133597883595 0.014899553571428572 0.021577380952380952
0 0.5022879464285714 0.34129464285714284 0.8856026785714286 0.06830357142857142
1 0.07326761572315096 0.27887070105820105 0.027483258928571428 0.021577380952380952
0 0.5022879464285714 0.39293154761904764 0.8856026785714286 0.03675595238095238
1 0.07416744831243667 0.3452000661375661 0.029282924107142855 0.021577380952380952
0 0.5022879464285714 0.4591517857142857 0.8856026785714286 0.041220238095238095
1 0.07338619831243667 0.41152943121693125 0.027720424107142858 0.021577380952380952
0 0.5022879464285714 0.5505952380952381 0.8856026785714286 0.07797619047619048
1 0.06978686795529382 0.4778587962962963 0.020521763392857145 0.021577380952380952
0 0.5022879464285714 0.6152529761904761 0.8856026785714286 0.07633928571428572
1 0.06978686795529382 0.5441881613756614 0.020521763392857145 0.021577380952380952
0 0.5022879464285714 0.6709077380952381 0.8856026785714286 0.05282738095238095
1 0.06980081884815097 0.6105175264550264 0.02054966517857143 0.021577380952380952
0 0.5022879464285714 0.7247023809523809 0.8856026785714286 0.055952380952380955
1 0.06979384340172239 0.6768468915343916 0.020535714285714286 0.021577380952380952
0 0.5022879464285714 0.7741071428571429 0.8856026785714286 0.06726190476190476
1 0.06978686795529382 0.7431762566137565 0.020521763392857145 0.021577380952380952
0 0.5022879464285714 0.8430803571428571 0.8856026785714286 0.057886904761904764
1 0.06978686795529382 0.8095056216931217 0.020521763392857145 0.021577380952380952
