0 0.2806919642857143 0.15989583333333332 0.44285714285714284 0.14300595238095237
1 0.06297304751642037 0.1388420414462081 0.007198660714285714 0.021577380952380952
0 0.2806919642857143 0.3360119047619048 0.44285714285714284 0.11071428571428571
1 0.06489827073070609 0.24939098324514994 0.011049107142857144 0.021577380952380952
0 0.2806919642857143 0.510342261904762 0.44285714285714284 0.18288690476190475
1 0.0668234939449918 0.35993992504409167 0.014899553571428572 0.021577380952380952
0 0.2806919642857143 0.5860119047619048 0.44285714285714284 0.09226190476190477
1 0.07311534662356323 0.47048886684303354 0.027483258928571428 0.021577380952380952
0 0.2806919642857143 0.5991071428571428 0.44285714285714284 0.1574404761904762
1 0.07401517921284895 0.5810378086419753 0.029282924107142855 0.021577380952380952
0 0.2806919642857143 0.8117559523809523 0.44285714285714284 0.12351190476190477
1 0.07323392921284894 0.6915867504409172 0.027720424107142858 0.021577380952380987
0 0.7237723214285714 0.26941964285714287 0.44285714285714284 0.1418154761904762
1 0.5126861414223348 0.1388420414462081 0.020521763392857145 0.021577380952380952
0 0.7237723214285714 0.3744047619047619 0.44285714285714284 0.16398809523809524
1 0.5126861414223348 0.24939098324514994 0.020521763392857145 0.021577380952380952
0 0.7237723214285714 0.4555059523809524 0.44285714285714284 0.10684523809523809
1 0.512700092315192 0.35993992504409167 0.02054966517857143 0.021577380952380952
0 0.7237723214285714 0.5507440476190476 0.44285714285714284 0.13392857142857142
1 0.5126931168687634 0.47048886684303354 0.020535714285714286 0.021577380952380952
0 0.7237723214285714 0.6151785714285715 0.44285714285714284 0.18958333333333333
1 0.5126861414223348 0.5810378086419753 0.020521763392857145 0.021577380952380952
0 0.7237723214285714 0.7081845238095238 0.44285714285714284 0.1800595238095238
1 0.5126861414223348 0.6915867504409172 0.020521763392857145 0.021577380952380987
