0 0.16975446428571428 0.26398809523809524 0.22142857142857142 0.09404761904761905
1 0.06267091990985048 0.18095592403628116 0.007198660714285714 0.021577380952380952
0 0.16975446428571428 0.4074404761904762 0.22142857142857142 0.06488095238095239
1 0.0645961431241362 0.3230902777777778 0.011049107142857144 0.021577380952380952
0 0.16975446428571428 0.5630208333333333 0.22142857142857142 0.05758928571428571
1 0.0665213663384219 0.4652246315192744 0.014899553571428572 0.021577380952380952
0 0.39140625 0.3040178571428571 0.22142857142857142 0.07321428571428572
1 0.2944842439573125 0.18095592403628116 0.027483258928571428 0.021577380952380952
0 0.39140625 0.41592261904761907 0.22142857142857142 0.06994047619047619
1 0.2953840765465982 0.3230902777777778 0.029282924107142855 0.021577380952380952
0 0.39140625 0.5580357142857143 0.22142857142857142 0.04017857142857143
1 0.2946028265465982 0.4652246315192744 0.027720424107142858 0.021577380952380952
0 0.6130580357142857 0.3014880952380952 0.22142857142857142 0.05714285714285714
1 0.5126745211297744 0.18095592403628116 0.020521763392857145 0.021577380952380952
0 0.6130580357142857 0.4675595238095238 0.22142857142857142 0.19047619047619047
1 0.5126745211297744 0.3230902777777778 0.020521763392857145 0.021577380952380952
0 0.6130580357142857 0.6049851190476191 0.22142857142857142 0.21592261904761906
1 0.5126884720226316 0.4652246315192744 0.02054966517857143 0.021577380952380952
0 0.8347098214285714 0.3027529761904762 0.22142857142857142 0.25342261904761904
1 0.7343525215165222 0.18095592403628116 0.020535714285714286 0.021577380952380952
0 0.8347098214285714 0.3900297619047619 0.22142857142857142 0.23363095238095238
1 0.7343455460700936 0.3230902777777778 0.020521763392857145 0.021577380952380952
0 0.8347098214285714 0.5368303571428571 0.22142857142857142 0.1507440476190476
1 0.7343455460700936 0.4652246315192744 0.020521763392857145 0.021577380952380952
0 0.49832589285714285 0.696577380952381 0.8785714285714286 0.0761904761904762
1 0.0645961431241362 0.6073589852607709 0.011049107142857144 0.021577380952380952
