0 0.2806919642857143 0.19479166666666667 0.44285714285714284 0.08958333333333333
1 0.06297304751642037 0.1388420414462081 0.007198660714285714 0.021577380952380952
0 0.2806919642857143 0.31651785714285713 0.44285714285714284 0.06547619047619048
1 0.06489827073070609 0.24939098324514994 0.011049107142857144 0.021577380952380952
0 0.2806919642857143 0.4530505952380952 0.44285714285714284 0.06800595238095238
1 0.0668234939449918 0.35993992504409167 0.014899553571428572 0.021577380952380952
0 0.2806919642857143 0.5722470238095239 0.44285714285714284 0.07395833333333333
1 0.07311534662356323 0.47048886684303354 0.027483258928571428 0.021577380952380952
0 0.2806919642857143 0.6432291666666666 0.44285714285714284 0.07514880952380952
1 0.07401517921284895 0.5810378086419753 0.029282924107142855 0.021577380952380952
0 0.2806919642857143 0.7700892857142857 0.44285714285714284 0.04136904761904762
1 0.07323392921284894 0.6915867504409172 0.027720424107142858 0.021577380952380987
0 0.7237723214285714 0.23348214285714286 0.44285714285714284 0.10625
1 0.5126861414223348 0.1388420414462081 0.020521763392857145 0.021577380952380952
0 0.7237723214285714 0.3574404761904762 0.44285714285714284 0.17261904761904762
1 0.5126861414223348 0.24939098324514994 0.020521763392857145 0.021577380952380952
0 0.7237723214285714 0.46279761904761907 0.44285714285714284 0.1380952380952381
1 0.512700092315192 0.35993992504409167 0.02054966517857143 0.021577380952380952
0 0.7237723214285714 0.5224702380952381 0.44285714285714284 0.18333333333333332
1 0.5126931168687634 0.47048886684303354 0.020535714285714286 0.021577380952380952
0 0.7237723214285714 0.6343005952380952 0.44285714285714284 0.17961309523809524
1 0.5126861414223348 0.5810378086419753 0.020521763392857145 0.021577380952380952
0 0.7237723214285714 0.7261904761904762 0.44285714285714284 0.1693452380952381
1 0.5126861414223348 0.6915867504409172 0.020521763392857145 0.021577380952380987
