0 0.16975446428571428 0.25401785714285713 0.22142857142857142 0.0800595238095238
1 0.06267091990985048 0.18095592403628116 0.007198660714285714 0.021577380952380952
0 0.16975446428571428 0.4166666666666667 0.22142857142857142 0.06488095238095239
1 0.0645961431241362 0.3230902777777778 0.011049107142857144 0.021577380952380952
0 0.16975446428571428 0.5801339285714285 0.22142857142857142 0.04211309523809524
1 0.0665213663384219 0.4652246315192744 0.014899553571428572 0.021577380952380952
0 0.39140625 0.3039434523809524 0.22142857142857142 0.0724702380952381
1 0.2944842439573125 0.18095592403628116 0.027483258928571428 0.021577380952380952
0 0.39140625 0.40453869047619045 0.22142857142857142 0.05699404761904762
1 0.2953840765465982 0.3230902777777778 0.029282924107142855 0.021577380952380952
0 0.39140625 0.5725446428571429 0.22142857142857142 0.031101190476190477
1 0.2946028265465982 0.4652246315192744 0.027720424107142858 0.021577380952380952
0 0.6130580357142857 0.30498511904761905 0.22142857142857142 0.10848214285714286
1 0.5126745211297744 0.18095592403628116 0.020521763392857145 0.021577380952380952
0 0.6130580357142857 0.43638392857142855 0.22142857142857142 0.15014880952380952
1 0.5126745211297744 0.3230902777777778 0.020521763392857145 0.021577380952380952
0 0.6130580357142857 0.5619047619047619 0.22142857142857142 0.13958333333333334
1 0.5126884720226316 0.4652246315192744 0.02054966517857143 0.021577380952380952
0 0.8347098214285714 0.25483630952380953 0.22142857142857142 0.15461309523809524
1 0.7343525215165222 0.18095592403628116 0.020535714285714286 0.021577380952380952
0 0.8347098214285714 0.39464285714285713 0.22142857142857142 0.13660714285714284
1 0.7343455460700936 0.3230902777777778 0.020521763392857145 0.021577380952380952
0 0.8347098214285714 0.5430803571428572 0.22142857142857142 0.18139880952380952
1 0.7343455460700936 0.4652246315192744 0.020521763392857145 0.021577380952380952
0 0.49832589285714285 0.6979166666666666 0.8785714285714286 0.0761904761904762
1 0.0645961431241362 0.6073589852607709 0.011049107142857144 0.021577380952380952
