0 0.2806919642857143 0.2054315476190476 0.44285714285714284 0.0662202380952381
1 0.06297304751642037 0.1388420414462081 0.007198660714285714 0.021577380952380952
0 0.2806919642857143 0.3483630952380952 0.44285714285714284 0.05178571428571429
1 0.06489827073070609 0.24939098324514994 0.011049107142857144 0.021577380952380952
0 0.2806919642857143 0.4686011904761905 0.44285714285714284 0.08214285714285714
1 0.0668234939449918 0.35993992504409167 0.014899553571428572 0.021577380952380952
0 0.2806919642857143 0.5460565476190476 0.44285714285714284 0.04717261904761905
1 0.07311534662356323 0.47048886684303354 0.027483258928571428 0.021577380952380952
0 0.2806919642857143 0.6415922619047619 0.44285714285714284 0.0730654761904762
1 0.07401517921284895 0.5810378086419753 0.029282924107142855 0.021577380952380952
0 0.2806919642857143 0.7919642857142857 0.44285714285714284 0.052083333333333336
1 0.07323392921284894 0.6915867504409172 0.027720424107142858 0.021577380952380987
0 0.7237723214285714 0.23459821428571428 0.44285714285714284 0.06056547619047619
1 0.5126861414223348 0.1388420414462081 0.020521763392857145 0.021577380952380952
0 0.7237723214285714 0.32708333333333334 0.44285714285714284 0.23125
1 0.5126861414223348 0.24939098324514994 0.020521763392857145 0.021577380952380952
0 0.7237723214285714 0.4314732142857143 0.44285714285714284 0.196875
1 0.512700092315192 0.35993992504409167 0.02054966517857143 0.021577380952380952
0 0.7237723214285714 0.5560267857142858 0.44285714285714284 0.12901785714285716
1 0.5126931168687634 0.47048886684303354 0.020535714285714286 0.021577380952380952
0 0.7237723214285714 0.6754464285714286 0.44285714285714284 0.07321428571428572
1 0.5126861414223348 0.5810378086419753 0.020521763392857145 0.021577380952380952
0 0.7237723214285714 0.7857142857142857 0.44285714285714284 0.04404761904761905
1 0.5126861414223348 0.6915867504409172 0.020521763392857145 0.021577380952380987
