0 0.16975446428571428 0.26532738095238095 0.22142857142857142 0.0675595238095238
1 0.06267091990985048 0.18095592403628116 0.007198660714285714 0.021577380952380952
0 0.16975446428571428 0.3904761904761905 0.22142857142857142 0.09494047619047619
1 0.0645961431241362 0.3230902777777778 0.011049107142857144 0.021577380952380952
0 0.16975446428571428 0.5552827380952381 0.22142857142857142 0.04300595238095238
1 0.0665213663384219 0.4652246315192744 0.014899553571428572 0.021577380952380952
0 0.39140625 0.31153273809523807 0.22142857142857142 0.08139880952380953
1 0.2944842439573125 0.18095592403628116 0.027483258928571428 0.021577380952380952
0 0.39140625 0.42626488095238096 0.22142857142857142 0.024851190476190475
1 0.2953840765465982 0.3230902777777778 0.029282924107142855 0.021577380952380952
0 0.39140625 0.5435267857142857 0.22142857142857142 0.0662202380952381
1 0.2946028265465982 0.4652246315192744 0.027720424107142858 0.021577380952380952
0 0.6130580357142857 0.3235863095238095 0.22142857142857142 0.09776785714285714
1 0.5126745211297744 0.18095592403628116 0.020521763392857145 0.021577380952380952
0 0.6130580357142857 0.47358630952380953 0.22142857142857142 0.17961309523809524
1 0.5126745211297744 0.3230902777777778 0.020521763392857145 0.021577380952380952
0 0.6130580357142857 0.5593005952380953 0.22142857142857142 0.08050595238095239
1 0.5126884720226316 0.4652246315192744 0.02054966517857143 0.021577380952380952
0 0.8347098214285714 0.24397321428571428 0.22142857142857142 0.12276785714285714
1 0.7343525215165222 0.18095592403628116 0.020535714285714286 0.021577380952380952
0 0.8347098214285714 0.38385416666666666 0.22142857142857142 0.11532738095238096
1 0.7343455460700936 0.3230902777777778 0.020521763392857145 0.021577380952380952
0 0.8347098214285714 0.5244047619047619 0.22142857142857142 0.10476190476190476
1 0.7343455460700936 0.4652246315192744 0.020521763392857145 0.021577380952380952
0 0.49832589285714285 0.6834077380952381 0.8785714285714286 0.11205357142857143
1 0.0645961431241362 0.6073589852607709 0.011049107142857144 0.021577380952380952
