0 0.16975446428571428 0.2767857142857143 0.22142857142857142 0.04791666666666667
1 0.06267091990985048 0.18095592403628116 0.007198660714285714 0.021577380952380952
0 0.16975446428571428 0.39553571428571427 0.22142857142857142 0.10863095238095238
1 0.0645961431241362 0.3230902777777778 0.011049107142857144 0.021577380952380952
0 0.16975446428571428 0.5447172619047619 0.22142857142857142 0.08913690476190476
1 0.0665213663384219 0.4652246315192744 0.014899553571428572 0.021577380952380952
0 0.39140625 0.3020089285714286 0.22142857142857142 0.06860119047619048
1 0.2944842439573125 0.18095592403628116 0.027483258928571428 0.021577380952380952
0 0.39140625 0.4331845238095238 0.22142857142857142 0.05
1 0.2953840765465982 0.3230902777777778 0.029282924107142855 0.021577380952380952
0 0.39140625 0.5410714285714285 0.22142857142857142 0.09851190476190476
1 0.2946028265465982 0.4652246315192744 0.027720424107142858 0.021577380952380952
0 0.6130580357142857 0.28876488095238095 0.22142857142857142 0.057291666666666664
1 0.5126745211297744 0.18095592403628116 0.020521763392857145 0.021577380952380952
0 0.6130580357142857 0.42819940476190477 0.22142857142857142 0.07633928571428572
1 0.5126745211297744 0.3230902777777778 0.020521763392857145 0.021577380952380952
0 0.6130580357142857 0.5654761904761905 0.22142857142857142 0.11696428571428572
1 0.5126884720226316 0.4652246315192744 0.02054966517857143 0.021577380952380952
0 0.8347098214285714 0.24836309523809524 0.22142857142857142 0.15327380952380953
1 0.7343525215165222 0.18095592403628116 0.020535714285714286 0.021577380952380952
0 0.8347098214285714 0.3848214285714286 0.22142857142857142 0.13303571428571428
1 0.7343455460700936 0.3230902777777778 0.020521763392857145 0.021577380952380952
0 0.8347098214285714 0.5511904761904762 0.22142857142857142 0.09910714285714285
1 0.7343455460700936 0.4652246315192744 0.020521763392857145 0.021577380952380952
0 0.49832589285714285 0.6822916666666666 0.8785714285714286 0.11369047619047619
1 0.0645961431241362 0.6073589852607709 0.011049107142857144 0.021577380952380952
