0 0.2806919642857143 0.21808035714285715 0.44285714285714284 0.024851190476190475
1 0.06297304751642037 0.1388420414462081 0.007198660714285714 0.021577380952380952
0 0.2806919642857143 0.3203125 0.44285714285714284 0.05580357142857143
1 0.06489827073070609 0.24939098324514994 0.011049107142857144 0.021577380952380952
0 0.2806919642857143 0.43154761904761907 0.44285714285714284 0.05327380952380952
1 0.0668234939449918 0.35993992504409167 0.014899553571428572 0.021577380952380952
0 0.2806919642857143 0.559970238095238 0.44285714285714284 0.03482142857142857
1 0.07311534662356323 0.47048886684303354 0.027483258928571428 0.021577380952380952
0 0.2806919642857143 0.6659970238095239 0.44285714285714284 0.03169642857142857
1 0.07401517921284895 0.5810378086419753 0.029282924107142855 0.021577380952380952
0 0.2806919642857143 0.7629464285714286 0.44285714285714284 0.054464285714285715
1 0.07323392921284894 0.6915867504409172 0.027720424107142858 0.021577380952380987
0 0.7237723214285714 0.23058035714285716 0.44285714285714284 0.036458333333333336
1 0.5126861414223348 0.1388420414462081 0.020521763392857145 0.021577380952380952
0 0.7237723214285714 0.34732142857142856 0.44285714285714284 0.09464285714285714
1 0.5126861414223348 0.24939098324514994 0.020521763392857145 0.021577380952380952
0 0.7237723214285714 0.4764880952380952 0.44285714285714284 0.10654761904761904
1 0.512700092315192 0.35993992504409167 0.02054966517857143 0.021577380952380952
0 0.7237723214285714 0.5444940476190476 0.44285714285714284 0.0556547619047619
1 0.5126931168687634 0.47048886684303354 0.020535714285714286 0.021577380952380952
0 0.7237723214285714 0.6243303571428571 0.44285714285714284 0.10580357142857143
1 0.5126861414223348 0.5810378086419753 0.020521763392857145 0.021577380952380952
0 0.7237723214285714 0.7625 0.44285714285714284 0.05416666666666667
1 0.5126861414223348 0.6915867504409172 0.020521763392857145 0.021577380952380987
