0 0.16975446428571428 0.26086309523809526 0.22142857142857142 0.08333333333333333
1 0.06267091990985048 0.18095592403628116 0.007198660714285714 0.021577380952380952
0 0.16975446428571428 0.4164434523809524 0.22142857142857142 0.060267857142857144
1 0.0645961431241362 0.3230902777777778 0.011049107142857144 0.021577380952380952
0 0.16975446428571428 0.5758928571428571 0.22142857142857142 0.05029761904761905
1 0.0665213663384219 0.4652246315192744 0.014899553571428572 0.021577380952380952
0 0.39140625 0.30319940476190477 0.22142857142857142 0.06354166666666666
1 0.2944842439573125 0.18095592403628116 0.027483258928571428 0.021577380952380952
0 0.39140625 0.41026785714285713 0.22142857142857142 0.06339285714285714
1 0.2953840765465982 0.3230902777777778 0.029282924107142855 0.021577380952380952
0 0.39140625 0.5703125 0.22142857142857142 0.04211309523809524
1 0.2946028265465982 0.4652246315192744 0.027720424107142858 0.021577380952380952
0 0.6130580357142857 0.3248511904761905 0.22142857142857142 0.10297619047619047
1 0.5126745211297744 0.18095592403628116 0.020521763392857145 0.021577380952380952
0 0.6130580357142857 0.4607886904761905 0.22142857142857142 0.12276785714285714
1 0.5126745211297744 0.3230902777777778 0.020521763392857145 0.021577380952380952
0 0.6130580357142857 0.5865327380952381 0.22142857142857142 0.10550595238095238
1 0.5126884720226316 0.4652246315192744 0.02054966517857143 0.021577380952380952
0 0.8347098214285714 0.272172619047619 0.22142857142857142 0.12648809523809523
1 0.7343525215165222 0.18095592403628116 0.020535714285714286 0.021577380952380952
0 0.8347098214285714 0.3830357142857143 0.22142857142857142 0.13005952380952382
1 0.7343455460700936 0.3230902777777778 0.020521763392857145 0.021577380952380952
0 0.8347098214285714 0.536532738095238 0.22142857142857142 0.103125
1 0.7343455460700936 0.4652246315192744 0.020521763392857145 0.021577380952380952
0 0.49832589285714285 0.7019345238095238 0.8785714285714286 0.07351190476190476
1 0.0645961431241362 0.6073589852607709 0.011049107142857144 0.021577380952380952
