0 0.16975446428571428 0.23883928571428573 0.22142857142857142 0.1386904761904762
1 0.06267091990985048 0.18095592403628116 0.007198660714285714 0.021577380952380952
0 0.16975446428571428 0.4121279761904762 0.22142857142857142 0.06860119047619048
1 0.0645961431241362 0.3230902777777778 0.011049107142857144 0.021577380952380952
0 0.16975446428571428 0.5969494047619047 0.22142857142857142 0.09538690476190476
1 0.0665213663384219 0.4652246315192744 0.014899553571428572 0.021577380952380952
0 0.39140625 0.3122767857142857 0.22142857142857142 0.09895833333333333
1 0.2944842439573125 0.18095592403628116 0.027483258928571428 0.021577380952380952
0 0.39140625 0.3886904761904762 0.22142857142857142 0.11577380952380953
1 0.2953840765465982 0.3230902777777778 0.029282924107142855 0.021577380952380952
0 0.39140625 0.5750744047619047 0.22142857142857142 0.031994047619047616
1 0.2946028265465982 0.4652246315192744 0.027720424107142858 0.021577380952380952
0 0.6130580357142857 0.3159970238095238 0.22142857142857142 0.10044642857142858
1 0.5126745211297744 0.18095592403628116 0.020521763392857145 0.021577380952380952
0 0.6130580357142857 0.4330357142857143 0.22142857142857142 0.12351190476190477
1 0.5126745211297744 0.3230902777777778 0.020521763392857145 0.021577380952380952
0 0.6130580357142857 0.5631696428571429 0.22142857142857142 0.1611607142857143
1 0.5126884720226316 0.4652246315192744 0.02054966517857143 0.021577380952380952
0 0.8347098214285714 0.2507440476190476 0.22142857142857142 0.18095238095238095
1 0.7343525215165222 0.18095592403628116 0.020535714285714286 0.021577380952380952
0 0.8347098214285714 0.3715029761904762 0.22142857142857142 0.17455357142857142
1 0.7343455460700936 0.3230902777777778 0.020521763392857145 0.021577380952380952
0 0.8347098214285714 0.5245535714285714 0.22142857142857142 0.16279761904761905
1 0.7343455460700936 0.4652246315192744 0.020521763392857145 0.021577380952380952
0 0.49832589285714285 0.6964285714285714 0.8785714285714286 0.07291666666666667
1 0.0645961431241362 0.6073589852607709 0.011049107142857144 0.021577380952380952
