0 0.5022879464285714 0.13296130952380952 0.8856026785714286 0.043601190476190474
1 0.0631253166160081 0.07988260582010584 0.007198660714285714 0.021577380952380952
0 0.5022879464285714 0.18928571428571428 0.8856026785714286 0.04970238095238095
1 0.06505053983029382 0.1462119708994709 0.011049107142857144 0.021577380952380952
0 0.5022879464285714 0.2615327380952381 0.8856026785714286 0.053422619047619045
1 0.06697576304457953 0.21254133597883595 0.014899553571428572 0.021577380952380952
0 0.5022879464285714 0.3351190476190476 0.8856026785714286 0.04375
1 0.07326761572315096 0.27887070105820105 0.027483258928571428 0.021577380952380952
0 0.5022879464285714 0.39561011904761906 0.8856026785714286 0.03616071428571429
1 0.07416744831243667 0.3452000661375661 0.029282924107142855 0.021577380952380952
0 0.5022879464285714 0.4556547619047619 0.8856026785714286 0.047619047619047616
1 0.07338619831243667 0.41152943121693125 0.027720424107142858 0.021577380952380952
0 0.5022879464285714 0.5124255952380953 0.8856026785714286 0.08735119047619047
1 0.06978686795529382 0.4778587962962963 0.020521763392857145 0.021577380952380952
0 0.5022879464285714 0.6056547619047619 0.8856026785714286 0.15476190476190477
1 0.06978686795529382 0.5441881613756614 0.020521763392857145 0.021577380952380952
0 0.5022879464285714 0.6543154761904761 0.8856026785714286 0.16160714285714287
1 0.06980081884815097 0.6105175264550264 0.02054966517857143 0.021577380952380952
0 0.5022879464285714 0.7133928571428572 0.8856026785714286 0.11726190476190476
1 0.06979384340172239 0.6768468915343916 0.020535714285714286 0.021577380952380952
0 0.5022879464285714 0.7853422619047619 0.8856026785714286 0.07782738095238095
1 0.06978686795529382 0.7431762566137565 0.020521763392857145 0.021577380952380952
0 0.5022879464285714 0.8517113095238096 0.8856026785714286 0.050148809523809526
1 0.06978686795529382 0.8095056216931217 0.020521763392857145 0.021577380952380952
