0 0.16975446428571428 0.2697172619047619 0.22142857142857142 0.13407738095238095
1 0.06267091990985048 0.18095592403628116 0.007198660714285714 0.021577380952380952
0 0.16975446428571428 0.38511904761904764 0.22142857142857142 0.2505952380952381
1 0.0645961431241362 0.3230902777777778 0.011049107142857144 0.021577380952380952
0 0.16975446428571428 0.5751488095238095 0.22142857142857142 0.2592261904761905
1 0.0665213663384219 0.4652246315192744 0.014899553571428572 0.021577380952380952
0 0.39140625 0.3210565476190476 0.22142857142857142 0.140625
1 0.2944842439573125 0.18095592403628116 0.027483258928571428 0.021577380952380952
0 0.39140625 0.4146577380952381 0.22142857142857142 0.19479166666666667
1 0.2953840765465982 0.3230902777777778 0.029282924107142855 0.021577380952380952
0 0.39140625 0.5514136904761905 0.22142857142857142 0.25282738095238094
1 0.2946028265465982 0.4652246315192744 0.027720424107142858 0.021577380952380952
0 0.6130580357142857 0.36666666666666664 0.22142857142857142 0.35446428571428573
1 0.5126745211297744 0.18095592403628116 0.020521763392857145 0.021577380952380952
0 0.6130580357142857 0.42090773809523807 0.22142857142857142 0.7552083333333334
1 0.5126745211297744 0.3230902777777778 0.020521763392857145 0.021577380952380952
1 0.5126884720226316 0.4652246315192744 0.02054966517857143 0.021577380952380952
1 0.7343525215165222 0.18095592403628116 0.020535714285714286 0.021577380952380952
0 0.8347098214285714 0.3480654761904762 0.22142857142857142 0.2654761904761905
1 0.7343455460700936 0.3230902777777778 0.020521763392857145 0.021577380952380952
0 0.8347098214285714 0.5110119047619047 0.22142857142857142 0.17976190476190476
1 0.7343455460700936 0.4652246315192744 0.020521763392857145 0.021577380952380952
0 0.49832589285714285 0.6920386904761905 0.8785714285714286 0.2956845238095238
1 0.0645961431241362 0.6073589852607709 0.011049107142857144 0.021577380952380952
