0 0.5022879464285714 0.12686011904761904 0.8856026785714286 0.033482142857142856
1 0.0631253166160081 0.07988260582010584 0.007198660714285714 0.021577380952380952
0 0.5022879464285714 0.18816964285714285 0.8856026785714286 0.05163690476190476
1 0.06505053983029382 0.1462119708994709 0.011049107142857144 0.021577380952380952
0 0.5022879464285714 0.25892857142857145 0.8856026785714286 0.03184523809523809
1 0.06697576304457953 0.21254133597883595 0.014899553571428572 0.021577380952380952
0 0.5022879464285714 0.3404761904761905 0.8856026785714286 0.04047619047619048
1 0.07326761572315096 0.27887070105820105 0.027483258928571428 0.021577380952380952
0 0.5022879464285714 0.39813988095238095 0.8856026785714286 0.020982142857142855
1 0.07416744831243667 0.3452000661375661 0.029282924107142855 0.021577380952380952
0 0.5022879464285714 0.45677083333333335 0.8856026785714286 0.03943452380952381
1 0.07338619831243667 0.41152943121693125 0.027720424107142858 0.021577380952380952
0 0.5022879464285714 0.5497767857142857 0.8856026785714286 0.05699404761904762
1 0.06978686795529382 0.4778587962962963 0.020521763392857145 0.021577380952380952
0 0.5022879464285714 0.6160714285714286 0.8856026785714286 0.07857142857142857
1 0.06978686795529382 0.5441881613756614 0.020521763392857145 0.021577380952380952
0 0.5022879464285714 0.6714285714285714 0.8856026785714286 0.0675595238095238
1 0.06980081884815097 0.6105175264550264 0.02054966517857143 0.021577380952380952
0 0.5022879464285714 0.7151785714285714 0.8856026785714286 0.09285714285714286
1 0.06979384340172239 0.6768468915343916 0.020535714285714286 0.021577380952380952
0 0.5022879464285714 0.7793898809523809 0.8856026785714286 0.05699404761904762
1 0.06978686795529382 0.7431762566137565 0.020521763392857145 0.021577380952380952
0 0.5022879464285714 0.8466517857142857 0.8856026785714286 0.05907738095238095
1 0.06978686795529382 0.8095056216931217 0.020521763392857145 0.021577380952380952
