0 0.16975446428571428 0.25416666666666665 0.22142857142857142 0.1392857142857143
1 0.06267091990985048 0.18095592403628116 0.007198660714285714 0.021577380952380952
0 0.16975446428571428 0.3932291666666667 0.22142857142857142 0.13467261904761904
1 0.0645961431241362 0.3230902777777778 0.011049107142857144 0.021577380952380952
0 0.16975446428571428 0.5869791666666667 0.22142857142857142 0.12366071428571429
1 0.0665213663384219 0.4652246315192744 0.014899553571428572 0.021577380952380952
0 0.39140625 0.3145833333333333 0.22142857142857142 0.12083333333333333
1 0.2944842439573125 0.18095592403628116 0.027483258928571428 0.021577380952380952
0 0.39140625 0.40066964285714285 0.22142857142857142 0.11889880952380952
1 0.2953840765465982 0.3230902777777778 0.029282924107142855 0.021577380952380952
0 0.39140625 0.5587797619047619 0.22142857142857142 0.1199404761904762
1 0.2946028265465982 0.4652246315192744 0.027720424107142858 0.021577380952380952
0 0.6130580357142857 0.38876488095238093 0.22142857142857142 0.32842261904761905
1 0.5126745211297744 0.18095592403628116 0.020521763392857145 0.021577380952380952
0 0.6130580357142857 0.5613839285714286 0.22142857142857142 0.353125
1 0.5126745211297744 0.3230902777777778 0.020521763392857145 0.021577380952380952
0 0.6130580357142857 0.6286458333333333 0.22142857142857142 0.2138392857142857
1 0.5126884720226316 0.4652246315192744 0.02054966517857143 0.021577380952380952
0 0.8347098214285714 0.2636160714285714 0.22142857142857142 0.2694940476190476
1 0.7343525215165222 0.18095592403628116 0.020535714285714286 0.021577380952380952
0 0.8347098214285714 0.38452380952380955 0.22142857142857142 0.18511904761904763
1 0.7343455460700936 0.3230902777777778 0.020521763392857145 0.021577380952380952
0 0.8347098214285714 0.5217261904761905 0.22142857142857142 0.1630952380952381
1 0.7343455460700936 0.4652246315192744 0.020521763392857145 0.021577380952380952
0 0.49832589285714285 0.6811755952380952 0.8785714285714286 0.14211309523809523
1 0.0645961431241362 0.6073589852607709 0.011049107142857144 0.021577380952380952
