0 0.5022879464285714 0.11785714285714285 0.8856026785714286 0.07023809523809524
1 0.0631253166160081 0.07988260582010584 0.007198660714285714 0.021577380952380952
0 0.5022879464285714 0.18043154761904762 0.8856026785714286 0.0712797619047619
1 0.06505053983029382 0.1462119708994709 0.011049107142857144 0.021577380952380952
0 0.5022879464285714 0.2697172619047619 0.8856026785714286 0.03318452380952381
1 0.06697576304457953 0.21254133597883595 0.014899553571428572 0.021577380952380952
0 0.5022879464285714 0.3478422619047619 0.8856026785714286 0.06919642857142858
1 0.07326761572315096 0.27887070105820105 0.027483258928571428 0.021577380952380952
0 0.5022879464285714 0.39025297619047616 0.8856026785714286 0.04181547619047619
1 0.07416744831243667 0.3452000661375661 0.029282924107142855 0.021577380952380952
0 0.5022879464285714 0.45610119047619047 0.8856026785714286 0.05
1 0.07338619831243667 0.41152943121693125 0.027720424107142858 0.021577380952380952
0 0.5022879464285714 0.5311755952380952 0.8856026785714286 0.05133928571428571
1 0.06978686795529382 0.4778587962962963 0.020521763392857145 0.021577380952380952
0 0.5022879464285714 0.5662202380952381 0.8856026785714286 0.11845238095238095
1 0.06978686795529382 0.5441881613756614 0.020521763392857145 0.021577380952380952
0 0.5022879464285714 0.6127976190476191 0.8856026785714286 0.15535714285714286
1 0.06980081884815097 0.6105175264550264 0.02054966517857143 0.021577380952380952
0 0.5022879464285714 0.6773809523809524 0.8856026785714286 0.15267857142857144
1 0.06979384340172239 0.6768468915343916 0.020535714285714286 0.021577380952380952
0 0.5022879464285714 0.7568452380952381 0.8856026785714286 0.11517857142857142
1 0.06978686795529382 0.7431762566137565 0.020521763392857145 0.021577380952380952
0 0.5022879464285714 0.834375 0.8856026785714286 0.09136904761904761
1 0.06978686795529382 0.8095056216931217 0.020521763392857145 0.021577380952380952
