0 0.16975446428571428 0.25944940476190476 0.22142857142857142 0.07931547619047619
1 0.06267091990985048 0.18095592403628116 0.007198660714285714 0.021577380952380952
0 0.16975446428571428 0.4084077380952381 0.22142857142857142 0.09717261904761905
1 0.0645961431241362 0.3230902777777778 0.011049107142857144 0.021577380952380952
0 0.16975446428571428 0.5625 0.22142857142857142 0.04791666666666667
1 0.0665213663384219 0.4652246315192744 0.014899553571428572 0.021577380952380952
0 0.39140625 0.3054315476190476 0.22142857142857142 0.08824404761904762
1 0.2944842439573125 0.18095592403628116 0.027483258928571428 0.021577380952380952
0 0.39140625 0.4159970238095238 0.22142857142857142 0.04747023809523809
1 0.2953840765465982 0.3230902777777778 0.029282924107142855 0.021577380952380952
0 0.39140625 0.5628720238095238 0.22142857142857142 0.05967261904761905
1 0.2946028265465982 0.4652246315192744 0.027720424107142858 0.021577380952380952
0 0.6130580357142857 0.315625 0.22142857142857142 0.11845238095238095
1 0.5126745211297744 0.18095592403628116 0.020521763392857145 0.021577380952380952
0 0.6130580357142857 0.4511904761904762 0.22142857142857142 0.23809523809523808
1 0.5126745211297744 0.3230902777777778 0.020521763392857145 0.021577380952380952
0 0.6130580357142857 0.5369791666666667 0.22142857142857142 0.27098214285714284
1 0.5126884720226316 0.4652246315192744 0.02054966517857143 0.021577380952380952
0 0.8347098214285714 0.22492559523809524 0.22142857142857142 0.2974702380952381
1 0.7343525215165222 0.18095592403628116 0.020535714285714286 0.021577380952380952
0 0.8347098214285714 0.3717261904761905 0.22142857142857142 0.2113095238095238
1 0.7343455460700936 0.3230902777777778 0.020521763392857145 0.021577380952380952
0 0.8347098214285714 0.5247767857142858 0.22142857142857142 0.17782738095238096
1 0.7343455460700936 0.4652246315192744 0.020521763392857145 0.021577380952380952
0 0.49832589285714285 0.6904017857142857 0.8785714285714286 0.11919642857142858
1 0.0645961431241362 0.6073589852607709 0.011049107142857144 0.021577380952380952
