0 0.2806919642857143 0.1988095238095238 0.44285714285714284 0.14523809523809525
1 0.06297304751642037 0.1388420414462081 0.007198660714285714 0.021577380952380952
0 0.2806919642857143 0.2834077380952381 0.44285714285714284 0.16086309523809525
1 0.06489827073070609 0.24939098324514994 0.011049107142857144 0.021577380952380952
0 0.2806919642857143 0.38816964285714284 0.44285714285714284 0.24300595238095238
1 0.0668234939449918 0.35993992504409167 0.014899553571428572 0.021577380952380952
0 0.2806919642857143 0.5899553571428572 0.44285714285714284 0.09151785714285714
1 0.07311534662356323 0.47048886684303354 0.027483258928571428 0.021577380952380952
0 0.2806919642857143 0.6869047619047619 0.44285714285714284 0.1767857142857143
1 0.07401517921284895 0.5810378086419753 0.029282924107142855 0.021577380952380952
0 0.2806919642857143 0.7224702380952381 0.44285714285714284 0.20148809523809524
1 0.07323392921284894 0.6915867504409172 0.027720424107142858 0.021577380952380987
0 0.7237723214285714 0.2654761904761905 0.44285714285714284 0.1494047619047619
1 0.5126861414223348 0.1388420414462081 0.020521763392857145 0.021577380952380952
0 0.7237723214285714 0.3776041666666667 0.44285714285714284 0.19508928571428572
1 0.5126861414223348 0.24939098324514994 0.020521763392857145 0.021577380952380952
0 0.7237723214285714 0.4708333333333333 0.44285714285714284 0.16726190476190475
1 0.512700092315192 0.35993992504409167 0.02054966517857143 0.021577380952380952
0 0.7237723214285714 0.578125 0.44285714285714284 0.16726190476190475
1 0.5126931168687634 0.47048886684303354 0.020535714285714286 0.021577380952380952
0 0.7237723214285714 0.598735119047619 0.44285714285714284 0.20669642857142856
1 0.5126861414223348 0.5810378086419753 0.020521763392857145 0.021577380952380952
0 0.7237723214285714 0.7171130952380952 0.44285714285714284 0.17976190476190476
1 0.5126861414223348 0.6915867504409172 0.020521763392857145 0.021577380952380987
