0 0.5022879464285714 0.1357142857142857 0.8856026785714286 0.025
1 0.0631253166160081 0.07988260582010584 0.007198660714285714 0.021577380952380952
0 0.5022879464285714 0.18802083333333333 0.8856026785714286 0.048660714285714286
1 0.06505053983029382 0.1462119708994709 0.011049107142857144 0.021577380952380952
0 0.5022879464285714 0.25558035714285715 0.8856026785714286 0.04568452380952381
1 0.06697576304457953 0.21254133597883595 0.014899553571428572 0.021577380952380952
0 0.5022879464285714 0.3347470238095238 0.8856026785714286 0.0337797619047619
1 0.07326761572315096 0.27887070105820105 0.027483258928571428 0.021577380952380952
0 0.5022879464285714 0.40267857142857144 0.8856026785714286 0.025297619047619048
1 0.07416744831243667 0.3452000661375661 0.029282924107142855 0.021577380952380952
0 0.5022879464285714 0.4537946428571429 0.8856026785714286 0.046875
1 0.07338619831243667 0.41152943121693125 0.027720424107142858 0.021577380952380952
0 0.5022879464285714 0.5482142857142858 0.8856026785714286 0.06398809523809523
1 0.06978686795529382 0.4778587962962963 0.020521763392857145 0.021577380952380952
0 0.5022879464285714 0.6322916666666667 0.8856026785714286 0.10684523809523809
1 0.06978686795529382 0.5441881613756614 0.020521763392857145 0.021577380952380952
0 0.5022879464285714 0.6986607142857143 0.8856026785714286 0.1005952380952381
1 0.06980081884815097 0.6105175264550264 0.02054966517857143 0.021577380952380952
0 0.5022879464285714 0.7558035714285715 0.8856026785714286 0.0818452380952381
1 0.06979384340172239 0.6768468915343916 0.020535714285714286 0.021577380952380952
0 0.5022879464285714 0.7885416666666667 0.8856026785714286 0.059226190476190474
1 0.06978686795529382 0.7431762566137565 0.020521763392857145 0.021577380952380952
0 0.5022879464285714 0.8522321428571429 0.8856026785714286 0.04494047619047619
1 0.06978686795529382 0.8095056216931217 0.020521763392857145 0.021577380952380952
