0 0.16975446428571428 0.2700892857142857 0.22142857142857142 0.06904761904761905
1 0.06267091990985048 0.18095592403628116 0.007198660714285714 0.021577380952380952
0 0.16975446428571428 0.4086309523809524 0.22142857142857142 0.07797619047619048
1 0.0645961431241362 0.3230902777777778 0.011049107142857144 0.021577380952380952
0 0.16975446428571428 0.5721726190476191 0.22142857142857142 0.04017857142857143
1 0.0665213663384219 0.4652246315192744 0.014899553571428572 0.021577380952380952
0 0.39140625 0.30186011904761906 0.22142857142857142 0.0662202380952381
1 0.2944842439573125 0.18095592403628116 0.027483258928571428 0.021577380952380952
0 0.39140625 0.42142857142857143 0.22142857142857142 0.045535714285714284
1 0.2953840765465982 0.3230902777777778 0.029282924107142855 0.021577380952380952
0 0.39140625 0.5595982142857143 0.22142857142857142 0.054017857142857145
1 0.2946028265465982 0.4652246315192744 0.027720424107142858 0.021577380952380952
0 0.6130580357142857 0.29970238095238094 0.22142857142857142 0.07976190476190476
1 0.5126745211297744 0.18095592403628116 0.020521763392857145 0.021577380952380952
0 0.6130580357142857 0.44382440476190477 0.22142857142857142 0.134375
1 0.5126745211297744 0.3230902777777778 0.020521763392857145 0.021577380952380952
0 0.6130580357142857 0.5617559523809523 0.22142857142857142 0.14583333333333334
1 0.5126884720226316 0.4652246315192744 0.02054966517857143 0.021577380952380952
0 0.8347098214285714 0.2501488095238095 0.22142857142857142 0.14136904761904762
1 0.7343525215165222 0.18095592403628116 0.020535714285714286 0.021577380952380952
0 0.8347098214285714 0.38660714285714287 0.22142857142857142 0.11845238095238095
1 0.7343455460700936 0.3230902777777778 0.020521763392857145 0.021577380952380952
0 0.8347098214285714 0.5392857142857143 0.22142857142857142 0.08839285714285715
1 0.7343455460700936 0.4652246315192744 0.020521763392857145 0.021577380952380952
0 0.49832589285714285 0.6926339285714286 0.8785714285714286 0.08258928571428571
1 0.0645961431241362 0.6073589852607709 0.011049107142857144 0.021577380952380952
