0 0.2806919642857143 0.17790178571428572 0.44285714285714284 0.11592261904761905
1 0.06297304751642037 0.1388420414462081 0.007198660714285714 0.021577380952380952
0 0.2806919642857143 0.3246279761904762 0.44285714285714284 0.121875
1 0.06489827073070609 0.24939098324514994 0.011049107142857144 0.021577380952380952
0 0.2806919642857143 0.4851934523809524 0.44285714285714284 0.12544642857142857
1 0.0668234939449918 0.35993992504409167 0.014899553571428572 0.021577380952380952
0 0.2806919642857143 0.5842261904761905 0.44285714285714284 0.0880952380952381
1 0.07311534662356323 0.47048886684303354 0.027483258928571428 0.021577380952380952
0 0.2806919642857143 0.6249255952380952 0.44285714285714284 0.10074404761904762
1 0.07401517921284895 0.5810378086419753 0.029282924107142855 0.021577380952380952
0 0.2806919642857143 0.7954613095238096 0.44285714285714284 0.10491071428571429
1 0.07323392921284894 0.6915867504409172 0.027720424107142858 0.021577380952380987
0 0.7237723214285714 0.265625 0.44285714285714284 0.1244047619047619
1 0.5126861414223348 0.1388420414462081 0.020521763392857145 0.021577380952380952
0 0.7237723214285714 0.3494047619047619 0.44285714285714284 0.1886904761904762
1 0.5126861414223348 0.24939098324514994 0.020521763392857145 0.021577380952380952
0 0.7237723214285714 0.45907738095238093 0.44285714285714284 0.19553571428571428
1 0.512700092315192 0.35993992504409167 0.02054966517857143 0.021577380952380952
0 0.7237723214285714 0.5853422619047619 0.44285714285714284 0.209375
1 0.5126931168687634 0.47048886684303354 0.020535714285714286 0.021577380952380952
0 0.7237723214285714 0.6031994047619048 0.44285714285714284 0.2799107142857143
1 0.5126861414223348 0.5810378086419753 0.020521763392857145 0.021577380952380952
0 0.7237723214285714 0.7225446428571428 0.44285714285714284 0.17366071428571428
1 0.5126861414223348 0.6915867504409172 0.020521763392857145 0.021577380952380987
