0 0.2806919642857143 0.21793154761904762 0.44285714285714284 0.06383928571428571
1 0.06297304751642037 0.1388420414462081 0.007198660714285714 0.021577380952380952
0 0.2806919642857143 0.3269345238095238 0.44285714285714284 0.1
1 0.06489827073070609 0.24939098324514994 0.011049107142857144 0.021577380952380952
0 0.2806919642857143 0.45029761904761906 0.44285714285714284 0.08988095238095238
1 0.0668234939449918 0.35993992504409167 0.014899553571428572 0.021577380952380952
0 0.2806919642857143 0.5539434523809523 0.44285714285714284 0.07217261904761904
1 0.07311534662356323 0.47048886684303354 0.027483258928571428 0.021577380952380952
0 0.2806919642857143 0.656547619047619 0.44285714285714284 0.06636904761904762
1 0.07401517921284895 0.5810378086419753 0.029282924107142855 0.021577380952380952
0 0.2806919642857143 0.7750744047619048 0.44285714285714284 0.09389880952380952
1 0.07323392921284894 0.6915867504409172 0.027720424107142858 0.021577380952380987
0 0.7237723214285714 0.2415922619047619 0.44285714285714284 0.16413690476190476
1 0.5126861414223348 0.1388420414462081 0.020521763392857145 0.021577380952380952
0 0.7237723214285714 0.38125 0.44285714285714284 0.37857142857142856
1 0.5126861414223348 0.24939098324514994 0.020521763392857145 0.021577380952380952
0 0.7237723214285714 0.5394345238095238 0.44285714285714284 0.48482142857142857
1 0.512700092315192 0.35993992504409167 0.02054966517857143 0.021577380952380952
0 0.7237723214285714 0.6477678571428571 0.44285714285714284 0.5125
1 0.5126931168687634 0.47048886684303354 0.020535714285714286 0.021577380952380952
0 0.7237723214285714 0.606845238095238 0.44285714285714284 0.29404761904761906
1 0.5126861414223348 0.5810378086419753 0.020521763392857145 0.021577380952380952
0 0.7237723214285714 0.720014880952381 0.44285714285714284 0.28467261904761904
1 0.5126861414223348 0.6915867504409172 0.020521763392857145 0.021577380952380987
