0 0.2806919642857143 0.19516369047619048 0.44285714285714284 0.090625
1 0.06297304751642037 0.1388420414462081 0.007198660714285714 0.021577380952380952
0 0.2806919642857143 0.32857142857142857 0.44285714285714284 0.0800595238095238
1 0.06489827073070609 0.24939098324514994 0.011049107142857144 0.021577380952380952
0 0.2806919642857143 0.46644345238095236 0.44285714285714284 0.08139880952380953
1 0.0668234939449918 0.35993992504409167 0.014899553571428572 0.021577380952380952
0 0.2806919642857143 0.5709821428571429 0.44285714285714284 0.07678571428571429
1 0.07311534662356323 0.47048886684303354 0.027483258928571428 0.021577380952380952
0 0.2806919642857143 0.6404761904761904 0.44285714285714284 0.07767857142857143
1 0.07401517921284895 0.5810378086419753 0.029282924107142855 0.021577380952380952
0 0.2806919642857143 0.7873511904761905 0.44285714285714284 0.06398809523809523
1 0.07323392921284894 0.6915867504409172 0.027720424107142858 0.021577380952380987
0 0.7237723214285714 0.2550595238095238 0.44285714285714284 0.12589285714285714
1 0.5126861414223348 0.1388420414462081 0.020521763392857145 0.021577380952380952
0 0.7237723214285714 0.3335565476190476 0.44285714285714284 0.0956845238095238
1 0.5126861414223348 0.24939098324514994 0.020521763392857145 0.021577380952380952
0 0.7237723214285714 0.44419642857142855 0.44285714285714284 0.09642857142857143
1 0.512700092315192 0.35993992504409167 0.02054966517857143 0.021577380952380952
0 0.7237723214285714 0.5523065476190476 0.44285714285714284 0.07782738095238095
1 0.5126931168687634 0.47048886684303354 0.020535714285714286 0.021577380952380952
0 0.7237723214285714 0.629985119047619 0.44285714285714284 0.10610119047619047
1 0.5126861414223348 0.5810378086419753 0.020521763392857145 0.021577380952380952
0 0.7237723214285714 0.747470238095238 0.44285714285714284 0.08988095238095238
1 0.5126861414223348 0.6915867504409172 0.020521763392857145 0.021577380952380987
