0 0.16975446428571428 0.2773065476190476 0.22142857142857142 0.07455357142857143
1 0.06267091990985048 0.18095592403628116 0.007198660714285714 0.021577380952380952
0 0.16975446428571428 0.4116815476190476 0.22142857142857142 0.0849702380952381
1 0.0645961431241362 0.3230902777777778 0.011049107142857144 0.021577380952380952
0 0.16975446428571428 0.5578869047619047 0.22142857142857142 0.04196428571428571
1 0.0665213663384219 0.4652246315192744 0.014899553571428572 0.021577380952380952
0 0.39140625 0.2953125 0.22142857142857142 0.07544642857142857
1 0.2944842439573125 0.18095592403628116 0.027483258928571428 0.021577380952380952
0 0.39140625 0.42433035714285716 0.22142857142857142 0.04538690476190476
1 0.2953840765465982 0.3230902777777778 0.029282924107142855 0.021577380952380952
0 0.39140625 0.5590029761904762 0.22142857142857142 0.05699404761904762
1 0.2946028265465982 0.4652246315192744 0.027720424107142858 0.021577380952380952
0 0.6130580357142857 0.2748511904761905 0.22142857142857142 0.12589285714285714
1 0.5126745211297744 0.18095592403628116 0.020521763392857145 0.021577380952380952
0 0.6130580357142857 0.4685267857142857 0.22142857142857142 0.1587797619047619
1 0.5126745211297744 0.3230902777777778 0.020521763392857145 0.021577380952380952
0 0.6130580357142857 0.586235119047619 0.22142857142857142 0.1888392857142857
1 0.5126884720226316 0.4652246315192744 0.02054966517857143 0.021577380952380952
0 0.8347098214285714 0.2759672619047619 0.22142857142857142 0.16413690476190476
1 0.7343525215165222 0.18095592403628116 0.020535714285714286 0.021577380952380952
0 0.8347098214285714 0.4115327380952381 0.22142857142857142 0.09836309523809524
1 0.7343455460700936 0.3230902777777778 0.020521763392857145 0.021577380952380952
0 0.8347098214285714 0.5507440476190476 0.22142857142857142 0.0630952380952381
1 0.7343455460700936 0.4652246315192744 0.020521763392857145 0.021577380952380952
0 0.49832589285714285 0.6930059523809524 0.8785714285714286 0.10684523809523809
1 0.0645961431241362 0.6073589852607709 0.011049107142857144 0.021577380952380952
