0 0.2806919642857143 0.16264880952380953 0.44285714285714284 0.1663690476190476
1 0.06297304751642037 0.1388420414462081 0.007198660714285714 0.021577380952380952
0 0.2806919642857143 0.28415178571428573 0.44285714285714284 0.17008928571428572
1 0.06489827073070609 0.24939098324514994 0.011049107142857144 0.021577380952380952
0 0.2806919642857143 0.43058035714285714 0.44285714285714284 0.09657738095238096
1 0.0668234939449918 0.35993992504409167 0.014899553571428572 0.021577380952380952
0 0.2806919642857143 0.6059523809523809 0.44285714285714284 0.15922619047619047
1 0.07311534662356323 0.47048886684303354 0.027483258928571428 0.021577380952380952
0 0.2806919642857143 0.6330357142857143 0.44285714285714284 0.11101190476190476
1 0.07401517921284895 0.5810378086419753 0.029282924107142855 0.021577380952380952
0 0.2806919642857143 0.7494047619047619 0.44285714285714284 0.11190476190476191
1 0.07323392921284894 0.6915867504409172 0.027720424107142858 0.021577380952380987
0 0.7237723214285714 0.3008184523809524 0.44285714285714284 0.253125
1 0.5126861414223348 0.1388420414462081 0.020521763392857145 0.021577380952380952
0 0.7237723214285714 0.4191220238095238 0.44285714285714284 0.2936011904761905
1 0.5126861414223348 0.24939098324514994 0.020521763392857145 0.021577380952380952
0 0.7237723214285714 0.5107886904761905 0.44285714285714284 0.24270833333333333
1 0.512700092315192 0.35993992504409167 0.02054966517857143 0.021577380952380952
0 0.7237723214285714 0.5520833333333334 0.44285714285714284 0.23392857142857143
1 0.5126931168687634 0.47048886684303354 0.020535714285714286 0.021577380952380952
0 0.7237723214285714 0.5769345238095238 0.44285714285714284 0.24285714285714285
1 0.5126861414223348 0.5810378086419753 0.020521763392857145 0.021577380952380952
0 0.7237723214285714 0.6907738095238095 0.44285714285714284 0.22708333333333333
1 0.5126861414223348 0.6915867504409172 0.020521763392857145 0.021577380952380987
