0 0.16975446428571428 0.24263392857142857 0.22142857142857142 0.11770833333333333
1 0.06267091990985048 0.18095592403628116 0.007198660714285714 0.021577380952380952
0 0.16975446428571428 0.3991815476190476 0.22142857142857142 0.08288690476190476
1 0.0645961431241362 0.3230902777777778 0.011049107142857144 0.021577380952380952
0 0.16975446428571428 0.5738095238095238 0.22142857142857142 0.05714285714285714
1 0.0665213663384219 0.4652246315192744 0.014899553571428572 0.021577380952380952
0 0.39140625 0.3209077380952381 0.22142857142857142 0.09538690476190476
1 0.2944842439573125 0.18095592403628116 0.027483258928571428 0.021577380952380952
0 0.39140625 0.4029017857142857 0.22142857142857142 0.08735119047619047
1 0.2953840765465982 0.3230902777777778 0.029282924107142855 0.021577380952380952
0 0.39140625 0.5636904761904762 0.22142857142857142 0.04375
1 0.2946028265465982 0.4652246315192744 0.027720424107142858 0.021577380952380952
0 0.6130580357142857 0.31882440476190477 0.22142857142857142 0.1212797619047619
1 0.5126745211297744 0.18095592403628116 0.020521763392857145 0.021577380952380952
0 0.6130580357142857 0.4607886904761905 0.22142857142857142 0.17425595238095237
1 0.5126745211297744 0.3230902777777778 0.020521763392857145 0.021577380952380952
0 0.6130580357142857 0.5742559523809524 0.22142857142857142 0.11369047619047619
1 0.5126884720226316 0.4652246315192744 0.02054966517857143 0.021577380952380952
0 0.8347098214285714 0.2798363095238095 0.22142857142857142 0.0974702380952381
1 0.7343525215165222 0.18095592403628116 0.020535714285714286 0.021577380952380952
0 0.8347098214285714 0.38660714285714287 0.22142857142857142 0.125
1 0.7343455460700936 0.3230902777777778 0.020521763392857145 0.021577380952380952
0 0.8347098214285714 0.5302827380952381 0.22142857142857142 0.10818452380952381
1 0.7343455460700936 0.4652246315192744 0.020521763392857145 0.021577380952380952
0 0.49832589285714285 0.6831101190476191 0.8785714285714286 0.09895833333333333
1 0.0645961431241362 0.6073589852607709 0.011049107142857144 0.021577380952380952
