0 0.2806919642857143 0.19427083333333334 0.44285714285714284 0.07633928571428572
1 0.06297304751642037 0.1388420414462081 0.007198660714285714 0.021577380952380952
0 0.2806919642857143 0.3189732142857143 0.44285714285714284 0.050148809523809526
1 0.06489827073070609 0.24939098324514994 0.011049107142857144 0.021577380952380952
0 0.2806919642857143 0.45930059523809524 0.44285714285714284 0.05431547619047619
1 0.0668234939449918 0.35993992504409167 0.014899553571428572 0.021577380952380952
0 0.2806919642857143 0.5703869047619048 0.44285714285714284 0.05625
1 0.07311534662356323 0.47048886684303354 0.027483258928571428 0.021577380952380952
0 0.2806919642857143 0.6412946428571429 0.44285714285714284 0.06532738095238096
1 0.07401517921284895 0.5810378086419753 0.029282924107142855 0.021577380952380952
0 0.2806919642857143 0.7804315476190476 0.44285714285714284 0.039732142857142855
1 0.07323392921284894 0.6915867504409172 0.027720424107142858 0.021577380952380987
0 0.7237723214285714 0.2470982142857143 0.44285714285714284 0.09032738095238095
1 0.5126861414223348 0.1388420414462081 0.020521763392857145 0.021577380952380952
0 0.7237723214285714 0.37202380952380953 0.44285714285714284 0.13333333333333333
1 0.5126861414223348 0.24939098324514994 0.020521763392857145 0.021577380952380952
0 0.7237723214285714 0.4740327380952381 0.44285714285714284 0.13764880952380953
1 0.512700092315192 0.35993992504409167 0.02054966517857143 0.021577380952380952
0 0.7237723214285714 0.5691220238095238 0.44285714285714284 0.159375
1 0.5126931168687634 0.47048886684303354 0.020535714285714286 0.021577380952380952
0 0.7237723214285714 0.6072172619047619 0.44285714285714284 0.18735119047619048
1 0.5126861414223348 0.5810378086419753 0.020521763392857145 0.021577380952380952
0 0.7237723214285714 0.7260416666666667 0.44285714285714284 0.13898809523809524
1 0.5126861414223348 0.6915867504409172 0.020521763392857145 0.021577380952380987
