0 0.5022879464285714 0.11629464285714286 0.8856026785714286 0.058779761904761904
1 0.0631253166160081 0.07988260582010584 0.007198660714285714 0.021577380952380952
0 0.5022879464285714 0.1802827380952381 0.8856026785714286 0.07336309523809524
1 0.06505053983029382 0.1462119708994709 0.011049107142857144 0.021577380952380952
0 0.5022879464285714 0.25952380952380955 0.8856026785714286 0.04017857142857143
1 0.06697576304457953 0.21254133597883595 0.014899553571428572 0.021577380952380952
0 0.5022879464285714 0.3490327380952381 0.8856026785714286 0.06205357142857143
1 0.07326761572315096 0.27887070105820105 0.027483258928571428 0.021577380952380952
0 0.5022879464285714 0.3907738095238095 0.8856026785714286 0.041666666666666664
1 0.07416744831243667 0.3452000661375661 0.029282924107142855 0.021577380952380952
0 0.5022879464285714 0.4530505952380952 0.8856026785714286 0.05431547619047619
1 0.07338619831243667 0.41152943121693125 0.027720424107142858 0.021577380952380952
0 0.5022879464285714 0.5363095238095238 0.8856026785714286 0.09553571428571428
1 0.06978686795529382 0.4778587962962963 0.020521763392857145 0.021577380952380952
0 0.5022879464285714 0.5827380952380953 0.8856026785714286 0.12351190476190477
1 0.06978686795529382 0.5441881613756614 0.020521763392857145 0.021577380952380952
0 0.5022879464285714 0.6308779761904761 0.8856026785714286 0.13407738095238095
1 0.06980081884815097 0.6105175264550264 0.02054966517857143 0.021577380952380952
0 0.5022879464285714 0.6919642857142857 0.8856026785714286 0.13720238095238096
1 0.06979384340172239 0.6768468915343916 0.020535714285714286 0.021577380952380952
0 0.5022879464285714 0.7691964285714286 0.8856026785714286 0.09136904761904761
1 0.06978686795529382 0.7431762566137565 0.020521763392857145 0.021577380952380952
0 0.5022879464285714 0.8426339285714286 0.8856026785714286 0.06830357142857142
1 0.06978686795529382 0.8095056216931217 0.020521763392857145 0.021577380952380952
