0 0.16975446428571428 0.28072916666666664 0.22142857142857142 0.060267857142857144
1 0.06267091990985048 0.18095592403628116 0.007198660714285714 0.021577380952380952
0 0.16975446428571428 0.3734375 0.22142857142857142 0.12961309523809525
1 0.0645961431241362 0.3230902777777778 0.011049107142857144 0.021577380952380952
0 0.16975446428571428 0.5104166666666666 0.22142857142857142 0.15
1 0.0665213663384219 0.4652246315192744 0.014899553571428572 0.021577380952380952
0 0.39140625 0.3127232142857143 0.22142857142857142 0.07217261904761904
1 0.2944842439573125 0.18095592403628116 0.027483258928571428 0.021577380952380952
0 0.39140625 0.45677083333333335 0.22142857142857142 0.09806547619047619
1 0.2953840765465982 0.3230902777777778 0.029282924107142855 0.021577380952380952
0 0.39140625 0.5146577380952381 0.22142857142857142 0.13467261904761904
1 0.2946028265465982 0.4652246315192744 0.027720424107142858 0.021577380952380952
0 0.6130580357142857 0.3098958333333333 0.22142857142857142 0.07455357142857143
1 0.5126745211297744 0.18095592403628116 0.020521763392857145 0.021577380952380952
0 0.6130580357142857 0.4709077380952381 0.22142857142857142 0.16354166666666667
1 0.5126745211297744 0.3230902777777778 0.020521763392857145 0.021577380952380952
0 0.6130580357142857 0.5864583333333333 0.22142857142857142 0.10267857142857142
1 0.5126884720226316 0.4652246315192744 0.02054966517857143 0.021577380952380952
0 0.8347098214285714 0.2758184523809524 0.22142857142857142 0.05967261904761905
1 0.7343525215165222 0.18095592403628116 0.020535714285714286 0.021577380952380952
0 0.8347098214285714 0.3482142857142857 0.22142857142857142 0.18928571428571428
1 0.7343455460700936 0.3230902777777778 0.020521763392857145 0.021577380952380952
0 0.8347098214285714 0.5154761904761904 0.22142857142857142 0.15833333333333333
1 0.7343455460700936 0.4652246315192744 0.020521763392857145 0.021577380952380952
0 0.49832589285714285 0.6626488095238096 0.8785714285714286 0.13958333333333334
1 0.0645961431241362 0.6073589852607709 0.011049107142857144 0.021577380952380952
