0 0.2806919642857143 0.20438988095238095 0.44285714285714284 0.07723214285714286
1 0.06297304751642037 0.1388420414462081 0.007198660714285714 0.021577380952380952
0 0.2806919642857143 0.3151785714285714 0.44285714285714284 0.0681547619047619
1 0.06489827073070609 0.24939098324514994 0.011049107142857144 0.021577380952380952
0 0.2806919642857143 0.4414434523809524 0.44285714285714284 0.029910714285714287
1 0.0668234939449918 0.35993992504409167 0.014899553571428572 0.021577380952380952
0 0.2806919642857143 0.5698660714285714 0.44285714285714284 0.07038690476190476
1 0.07311534662356323 0.47048886684303354 0.027483258928571428 0.021577380952380952
0 0.2806919642857143 0.6543154761904761 0.44285714285714284 0.05
1 0.07401517921284895 0.5810378086419753 0.029282924107142855 0.021577380952380952
0 0.2806919642857143 0.7671875 0.44285714285714284 0.04181547619047619
1 0.07323392921284894 0.6915867504409172 0.027720424107142858 0.021577380952380987
0 0.7237723214285714 0.2490327380952381 0.44285714285714284 0.08883928571428572
1 0.5126861414223348 0.1388420414462081 0.020521763392857145 0.021577380952380952
0 0.7237723214285714 0.365625 0.44285714285714284 0.11666666666666667
1 0.5126861414223348 0.24939098324514994 0.020521763392857145 0.021577380952380952
0 0.7237723214285714 0.45982142857142855 0.44285714285714284 0.12380952380952381
1 0.512700092315192 0.35993992504409167 0.02054966517857143 0.021577380952380952
0 0.7237723214285714 0.525 0.44285714285714284 0.16398809523809524
1 0.5126931168687634 0.47048886684303354 0.020535714285714286 0.021577380952380952
0 0.7237723214285714 0.6046130952380953 0.44285714285714284 0.2017857142857143
1 0.5126861414223348 0.5810378086419753 0.020521763392857145 0.021577380952380952
0 0.7237723214285714 0.7253720238095238 0.44285714285714284 0.15252976190476192
1 0.5126861414223348 0.6915867504409172 0.020521763392857145 0.021577380952380987
