0 0.5022879464285714 0.11458333333333333 0.8856026785714286 0.06577380952380953
1 0.0631253166160081 0.07988260582010584 0.007198660714285714 0.021577380952380952
0 0.5022879464285714 0.19694940476190476 0.8856026785714286 0.053125
1 0.06505053983029382 0.1462119708994709 0.011049107142857144 0.021577380952380952
0 0.5022879464285714 0.28229166666666666 0.8856026785714286 0.05892857142857143
1 0.06697576304457953 0.21254133597883595 0.014899553571428572 0.021577380952380952
0 0.5022879464285714 0.3430803571428571 0.8856026785714286 0.051041666666666666
1 0.07326761572315096 0.27887070105820105 0.027483258928571428 0.021577380952380952
0 0.5022879464285714 0.3816220238095238 0.8856026785714286 0.05699404761904762
1 0.07416744831243667 0.3452000661375661 0.029282924107142855 0.021577380952380952
0 0.5022879464285714 0.4759672619047619 0.8856026785714286 0.04568452380952381
1 0.07338619831243667 0.41152943121693125 0.027720424107142858 0.021577380952380952
0 0.5022879464285714 0.5540922619047619 0.8856026785714286 0.07485119047619047
1 0.06978686795529382 0.4778587962962963 0.020521763392857145 0.021577380952380952
0 0.5022879464285714 0.6074404761904761 0.8856026785714286 0.06964285714285715
1 0.06978686795529382 0.5441881613756614 0.020521763392857145 0.021577380952380952
0 0.5022879464285714 0.6723958333333333 0.8856026785714286 0.06889880952380953
1 0.06980081884815097 0.6105175264550264 0.02054966517857143 0.021577380952380952
0 0.5022879464285714 0.7314732142857143 0.8856026785714286 0.05967261904761905
1 0.06979384340172239 0.6768468915343916 0.020535714285714286 0.021577380952380952
0 0.5022879464285714 0.7895833333333333 0.8856026785714286 0.05386904761904762
1 0.06978686795529382 0.7431762566137565 0.020521763392857145 0.021577380952380952
0 0.5022879464285714 0.8534226190476191 0.8856026785714286 0.04523809523809524
1 0.06978686795529382 0.8095056216931217 0.020521763392857145 0.021577380952380952
