0 0.16975446428571428 0.24293154761904762 0.22142857142857142 0.1144345238095238
1 0.06267091990985048 0.18095592403628116 0.007198660714285714 0.021577380952380952
0 0.16975446428571428 0.38705357142857144 0.22142857142857142 0.10148809523809524
1 0.0645961431241362 0.3230902777777778 0.011049107142857144 0.021577380952380952
0 0.16975446428571428 0.5556547619047619 0.22142857142857142 0.05505952380952381
1 0.0665213663384219 0.4652246315192744 0.014899553571428572 0.021577380952380952
0 0.39140625 0.3248511904761905 0.22142857142857142 0.10714285714285714
1 0.2944842439573125 0.18095592403628116 0.027483258928571428 0.021577380952380952
0 0.39140625 0.4116815476190476 0.22142857142857142 0.07991071428571428
1 0.2953840765465982 0.3230902777777778 0.029282924107142855 0.021577380952380952
0 0.39140625 0.5507440476190476 0.22142857142857142 0.05119047619047619
1 0.2946028265465982 0.4652246315192744 0.027720424107142858 0.021577380952380952
0 0.6130580357142857 0.32983630952380955 0.22142857142857142 0.14092261904761905
1 0.5126745211297744 0.18095592403628116 0.020521763392857145 0.021577380952380952
0 0.6130580357142857 0.4610119047619048 0.22142857142857142 0.19404761904761905
1 0.5126745211297744 0.3230902777777778 0.020521763392857145 0.021577380952380952
0 0.6130580357142857 0.5892113095238095 0.22142857142857142 0.1712797619047619
1 0.5126884720226316 0.4652246315192744 0.02054966517857143 0.021577380952380952
0 0.8347098214285714 0.2578125 0.22142857142857142 0.19151785714285716
1 0.7343525215165222 0.18095592403628116 0.020535714285714286 0.021577380952380952
0 0.8347098214285714 0.3522321428571429 0.22142857142857142 0.19017857142857142
1 0.7343455460700936 0.3230902777777778 0.020521763392857145 0.021577380952380952
0 0.8347098214285714 0.5027529761904762 0.22142857142857142 0.1617559523809524
1 0.7343455460700936 0.4652246315192744 0.020521763392857145 0.021577380952380952
0 0.49832589285714285 0.6738839285714285 0.8785714285714286 0.10818452380952381
1 0.0645961431241362 0.6073589852607709 0.011049107142857144 0.021577380952380952
