0 0.2806919642857143 0.19375 0.44285714285714284 0.10654761904761904
1 0.06297304751642037 0.1388420414462081 0.007198660714285714 0.021577380952380952
0 0.2806919642857143 0.3743303571428571 0.44285714285714284 0.17098214285714286
1 0.06489827073070609 0.24939098324514994 0.011049107142857144 0.021577380952380952
0 0.2806919642857143 0.5162202380952381 0.44285714285714284 0.2598214285714286
1 0.0668234939449918 0.35993992504409167 0.014899553571428572 0.021577380952380952
0 0.2806919642857143 0.5500744047619047 0.44285714285714284 0.04985119047619048
1 0.07311534662356323 0.47048886684303354 0.027483258928571428 0.021577380952380952
0 0.2806919642857143 0.6131696428571428 0.44285714285714284 0.1819940476190476
1 0.07401517921284895 0.5810378086419753 0.029282924107142855 0.021577380952380952
0 0.2806919642857143 0.8321428571428572 0.44285714285714284 0.21517857142857144
1 0.07323392921284894 0.6915867504409172 0.027720424107142858 0.021577380952380987
0 0.7237723214285714 0.25052083333333336 0.44285714285714284 0.10014880952380953
1 0.5126861414223348 0.1388420414462081 0.020521763392857145 0.021577380952380952
0 0.7237723214285714 0.38973214285714286 0.44285714285714284 0.2294642857142857
1 0.5126861414223348 0.24939098324514994 0.020521763392857145 0.021577380952380952
0 0.7237723214285714 0.5078125 0.44285714285714284 0.24330357142857142
1 0.512700092315192 0.35993992504409167 0.02054966517857143 0.021577380952380952
0 0.7237723214285714 0.6048363095238095 0.44285714285714284 0.23794642857142856
1 0.5126931168687634 0.47048886684303354 0.020535714285714286 0.021577380952380952
0 0.7237723214285714 0.6866071428571429 0.44285714285714284 0.18303571428571427
1 0.5126861414223348 0.5810378086419753 0.020521763392857145 0.021577380952380952
0 0.7237723214285714 0.7899553571428571 0.44285714285714284 0.1825892857142857
1 0.5126861414223348 0.6915867504409172 0.020521763392857145 0.021577380952380987
