0 0.5022879464285714 0.1177827380952381 0.8856026785714286 0.05044642857142857
1 0.0631253166160081 0.07988260582010584 0.007198660714285714 0.021577380952380952
0 0.5022879464285714 0.19992559523809525 0.8856026785714286 0.04151785714285714
1 0.06505053983029382 0.1462119708994709 0.011049107142857144 0.021577380952380952
0 0.5022879464285714 0.28809523809523807 0.8856026785714286 0.0630952380952381
1 0.06697576304457953 0.21254133597883595 0.014899553571428572 0.021577380952380952
0 0.5022879464285714 0.33764880952380955 0.8856026785714286 0.02857142857142857
1 0.07326761572315096 0.27887070105820105 0.027483258928571428 0.021577380952380952
0 0.5022879464285714 0.3788690476190476 0.8856026785714286 0.055357142857142855
1 0.07416744831243667 0.3452000661375661 0.029282924107142855 0.021577380952380952
0 0.5022879464285714 0.4767857142857143 0.8856026785714286 0.05029761904761905
1 0.07338619831243667 0.41152943121693125 0.027720424107142858 0.021577380952380952
0 0.5022879464285714 0.5512648809523809 0.8856026785714286 0.10639880952380952
1 0.06978686795529382 0.4778587962962963 0.020521763392857145 0.021577380952380952
0 0.5022879464285714 0.6357142857142857 0.8856026785714286 0.13601190476190475
1 0.06978686795529382 0.5441881613756614 0.020521763392857145 0.021577380952380952
0 0.5022879464285714 0.6869791666666667 0.8856026785714286 0.09122023809523809
1 0.06980081884815097 0.6105175264550264 0.02054966517857143 0.021577380952380952
0 0.5022879464285714 0.7470238095238095 0.8856026785714286 0.07589285714285714
1 0.06979384340172239 0.6768468915343916 0.020535714285714286 0.021577380952380952
0 0.5022879464285714 0.7726190476190476 0.8856026785714286 0.07172619047619047
1 0.06978686795529382 0.7431762566137565 0.020521763392857145 0.021577380952380952
0 0.5022879464285714 0.8482142857142857 0.8856026785714286 0.06220238095238095
1 0.06978686795529382 0.8095056216931217 0.020521763392857145 0.021577380952380952
