0 0.16975446428571428 0.295610119047619 0.22142857142857142 0.08348214285714285
1 0.06267091990985048 0.18095592403628116 0.007198660714285714 0.021577380952380952
0 0.16975446428571428 0.41495535714285714 0.22142857142857142 0.0900297619047619
1 0.0645961431241362 0.3230902777777778 0.011049107142857144 0.021577380952380952
0 0.16975446428571428 0.5586309523809524 0.22142857142857142 0.056845238095238095
1 0.0665213663384219 0.4652246315192744 0.014899553571428572 0.021577380952380952
0 0.39140625 0.28430059523809526 0.22142857142857142 0.0787202380952381
1 0.2944842439573125 0.18095592403628116 0.027483258928571428 0.021577380952380952
0 0.39140625 0.4375744047619048 0.22142857142857142 0.06770833333333333
1 0.2953840765465982 0.3230902777777778 0.029282924107142855 0.021577380952380952
0 0.39140625 0.5552827380952381 0.22142857142857142 0.065625
1 0.2946028265465982 0.4652246315192744 0.027720424107142858 0.021577380952380952
0 0.6130580357142857 0.27455357142857145 0.22142857142857142 0.10803571428571429
1 0.5126745211297744 0.18095592403628116 0.020521763392857145 0.021577380952380952
0 0.6130580357142857 0.43154761904761907 0.22142857142857142 0.10089285714285715
1 0.5126745211297744 0.3230902777777778 0.020521763392857145 0.021577380952380952
0 0.6130580357142857 0.5744791666666667 0.22142857142857142 0.15699404761904762
1 0.5126884720226316 0.4652246315192744 0.02054966517857143 0.021577380952380952
0 0.8347098214285714 0.29136904761904764 0.22142857142857142 0.16577380952380952
1 0.7343525215165222 0.18095592403628116 0.020535714285714286 0.021577380952380952
0 0.8347098214285714 0.4317708333333333 0.22142857142857142 0.11473214285714285
1 0.7343455460700936 0.3230902777777778 0.020521763392857145 0.021577380952380952
0 0.8347098214285714 0.575297619047619 0.22142857142857142 0.09255952380952381
1 0.7343455460700936 0.4652246315192744 0.020521763392857145 0.021577380952380952
0 0.49832589285714285 0.7016369047619048 0.8785714285714286 0.09464285714285714
1 0.0645961431241362 0.6073589852607709 0.011049107142857144 0.021577380952380952
