0 0.16975446428571428 0.2638392857142857 0.22142857142857142 0.06696428571428571
1 0.06267091990985048 0.18095592403628116 0.007198660714285714 0.021577380952380952
0 0.16975446428571428 0.4082589285714286 0.22142857142857142 0.11324404761904762
1 0.0645961431241362 0.3230902777777778 0.011049107142857144 0.021577380952380952
0 0.16975446428571428 0.573139880952381 0.22142857142857142 0.05580357142857143
1 0.0665213663384219 0.4652246315192744 0.014899553571428572 0.021577380952380952
0 0.39140625 0.30431547619047616 0.22142857142857142 0.0880952380952381
1 0.2944842439573125 0.18095592403628116 0.027483258928571428 0.021577380952380952
0 0.39140625 0.4211309523809524 0.22142857142857142 0.033928571428571426
1 0.2953840765465982 0.3230902777777778 0.029282924107142855 0.021577380952380952
0 0.39140625 0.5619047619047619 0.22142857142857142 0.08452380952380953
1 0.2946028265465982 0.4652246315192744 0.027720424107142858 0.021577380952380952
0 0.6130580357142857 0.3079613095238095 0.22142857142857142 0.09330357142857143
1 0.5126745211297744 0.18095592403628116 0.020521763392857145 0.021577380952380952
0 0.6130580357142857 0.42001488095238093 0.22142857142857142 0.0974702380952381
1 0.5126745211297744 0.3230902777777778 0.020521763392857145 0.021577380952380952
0 0.6130580357142857 0.6038690476190476 0.22142857142857142 0.17767857142857144
1 0.5126884720226316 0.4652246315192744 0.02054966517857143 0.021577380952380952
0 0.8347098214285714 0.26086309523809526 0.22142857142857142 0.23511904761904762
1 0.7343525215165222 0.18095592403628116 0.020535714285714286 0.021577380952380952
0 0.8347098214285714 0.37805059523809526 0.22142857142857142 0.22038690476190476
1 0.7343455460700936 0.3230902777777778 0.020521763392857145 0.021577380952380952
0 0.8347098214285714 0.523735119047619 0.22142857142857142 0.153125
1 0.7343455460700936 0.4652246315192744 0.020521763392857145 0.021577380952380952
0 0.49832589285714285 0.690029761904762 0.8785714285714286 0.1181547619047619
1 0.0645961431241362 0.6073589852607709 0.011049107142857144 0.021577380952380952
