0 0.2806919642857143 0.20967261904761905 0.44285714285714284 0.07261904761904762
1 0.06297304751642037 0.1388420414462081 0.007198660714285714 0.021577380952380952
0 0.2806919642857143 0.3273065476190476 0.44285714285714284 0.04330357142857143
1 0.06489827073070609 0.24939098324514994 0.011049107142857144 0.021577380952380952
0 0.2806919642857143 0.4492559523809524 0.44285714285714284 0.05714285714285714
1 0.0668234939449918 0.35993992504409167 0.014899553571428572 0.021577380952380952
0 0.2806919642857143 0.5583333333333333 0.44285714285714284 0.05029761904761905
1 0.07311534662356323 0.47048886684303354 0.027483258928571428 0.021577380952380952
0 0.2806919642857143 0.6519345238095238 0.44285714285714284 0.060714285714285714
1 0.07401517921284895 0.5810378086419753 0.029282924107142855 0.021577380952380952
0 0.2806919642857143 0.7689732142857143 0.44285714285714284 0.03556547619047619
1 0.07323392921284894 0.6915867504409172 0.027720424107142858 0.021577380952380987
0 0.7237723214285714 0.2610863095238095 0.44285714285714284 0.15997023809523808
1 0.5126861414223348 0.1388420414462081 0.020521763392857145 0.021577380952380952
0 0.7237723214285714 0.3826636904761905 0.44285714285714284 0.25104166666666666
1 0.5126861414223348 0.24939098324514994 0.020521763392857145 0.021577380952380952
0 0.7237723214285714 0.46763392857142855 0.44285714285714284 0.13556547619047618
1 0.512700092315192 0.35993992504409167 0.02054966517857143 0.021577380952380952
0 0.7237723214285714 0.5696428571428571 0.44285714285714284 0.10446428571428572
1 0.5126931168687634 0.47048886684303354 0.020535714285714286 0.021577380952380952
0 0.7237723214285714 0.6746279761904762 0.44285714285714284 0.06235119047619048
1 0.5126861414223348 0.5810378086419753 0.020521763392857145 0.021577380952380952
0 0.7237723214285714 0.7688988095238095 0.44285714285714284 0.0380952380952381
1 0.5126861414223348 0.6915867504409172 0.020521763392857145 0.021577380952380987
