0 0.16975446428571428 0.23794642857142856 0.22142857142857142 0.11279761904761905
1 0.06267091990985048 0.18095592403628116 0.007198660714285714 0.021577380952380952
0 0.16975446428571428 0.42418154761904764 0.22142857142857142 0.06056547619047619
1 0.0645961431241362 0.3230902777777778 0.011049107142857144 0.021577380952380952
0 0.16975446428571428 0.618452380952381 0.22142857142857142 0.1431547619047619
1 0.0665213663384219 0.4652246315192744 0.014899553571428572 0.021577380952380952
0 0.39140625 0.30751488095238094 0.22142857142857142 0.06770833333333333
1 0.2944842439573125 0.18095592403628116 0.027483258928571428 0.021577380952380952
0 0.39140625 0.3776041666666667 0.22142857142857142 0.1269345238095238
1 0.2953840765465982 0.3230902777777778 0.029282924107142855 0.021577380952380952
0 0.39140625 0.5947916666666667 0.22142857142857142 0.09017857142857143
1 0.2946028265465982 0.4652246315192744 0.027720424107142858 0.021577380952380952
0 0.6130580357142857 0.32395833333333335 0.22142857142857142 0.28660714285714284
1 0.5126745211297744 0.18095592403628116 0.020521763392857145 0.021577380952380952
0 0.6130580357142857 0.46532738095238096 0.22142857142857142 0.2431547619047619
1 0.5126745211297744 0.3230902777777778 0.020521763392857145 0.021577380952380952
0 0.6130580357142857 0.6183779761904762 0.22142857142857142 0.20818452380952382
1 0.5126884720226316 0.4652246315192744 0.02054966517857143 0.021577380952380952
0 0.8347098214285714 0.2889136904761905 0.22142857142857142 0.07366071428571429
1 0.7343525215165222 0.18095592403628116 0.020535714285714286 0.021577380952380952
0 0.8347098214285714 0.384077380952381 0.22142857142857142 0.08452380952380953
1 0.7343455460700936 0.3230902777777778 0.020521763392857145 0.021577380952380952
0 0.8347098214285714 0.6516369047619047 0.22142857142857142 0.49702380952380953
1 0.7343455460700936 0.4652246315192744 0.020521763392857145 0.021577380952380952
0 0.49832589285714285 0.7085565476190476 0.8785714285714286 0.06860119047619048
1 0.0645961431241362 0.6073589852607709 0.011049107142857144 0.021577380952380952
