0 0.2806919642857143 0.17916666666666667 0.44285714285714284 0.10238095238095238
1 0.06297304751642037 0.1388420414462081 0.007198660714285714 0.021577380952380952
0 0.2806919642857143 0.2948660714285714 0.44285714285714284 0.09508928571428571
1 0.06489827073070609 0.24939098324514994 0.011049107142857144 0.021577380952380952
0 0.2806919642857143 0.4366815476190476 0.44285714285714284 0.0337797619047619
1 0.0668234939449918 0.35993992504409167 0.014899553571428572 0.021577380952380952
0 0.2806919642857143 0.5921130952380952 0.44285714285714284 0.09761904761904762
1 0.07311534662356323 0.47048886684303354 0.027483258928571428 0.021577380952380952
0 0.2806919642857143 0.6418154761904762 0.44285714285714284 0.06160714285714286
1 0.07401517921284895 0.5810378086419753 0.029282924107142855 0.021577380952380952
0 0.2806919642857143 0.7574404761904762 0.44285714285714284 0.04880952380952381
1 0.07323392921284894 0.6915867504409172 0.027720424107142858 0.021577380952380987
0 0.7237723214285714 0.2668154761904762 0.44285714285714284 0.1288690476190476
1 0.5126861414223348 0.1388420414462081 0.020521763392857145 0.021577380952380952
0 0.7237723214285714 0.334375 0.44285714285714284 0.12916666666666668
1 0.5126861414223348 0.24939098324514994 0.020521763392857145 0.021577380952380952
0 0.7237723214285714 0.3985863095238095 0.44285714285714284 0.13883928571428572
1 0.512700092315192 0.35993992504409167 0.02054966517857143 0.021577380952380952
0 0.7237723214285714 0.4921130952380952 0.44285714285714284 0.1523809523809524
1 0.5126931168687634 0.47048886684303354 0.020535714285714286 0.021577380952380952
0 0.7237723214285714 0.609077380952381 0.44285714285714284 0.15625
1 0.5126861414223348 0.5810378086419753 0.020521763392857145 0.021577380952380952
0 0.7237723214285714 0.737202380952381 0.44285714285714284 0.10505952380952381
1 0.5126861414223348 0.6915867504409172 0.020521763392857145 0.021577380952380987
