0 0.16975446428571428 0.266889880952381 0.22142857142857142 0.09330357142857143
1 0.06267091990985048 0.18095592403628116 0.007198660714285714 0.021577380952380952
0 0.16975446428571428 0.4246279761904762 0.22142857142857142 0.08735119047619047
1 0.0645961431241362 0.3230902777777778 0.011049107142857144 0.021577380952380952
0 0.16975446428571428 0.5773809523809523 0.22142857142857142 0.05
1 0.0665213663384219 0.4652246315192744 0.014899553571428572 0.021577380952380952
0 0.39140625 0.29211309523809526 0.22142857142857142 0.08601190476190476
1 0.2944842439573125 0.18095592403628116 0.027483258928571428 0.021577380952380952
0 0.39140625 0.4133184523809524 0.22142857142857142 0.065625
1 0.2953840765465982 0.3230902777777778 0.029282924107142855 0.021577380952380952
0 0.39140625 0.5709821428571429 0.22142857142857142 0.052976190476190475
1 0.2946028265465982 0.4652246315192744 0.027720424107142858 0.021577380952380952
0 0.6130580357142857 0.2683779761904762 0.22142857142857142 0.12276785714285714
1 0.5126745211297744 0.18095592403628116 0.020521763392857145 0.021577380952380952
0 0.6130580357142857 0.40595238095238095 0.22142857142857142 0.0675595238095238
1 0.5126745211297744 0.3230902777777778 0.020521763392857145 0.021577380952380952
0 0.6130580357142857 0.5327380952380952 0.22142857142857142 0.12291666666666666
1 0.5126884720226316 0.4652246315192744 0.02054966517857143 0.021577380952380952
0 0.8347098214285714 0.2396577380952381 0.22142857142857142 0.16681547619047618
1 0.7343525215165222 0.18095592403628116 0.020535714285714286 0.021577380952380952
0 0.8347098214285714 0.37462797619047616 0.22142857142857142 0.18020833333333333
1 0.7343455460700936 0.3230902777777778 0.020521763392857145 0.021577380952380952
0 0.8347098214285714 0.5258928571428572 0.22142857142857142 0.15208333333333332
1 0.7343455460700936 0.4652246315192744 0.020521763392857145 0.021577380952380952
0 0.49832589285714285 0.7076636904761905 0.8785714285714286 0.08973214285714286
1 0.0645961431241362 0.6073589852607709 0.011049107142857144 0.021577380952380952
