0 0.2806919642857143 0.20870535714285715 0.44285714285714284 0.07098214285714285
1 0.06297304751642037 0.1388420414462081 0.007198660714285714 0.021577380952380952
0 0.2806919642857143 0.31398809523809523 0.44285714285714284 0.0630952380952381
1 0.06489827073070609 0.24939098324514994 0.011049107142857144 0.021577380952380952
0 0.2806919642857143 0.43601190476190477 0.44285714285714284 0.04523809523809524
1 0.0668234939449918 0.35993992504409167 0.014899553571428572 0.021577380952380952
0 0.2806919642857143 0.5671130952380953 0.44285714285714284 0.06369047619047619
1 0.07311534662356323 0.47048886684303354 0.027483258928571428 0.021577380952380952
0 0.2806919642857143 0.6595238095238095 0.44285714285714284 0.055357142857142855
1 0.07401517921284895 0.5810378086419753 0.029282924107142855 0.021577380952380952
0 0.2806919642857143 0.7640625 0.44285714285714284 0.04211309523809524
1 0.07323392921284894 0.6915867504409172 0.027720424107142858 0.021577380952380987
0 0.7237723214285714 0.24226190476190476 0.44285714285714284 0.07261904761904762
1 0.5126861414223348 0.1388420414462081 0.020521763392857145 0.021577380952380952
0 0.7237723214285714 0.34680059523809526 0.44285714285714284 0.1519345238095238
1 0.5126861414223348 0.24939098324514994 0.020521763392857145 0.021577380952380952
0 0.7237723214285714 0.4302827380952381 0.44285714285714284 0.13705357142857144
1 0.512700092315192 0.35993992504409167 0.02054966517857143 0.021577380952380952
0 0.7237723214285714 0.5404017857142858 0.44285714285714284 0.10044642857142858
1 0.5126931168687634 0.47048886684303354 0.020535714285714286 0.021577380952380952
0 0.7237723214285714 0.6436011904761905 0.44285714285714284 0.07380952380952381
1 0.5126861414223348 0.5810378086419753 0.020521763392857145 0.021577380952380952
0 0.7237723214285714 0.7547619047619047 0.44285714285714284 0.05119047619047619
1 0.5126861414223348 0.6915867504409172 0.020521763392857145 0.021577380952380987
