0 0.2806919642857143 0.2097470238095238 0.44285714285714284 0.06741071428571428
1 0.06297304751642037 0.1388420414462081 0.007198660714285714 0.021577380952380952
0 0.2806919642857143 0.3287946428571429 0.44285714285714284 0.04538690476190476
1 0.06489827073070609 0.24939098324514994 0.011049107142857144 0.021577380952380952
0 0.2806919642857143 0.4480654761904762 0.44285714285714284 0.04494047619047619
1 0.0668234939449918 0.35993992504409167 0.014899553571428572 0.021577380952380952
0 0.2806919642857143 0.5603422619047619 0.44285714285714284 0.05163690476190476
1 0.07311534662356323 0.47048886684303354 0.027483258928571428 0.021577380952380952
0 0.2806919642857143 0.6552083333333333 0.44285714285714284 0.05416666666666667
1 0.07401517921284895 0.5810378086419753 0.029282924107142855 0.021577380952380952
0 0.2806919642857143 0.778422619047619 0.44285714285714284 0.030952380952380953
1 0.07323392921284894 0.6915867504409172 0.027720424107142858 0.021577380952380987
0 0.7237723214285714 0.2054315476190476 0.44285714285714284 0.06889880952380953
1 0.5126861414223348 0.1388420414462081 0.020521763392857145 0.021577380952380952
0 0.7237723214285714 0.31785714285714284 0.44285714285714284 0.11755952380952381
1 0.5126861414223348 0.24939098324514994 0.020521763392857145 0.021577380952380952
0 0.7237723214285714 0.41651785714285716 0.44285714285714284 0.17113095238095238
1 0.512700092315192 0.35993992504409167 0.02054966517857143 0.021577380952380952
0 0.7237723214285714 0.528422619047619 0.44285714285714284 0.15119047619047618
1 0.5126931168687634 0.47048886684303354 0.020535714285714286 0.021577380952380952
0 0.7237723214285714 0.6384672619047619 0.44285714285714284 0.11979166666666667
1 0.5126861414223348 0.5810378086419753 0.020521763392857145 0.021577380952380952
0 0.7237723214285714 0.7524553571428572 0.44285714285714284 0.07931547619047619
1 0.5126861414223348 0.6915867504409172 0.020521763392857145 0.021577380952380987
