0 0.16975446428571428 0.2460565476190476 0.22142857142857142 0.16145833333333334
1 0.06267091990985048 0.18095592403628116 0.007198660714285714 0.021577380952380952
0 0.16975446428571428 0.37983630952380953 0.22142857142857142 0.15163690476190475
1 0.0645961431241362 0.3230902777777778 0.011049107142857144 0.021577380952380952
0 0.16975446428571428 0.5583333333333333 0.22142857142857142 0.06607142857142857
1 0.0665213663384219 0.4652246315192744 0.014899553571428572 0.021577380952380952
0 0.39140625 0.32388392857142856 0.22142857142857142 0.1513392857142857
1 0.2944842439573125 0.18095592403628116 0.027483258928571428 0.021577380952380952
0 0.39140625 0.40736607142857145 0.22142857142857142 0.09627976190476191
1 0.2953840765465982 0.3230902777777778 0.029282924107142855 0.021577380952380952
0 0.39140625 0.536235119047619 0.22142857142857142 0.09776785714285714
1 0.2946028265465982 0.4652246315192744 0.027720424107142858 0.021577380952380952
0 0.6130580357142857 0.3417410714285714 0.22142857142857142 0.20342261904761905
1 0.5126745211297744 0.18095592403628116 0.020521763392857145 0.021577380952380952
0 0.6130580357142857 0.4877232142857143 0.22142857142857142 0.22247023809523808
1 0.5126745211297744 0.3230902777777778 0.020521763392857145 0.021577380952380952
0 0.6130580357142857 0.6572172619047619 0.22142857142857142 0.33556547619047616
1 0.5126884720226316 0.4652246315192744 0.02054966517857143 0.021577380952380952
0 0.8347098214285714 0.3578125 0.22142857142857142 0.32127976190476193
1 0.7343525215165222 0.18095592403628116 0.020535714285714286 0.021577380952380952
0 0.8347098214285714 0.23608630952380952 0.22142857142857142 0.6153273809523809
1 0.7343455460700936 0.3230902777777778 0.020521763392857145 0.021577380952380952
0 0.8347098214285714 0.4069196428571429 0.22142857142857142 0.5346726190476191
1 0.7343455460700936 0.4652246315192744 0.020521763392857145 0.021577380952380952
0 0.49832589285714285 0.6635416666666667 0.8785714285714286 0.15476190476190477
1 0.0645961431241362 0.6073589852607709 0.011049107142857144 0.021577380952380952
