0 0.2806919642857143 0.2128720238095238 0.44285714285714284 0.03616071428571429
1 0.06297304751642037 0.1388420414462081 0.007198660714285714 0.021577380952380952
0 0.2806919642857143 0.29464285714285715 0.44285714285714284 0.10773809523809524
1 0.06489827073070609 0.24939098324514994 0.011049107142857144 0.021577380952380952
0 0.2806919642857143 0.4134672619047619 0.44285714285714284 0.0849702380952381
1 0.0668234939449918 0.35993992504409167 0.014899553571428572 0.021577380952380952
0 0.2806919642857143 0.5759672619047619 0.44285714285714284 0.06979166666666667
1 0.07311534662356323 0.47048886684303354 0.027483258928571428 0.021577380952380952
0 0.2806919642857143 0.6735119047619048 0.44285714285714284 0.03660714285714286
1 0.07401517921284895 0.5810378086419753 0.029282924107142855 0.021577380952380952
0 0.2806919642857143 0.7413690476190476 0.44285714285714284 0.09523809523809523
1 0.07323392921284894 0.6915867504409172 0.027720424107142858 0.021577380952380987
0 0.7237723214285714 0.25952380952380955 0.44285714285714284 0.10863095238095238
1 0.5126861414223348 0.1388420414462081 0.020521763392857145 0.021577380952380952
0 0.7237723214285714 0.38444940476190476 0.44285714285714284 0.15014880952380952
1 0.5126861414223348 0.24939098324514994 0.020521763392857145 0.021577380952380952
0 0.7237723214285714 0.47879464285714285 0.44285714285714284 0.12008928571428572
1 0.512700092315192 0.35993992504409167 0.02054966517857143 0.021577380952380952
0 0.7237723214285714 0.5161458333333333 0.44285714285714284 0.12782738095238094
1 0.5126931168687634 0.47048886684303354 0.020535714285714286 0.021577380952380952
0 0.7237723214285714 0.6001488095238096 0.44285714285714284 0.16130952380952382
1 0.5126861414223348 0.5810378086419753 0.020521763392857145 0.021577380952380952
0 0.7237723214285714 0.7336309523809523 0.44285714285714284 0.11160714285714286
1 0.5126861414223348 0.6915867504409172 0.020521763392857145 0.021577380952380987
