0 0.16975446428571428 0.2683035714285714 0.22142857142857142 0.13988095238095238
1 0.06267091990985048 0.18095592403628116 0.007198660714285714 0.021577380952380952
0 0.16975446428571428 0.39211309523809523 0.22142857142857142 0.11785714285714285
1 0.0645961431241362 0.3230902777777778 0.011049107142857144 0.021577380952380952
0 0.16975446428571428 0.5513392857142857 0.22142857142857142 0.09255952380952381
1 0.0665213663384219 0.4652246315192744 0.014899553571428572 0.021577380952380952
0 0.39140625 0.3136904761904762 0.22142857142857142 0.11011904761904762
1 0.2944842439573125 0.18095592403628116 0.027483258928571428 0.021577380952380952
0 0.39140625 0.42931547619047616 0.22142857142857142 0.11160714285714286
1 0.2953840765465982 0.3230902777777778 0.029282924107142855 0.021577380952380952
0 0.39140625 0.5514136904761905 0.22142857142857142 0.078125
1 0.2946028265465982 0.4652246315192744 0.027720424107142858 0.021577380952380952
0 0.6130580357142857 0.30625 0.22142857142857142 0.11011904761904762
1 0.5126745211297744 0.18095592403628116 0.020521763392857145 0.021577380952380952
0 0.6130580357142857 0.47276785714285713 0.22142857142857142 0.2130952380952381
1 0.5126745211297744 0.3230902777777778 0.020521763392857145 0.021577380952380952
0 0.6130580357142857 0.5894345238095238 0.22142857142857142 0.16428571428571428
1 0.5126884720226316 0.4652246315192744 0.02054966517857143 0.021577380952380952
0 0.8347098214285714 0.2591517857142857 0.22142857142857142 0.18288690476190475
1 0.7343525215165222 0.18095592403628116 0.020535714285714286 0.021577380952380952
0 0.8347098214285714 0.36941964285714285 0.22142857142857142 0.17366071428571428
1 0.7343455460700936 0.3230902777777778 0.020521763392857145 0.021577380952380952
0 0.8347098214285714 0.5175595238095239 0.22142857142857142 0.1494047619047619
1 0.7343455460700936 0.4652246315192744 0.020521763392857145 0.021577380952380952
0 0.49832589285714285 0.6711309523809523 0.8785714285714286 0.13035714285714287
1 0.0645961431241362 0.6073589852607709 0.011049107142857144 0.021577380952380952
