0 0.5022879464285714 0.13273809523809524 0.8856026785714286 0.04880952380952381
1 0.0631253166160081 0.07988260582010584 0.007198660714285714 0.021577380952380952
0 0.5022879464285714 0.20379464285714285 0.8856026785714286 0.03824404761904762
1 0.06505053983029382 0.1462119708994709 0.011049107142857144 0.021577380952380952
0 0.5022879464285714 0.2714285714285714 0.8856026785714286 0.03154761904761905
1 0.06697576304457953 0.21254133597883595 0.014899553571428572 0.021577380952380952
0 0.5022879464285714 0.3289434523809524 0.8856026785714286 0.04151785714285714
1 0.07326761572315096 0.27887070105820105 0.027483258928571428 0.021577380952380952
0 0.5022879464285714 0.39464285714285713 0.8856026785714286 0.03601190476190476
1 0.07416744831243667 0.3452000661375661 0.029282924107142855 0.021577380952380952
0 0.5022879464285714 0.4674107142857143 0.8856026785714286 0.025595238095238095
1 0.07338619831243667 0.41152943121693125 0.027720424107142858 0.021577380952380952
0 0.5022879464285714 0.5119791666666667 0.8856026785714286 0.09449404761904762
1 0.06978686795529382 0.4778587962962963 0.020521763392857145 0.021577380952380952
0 0.5022879464285714 0.583110119047619 0.8856026785714286 0.11681547619047619
1 0.06978686795529382 0.5441881613756614 0.020521763392857145 0.021577380952380952
0 0.5022879464285714 0.6674851190476191 0.8856026785714286 0.07693452380952381
1 0.06980081884815097 0.6105175264550264 0.02054966517857143 0.021577380952380952
0 0.5022879464285714 0.7407738095238096 0.8856026785714286 0.044642857142857144
1 0.06979384340172239 0.6768468915343916 0.020535714285714286 0.021577380952380952
0 0.5022879464285714 0.8016369047619047 0.8856026785714286 0.03898809523809524
1 0.06978686795529382 0.7431762566137565 0.020521763392857145 0.021577380952380952
0 0.5022879464285714 0.8511160714285714 0.8856026785714286 0.06145833333333333
1 0.06978686795529382 0.8095056216931217 0.020521763392857145 0.021577380952380952
