0 0.2806919642857143 0.20461309523809523 0.44285714285714284 0.05505952380952381
1 0.06297304751642037 0.1388420414462081 0.007198660714285714 0.021577380952380952
0 0.2806919642857143 0.30580357142857145 0.44285714285714284 0.08363095238095238
1 0.06489827073070609 0.24939098324514994 0.011049107142857144 0.021577380952380952
0 0.2806919642857143 0.4263392857142857 0.44285714285714284 0.051488095238095236
1 0.0668234939449918 0.35993992504409167 0.014899553571428572 0.021577380952380952
0 0.2806919642857143 0.5735863095238095 0.44285714285714284 0.06860119047619048
1 0.07311534662356323 0.47048886684303354 0.027483258928571428 0.021577380952380952
0 0.2806919642857143 0.6622767857142857 0.44285714285714284 0.021577380952380952
1 0.07401517921284895 0.5810378086419753 0.029282924107142855 0.021577380952380952
0 0.2806919642857143 0.7529017857142857 0.44285714285714284 0.06711309523809524
1 0.07323392921284894 0.6915867504409172 0.027720424107142858 0.021577380952380987
0 0.7237723214285714 0.26078869047619047 0.44285714285714284 0.11830357142857142
1 0.5126861414223348 0.1388420414462081 0.020521763392857145 0.021577380952380952
0 0.7237723214285714 0.34337797619047616 0.44285714285714284 0.13139880952380953
1 0.5126861414223348 0.24939098324514994 0.020521763392857145 0.021577380952380952
0 0.7237723214285714 0.4476934523809524 0.44285714285714284 0.20163690476190477
1 0.512700092315192 0.35993992504409167 0.02054966517857143 0.021577380952380952
0 0.7237723214285714 0.5141369047619048 0.44285714285714284 0.11398809523809524
1 0.5126931168687634 0.47048886684303354 0.020535714285714286 0.021577380952380952
0 0.7237723214285714 0.6195684523809524 0.44285714285714284 0.11889880952380952
1 0.5126861414223348 0.5810378086419753 0.020521763392857145 0.021577380952380952
0 0.7237723214285714 0.7402529761904761 0.44285714285714284 0.11175595238095239
1 0.5126861414223348 0.6915867504409172 0.020521763392857145 0.021577380952380987
