0 0.16975446428571428 0.2369047619047619 0.22142857142857142 0.13898809523809524
1 0.06267091990985048 0.18095592403628116 0.007198660714285714 0.021577380952380952
0 0.16975446428571428 0.40438988095238093 0.22142857142857142 0.07544642857142857
1 0.0645961431241362 0.3230902777777778 0.011049107142857144 0.021577380952380952
0 0.16975446428571428 0.5924107142857142 0.22142857142857142 0.07083333333333333
1 0.0665213663384219 0.4652246315192744 0.014899553571428572 0.021577380952380952
0 0.39140625 0.31875 0.22142857142857142 0.10714285714285714
1 0.2944842439573125 0.18095592403628116 0.027483258928571428 0.021577380952380952
0 0.39140625 0.3899553571428571 0.22142857142857142 0.10342261904761904
1 0.2953840765465982 0.3230902777777778 0.029282924107142855 0.021577380952380952
0 0.39140625 0.5686755952380952 0.22142857142857142 0.04627976190476191
1 0.2946028265465982 0.4652246315192744 0.027720424107142858 0.021577380952380952
0 0.6130580357142857 0.30952380952380953 0.22142857142857142 0.11190476190476191
1 0.5126745211297744 0.18095592403628116 0.020521763392857145 0.021577380952380952
0 0.6130580357142857 0.5349702380952381 0.22142857142857142 0.45625
1 0.5126745211297744 0.3230902777777778 0.020521763392857145 0.021577380952380952
0 0.6130580357142857 0.5798363095238095 0.22142857142857142 0.41711309523809526
1 0.5126884720226316 0.4652246315192744 0.02054966517857143 0.021577380952380952
0 0.8347098214285714 0.3181547619047619 0.22142857142857142 0.18333333333333332
1 0.7343525215165222 0.18095592403628116 0.020535714285714286 0.021577380952380952
0 0.8347098214285714 0.37202380952380953 0.22142857142857142 0.13898809523809524
1 0.7343455460700936 0.3230902777777778 0.020521763392857145 0.021577380952380952
0 0.8347098214285714 0.4148809523809524 0.22142857142857142 0.20714285714285716
1 0.7343455460700936 0.4652246315192744 0.020521763392857145 0.021577380952380952
0 0.49832589285714285 0.6895833333333333 0.8785714285714286 0.07738095238095238
1 0.0645961431241362 0.6073589852607709 0.011049107142857144 0.021577380952380952
