0 0.2806919642857143 0.1962797619047619 0.44285714285714284 0.08392857142857142
1 0.06297304751642037 0.1388420414462081 0.007198660714285714 0.021577380952380952
0 0.2806919642857143 0.3111607142857143 0.44285714285714284 0.08571428571428572
1 0.06489827073070609 0.24939098324514994 0.011049107142857144 0.021577380952380952
0 0.2806919642857143 0.44092261904761904 0.44285714285714284 0.026785714285714284
1 0.0668234939449918 0.35993992504409167 0.014899553571428572 0.021577380952380952
0 0.2806919642857143 0.5749255952380953 0.44285714285714284 0.07961309523809523
1 0.07311534662356323 0.47048886684303354 0.027483258928571428 0.021577380952380952
0 0.2806919642857143 0.6501488095238095 0.44285714285714284 0.05178571428571429
1 0.07401517921284895 0.5810378086419753 0.029282924107142855 0.021577380952380952
0 0.2806919642857143 0.7635416666666667 0.44285714285714284 0.05476190476190476
1 0.07323392921284894 0.6915867504409172 0.027720424107142858 0.021577380952380987
0 0.7237723214285714 0.24241071428571428 0.44285714285714284 0.07946428571428571
1 0.5126861414223348 0.1388420414462081 0.020521763392857145 0.021577380952380952
0 0.7237723214285714 0.3497767857142857 0.44285714285714284 0.08616071428571428
1 0.5126861414223348 0.24939098324514994 0.020521763392857145 0.021577380952380952
0 0.7237723214285714 0.4299107142857143 0.44285714285714284 0.11011904761904762
1 0.512700092315192 0.35993992504409167 0.02054966517857143 0.021577380952380952
0 0.7237723214285714 0.5197172619047619 0.44285714285714284 0.13824404761904763
1 0.5126931168687634 0.47048886684303354 0.020535714285714286 0.021577380952380952
0 0.7237723214285714 0.6258928571428571 0.44285714285714284 0.1595238095238095
1 0.5126861414223348 0.5810378086419753 0.020521763392857145 0.021577380952380952
0 0.7237723214285714 0.7352678571428571 0.44285714285714284 0.1318452380952381
1 0.5126861414223348 0.6915867504409172 0.020521763392857145 0.021577380952380987
