0 0.5022879464285714 0.11488095238095238 0.8856026785714286 0.07470238095238095
1 0.0631253166160081 0.07988260582010584 0.007198660714285714 0.021577380952380952
0 0.5022879464285714 0.19635416666666666 0.8856026785714286 0.045089285714285714
1 0.06505053983029382 0.1462119708994709 0.011049107142857144 0.021577380952380952
0 0.5022879464285714 0.2753720238095238 0.8856026785714286 0.053125
1 0.06697576304457953 0.21254133597883595 0.014899553571428572 0.021577380952380952
0 0.5022879464285714 0.34278273809523807 0.8856026785714286 0.053125
1 0.07326761572315096 0.27887070105820105 0.027483258928571428 0.021577380952380952
0 0.5022879464285714 0.3836309523809524 0.8856026785714286 0.06339285714285714
1 0.07416744831243667 0.3452000661375661 0.029282924107142855 0.021577380952380952
0 0.5022879464285714 0.4686011904761905 0.8856026785714286 0.028273809523809524
1 0.07338619831243667 0.41152943121693125 0.027720424107142858 0.021577380952380952
0 0.5022879464285714 0.5459821428571429 0.8856026785714286 0.055952380952380955
1 0.06978686795529382 0.4778587962962963 0.020521763392857145 0.021577380952380952
0 0.5022879464285714 0.6137648809523809 0.8856026785714286 0.07663690476190477
1 0.06978686795529382 0.5441881613756614 0.020521763392857145 0.021577380952380952
0 0.5022879464285714 0.6860119047619048 0.8856026785714286 0.08928571428571429
1 0.06980081884815097 0.6105175264550264 0.02054966517857143 0.021577380952380952
0 0.5022879464285714 0.7459821428571428 0.8856026785714286 0.11488095238095238
1 0.06979384340172239 0.6768468915343916 0.020535714285714286 0.021577380952380952
0 0.5022879464285714 0.7622023809523809 0.8856026785714286 0.18988095238095237
1 0.06978686795529382 0.7431762566137565 0.020521763392857145 0.021577380952380952
0 0.5022879464285714 0.8344494047619048 0.8856026785714286 0.12336309523809524
1 0.06978686795529382 0.8095056216931217 0.020521763392857145 0.021577380952380952
