0 0.16975446428571428 0.2611607142857143 0.22142857142857142 0.12053571428571429
1 0.06267091990985048 0.18095592403628116 0.007198660714285714 0.021577380952380952
0 0.16975446428571428 0.4133184523809524 0.22142857142857142 0.08943452380952381
1 0.0645961431241362 0.3230902777777778 0.011049107142857144 0.021577380952380952
0 0.16975446428571428 0.5791666666666667 0.22142857142857142 0.059226190476190474
1 0.0665213663384219 0.4652246315192744 0.014899553571428572 0.021577380952380952
0 0.39140625 0.3021577380952381 0.22142857142857142 0.10491071428571429
1 0.2944842439573125 0.18095592403628116 0.027483258928571428 0.021577380952380952
0 0.39140625 0.4084077380952381 0.22142857142857142 0.08050595238095239
1 0.2953840765465982 0.3230902777777778 0.029282924107142855 0.021577380952380952
0 0.39140625 0.5668154761904762 0.22142857142857142 0.03214285714285714
1 0.2946028265465982 0.4652246315192744 0.027720424107142858 0.021577380952380952
0 0.6130580357142857 0.3078869047619048 0.22142857142857142 0.08452380952380953
1 0.5126745211297744 0.18095592403628116 0.020521763392857145 0.021577380952380952
0 0.6130580357142857 0.4386904761904762 0.22142857142857142 0.12232142857142857
1 0.5126745211297744 0.3230902777777778 0.020521763392857145 0.021577380952380952
0 0.6130580357142857 0.5713541666666667 0.22142857142857142 0.11324404761904762
1 0.5126884720226316 0.4652246315192744 0.02054966517857143 0.021577380952380952
0 0.8347098214285714 0.24129464285714286 0.22142857142857142 0.21413690476190475
1 0.7343525215165222 0.18095592403628116 0.020535714285714286 0.021577380952380952
0 0.8347098214285714 0.39114583333333336 0.22142857142857142 0.17544642857142856
1 0.7343455460700936 0.3230902777777778 0.020521763392857145 0.021577380952380952
0 0.8347098214285714 0.544345238095238 0.22142857142857142 0.12410714285714286
1 0.7343455460700936 0.4652246315192744 0.020521763392857145 0.021577380952380952
0 0.49832589285714285 0.7037202380952381 0.8785714285714286 0.10178571428571428
1 0.0645961431241362 0.6073589852607709 0.011049107142857144 0.021577380952380952
