0 0.2806919642857143 0.2008184523809524 0.44285714285714284 0.0831845238095238
1 0.06297304751642037 0.1388420414462081 0.007198660714285714 0.021577380952380952
0 0.2806919642857143 0.30186011904761906 0.44285714285714284 0.09776785714285714
1 0.06489827073070609 0.24939098324514994 0.011049107142857144 0.021577380952380952
0 0.2806919642857143 0.42418154761904764 0.44285714285714284 0.08169642857142857
1 0.0668234939449918 0.35993992504409167 0.014899553571428572 0.021577380952380952
0 0.2806919642857143 0.5788690476190477 0.44285714285714284 0.07857142857142857
1 0.07311534662356323 0.47048886684303354 0.027483258928571428 0.021577380952380952
0 0.2806919642857143 0.6572172619047619 0.44285714285714284 0.06354166666666666
1 0.07401517921284895 0.5810378086419753 0.029282924107142855 0.021577380952380952
0 0.2806919642857143 0.7517113095238095 0.44285714285714284 0.08348214285714285
1 0.07323392921284894 0.6915867504409172 0.027720424107142858 0.021577380952380987
0 0.7237723214285714 0.23839285714285716 0.44285714285714284 0.05119047619047619
1 0.5126861414223348 0.1388420414462081 0.020521763392857145 0.021577380952380952
0 0.7237723214285714 0.3671130952380952 0.44285714285714284 0.1431547619047619
1 0.5126861414223348 0.24939098324514994 0.020521763392857145 0.021577380952380952
0 0.7237723214285714 0.4348214285714286 0.44285714285714284 0.1357142857142857
1 0.512700092315192 0.35993992504409167 0.02054966517857143 0.021577380952380952
0 0.7237723214285714 0.4929315476190476 0.44285714285714284 0.20104166666666667
1 0.5126931168687634 0.47048886684303354 0.020535714285714286 0.021577380952380952
0 0.7237723214285714 0.6057291666666667 0.44285714285714284 0.16949404761904763
1 0.5126861414223348 0.5810378086419753 0.020521763392857145 0.021577380952380952
0 0.7237723214285714 0.7249255952380952 0.44285714285714284 0.16086309523809525
1 0.5126861414223348 0.6915867504409172 0.020521763392857145 0.021577380952380987
