0 0.16975446428571428 0.27291666666666664 0.22142857142857142 0.08303571428571428
1 0.06267091990985048 0.18095592403628116 0.007198660714285714 0.021577380952380952
0 0.16975446428571428 0.43712797619047616 0.22142857142857142 0.12663690476190476
1 0.0645961431241362 0.3230902777777778 0.011049107142857144 0.021577380952380952
0 0.16975446428571428 0.5866815476190477 0.22142857142857142 0.1162202380952381
1 0.0665213663384219 0.4652246315192744 0.014899553571428572 0.021577380952380952
0 0.39140625 0.2858630952380952 0.22142857142857142 0.08779761904761904
1 0.2944842439573125 0.18095592403628116 0.027483258928571428 0.021577380952380952
0 0.39140625 0.41845238095238096 0.22142857142857142 0.08392857142857142
1 0.2953840765465982 0.3230902777777778 0.029282924107142855 0.021577380952380952
0 0.39140625 0.5854166666666667 0.22142857142857142 0.11041666666666666
1 0.2946028265465982 0.4652246315192744 0.027720424107142858 0.021577380952380952
0 0.6130580357142857 0.2988839285714286 0.22142857142857142 0.0837797619047619
1 0.5126745211297744 0.18095592403628116 0.020521763392857145 0.021577380952380952
0 0.6130580357142857 0.4498511904761905 0.22142857142857142 0.13273809523809524
1 0.5126745211297744 0.3230902777777778 0.020521763392857145 0.021577380952380952
0 0.6130580357142857 0.5845238095238096 0.22142857142857142 0.13422619047619047
1 0.5126884720226316 0.4652246315192744 0.02054966517857143 0.021577380952380952
0 0.8347098214285714 0.26398809523809524 0.22142857142857142 0.21904761904761905
1 0.7343525215165222 0.18095592403628116 0.020535714285714286 0.021577380952380952
0 0.8347098214285714 0.3732142857142857 0.22142857142857142 0.2226190476190476
1 0.7343455460700936 0.3230902777777778 0.020521763392857145 0.021577380952380952
0 0.8347098214285714 0.5419642857142857 0.22142857142857142 0.13660714285714284
1 0.7343455460700936 0.4652246315192744 0.020521763392857145 0.021577380952380952
0 0.49832589285714285 0.7191964285714286 0.8785714285714286 0.13095238095238096
1 0.0645961431241362 0.6073589852607709 0.011049107142857144 0.021577380952380952
