0 0.2806919642857143 0.21391369047619047 0.44285714285714284 0.05044642857142857
1 0.06297304751642037 0.1388420414462081 0.007198660714285714 0.021577380952380952
0 0.2806919642857143 0.3181547619047619 0.44285714285714284 0.13035714285714287
1 0.06489827073070609 0.24939098324514994 0.011049107142857144 0.021577380952380952
0 0.2806919642857143 0.4419642857142857 0.44285714285714284 0.10267857142857142
1 0.0668234939449918 0.35993992504409167 0.014899553571428572 0.021577380952380952
0 0.2806919642857143 0.5659226190476191 0.44285714285714284 0.08154761904761905
1 0.07311534662356323 0.47048886684303354 0.027483258928571428 0.021577380952380952
0 0.2806919642857143 0.6581845238095239 0.44285714285714284 0.04285714285714286
1 0.07401517921284895 0.5810378086419753 0.029282924107142855 0.021577380952380952
0 0.2806919642857143 0.766889880952381 0.44285714285714284 0.11651785714285715
1 0.07323392921284894 0.6915867504409172 0.027720424107142858 0.021577380952380987
0 0.7237723214285714 0.2269345238095238 0.44285714285714284 0.08660714285714285
1 0.5126861414223348 0.1388420414462081 0.020521763392857145 0.021577380952380952
0 0.7237723214285714 0.33638392857142857 0.44285714285714284 0.1438988095238095
1 0.5126861414223348 0.24939098324514994 0.020521763392857145 0.021577380952380952
0 0.7237723214285714 0.4179315476190476 0.44285714285714284 0.13288690476190476
1 0.512700092315192 0.35993992504409167 0.02054966517857143 0.021577380952380952
0 0.7237723214285714 0.5220238095238096 0.44285714285714284 0.1193452380952381
1 0.5126931168687634 0.47048886684303354 0.020535714285714286 0.021577380952380952
0 0.7237723214285714 0.6334077380952381 0.44285714285714284 0.10044642857142858
1 0.5126861414223348 0.5810378086419753 0.020521763392857145 0.021577380952380952
0 0.7237723214285714 0.747172619047619 0.44285714285714284 0.08541666666666667
1 0.5126861414223348 0.6915867504409172 0.020521763392857145 0.021577380952380987
