0 0.16975446428571428 0.2759672619047619 0.22142857142857142 0.121875
1 0.06267091990985048 0.18095592403628116 0.007198660714285714 0.021577380952380952
0 0.16975446428571428 0.4003720238095238 0.22142857142857142 0.07485119047619047
1 0.0645961431241362 0.3230902777777778 0.011049107142857144 0.021577380952380952
0 0.16975446428571428 0.5489583333333333 0.22142857142857142 0.10238095238095238
1 0.0665213663384219 0.4652246315192744 0.014899553571428572 0.021577380952380952
0 0.39140625 0.30245535714285715 0.22142857142857142 0.08348214285714285
1 0.2944842439573125 0.18095592403628116 0.027483258928571428 0.021577380952380952
0 0.39140625 0.4299107142857143 0.22142857142857142 0.10803571428571429
1 0.2953840765465982 0.3230902777777778 0.029282924107142855 0.021577380952380952
0 0.39140625 0.5463541666666667 0.22142857142857142 0.07693452380952381
1 0.2946028265465982 0.4652246315192744 0.027720424107142858 0.021577380952380952
0 0.6130580357142857 0.2902529761904762 0.22142857142857142 0.04657738095238095
1 0.5126745211297744 0.18095592403628116 0.020521763392857145 0.021577380952380952
0 0.6130580357142857 0.436235119047619 0.22142857142857142 0.20133928571428572
1 0.5126745211297744 0.3230902777777778 0.020521763392857145 0.021577380952380952
0 0.6130580357142857 0.5547619047619048 0.22142857142857142 0.14910714285714285
1 0.5126884720226316 0.4652246315192744 0.02054966517857143 0.021577380952380952
0 0.8347098214285714 0.2546875 0.22142857142857142 0.16145833333333334
1 0.7343525215165222 0.18095592403628116 0.020535714285714286 0.021577380952380952
0 0.8347098214285714 0.3966517857142857 0.22142857142857142 0.1043154761904762
1 0.7343455460700936 0.3230902777777778 0.020521763392857145 0.021577380952380952
0 0.8347098214285714 0.5583333333333333 0.22142857142857142 0.12410714285714286
1 0.7343455460700936 0.4652246315192744 0.020521763392857145 0.021577380952380952
0 0.49832589285714285 0.6882440476190477 0.8785714285714286 0.08244047619047619
1 0.0645961431241362 0.6073589852607709 0.011049107142857144 0.021577380952380952
