0 0.2806919642857143 0.19382440476190477 0.44285714285714284 0.08586309523809524
1 0.06297304751642037 0.1388420414462081 0.007198660714285714 0.021577380952380952
0 0.2806919642857143 0.3246279761904762 0.44285714285714284 0.04092261904761905
1 0.06489827073070609 0.24939098324514994 0.011049107142857144 0.021577380952380952
0 0.2806919642857143 0.46049107142857143 0.44285714285714284 0.06592261904761905
1 0.0668234939449918 0.35993992504409167 0.014899553571428572 0.021577380952380952
0 0.2806919642857143 0.5700892857142857 0.44285714285714284 0.06190476190476191
1 0.07311534662356323 0.47048886684303354 0.027483258928571428 0.021577380952380952
0 0.2806919642857143 0.640922619047619 0.44285714285714284 0.075
1 0.07401517921284895 0.5810378086419753 0.029282924107142855 0.021577380952380952
0 0.2806919642857143 0.7804315476190476 0.44285714285714284 0.029910714285714287
1 0.07323392921284894 0.6915867504409172 0.027720424107142858 0.021577380952380987
0 0.7237723214285714 0.23214285714285715 0.44285714285714284 0.052976190476190475
1 0.5126861414223348 0.1388420414462081 0.020521763392857145 0.021577380952380952
0 0.7237723214285714 0.3313988095238095 0.44285714285714284 0.08035714285714286
1 0.5126861414223348 0.24939098324514994 0.020521763392857145 0.021577380952380952
0 0.7237723214285714 0.43154761904761907 0.44285714285714284 0.09196428571428572
1 0.512700092315192 0.35993992504409167 0.02054966517857143 0.021577380952380952
0 0.7237723214285714 0.5424107142857143 0.44285714285714284 0.07053571428571428
1 0.5126931168687634 0.47048886684303354 0.020535714285714286 0.021577380952380952
0 0.7237723214285714 0.653125 0.44285714285714284 0.0693452380952381
1 0.5126861414223348 0.5810378086419753 0.020521763392857145 0.021577380952380952
0 0.7237723214285714 0.7625744047619047 0.44285714285714284 0.06264880952380952
1 0.5126861414223348 0.6915867504409172 0.020521763392857145 0.021577380952380987
