0 0.16975446428571428 0.22284226190476192 0.22142857142857142 0.1575892857142857
1 0.06267091990985048 0.18095592403628116 0.007198660714285714 0.021577380952380952
0 0.16975446428571428 0.41316964285714286 0.22142857142857142 0.07901785714285714
1 0.0645961431241362 0.3230902777777778 0.011049107142857144 0.021577380952380952
0 0.16975446428571428 0.6236607142857142 0.22142857142857142 0.14970238095238095
1 0.0665213663384219 0.4652246315192744 0.014899553571428572 0.021577380952380952
0 0.39140625 0.32470238095238096 0.22142857142857142 0.10654761904761904
1 0.2944842439573125 0.18095592403628116 0.027483258928571428 0.021577380952380952
0 0.39140625 0.37254464285714284 0.22142857142857142 0.14479166666666668
1 0.2953840765465982 0.3230902777777778 0.029282924107142855 0.021577380952380952
0 0.39140625 0.5938244047619048 0.22142857142857142 0.08943452380952381
1 0.2946028265465982 0.4652246315192744 0.027720424107142858 0.021577380952380952
0 0.6130580357142857 0.3385416666666667 0.22142857142857142 0.1386904761904762
1 0.5126745211297744 0.18095592403628116 0.020521763392857145 0.021577380952380952
0 0.6130580357142857 0.46912202380952384 0.22142857142857142 0.21354166666666666
1 0.5126745211297744 0.3230902777777778 0.020521763392857145 0.021577380952380952
0 0.6130580357142857 0.6025297619047619 0.22142857142857142 0.19345238095238096
1 0.5126884720226316 0.4652246315192744 0.02054966517857143 0.021577380952380952
0 0.8347098214285714 0.3048363095238095 0.22142857142857142 0.13645833333333332
1 0.7343525215165222 0.18095592403628116 0.020535714285714286 0.021577380952380952
0 0.8347098214285714 0.3691220238095238 0.22142857142857142 0.18913690476190476
1 0.7343455460700936 0.3230902777777778 0.020521763392857145 0.021577380952380952
0 0.8347098214285714 0.5 0.22142857142857142 0.1669642857142857
1 0.7343455460700936 0.4652246315192744 0.020521763392857145 0.021577380952380952
0 0.49832589285714285 0.6962053571428571 0.8785714285714286 0.0956845238095238
1 0.0645961431241362 0.6073589852607709 0.011049107142857144 0.021577380952380952
