0 0.2806919642857143 0.21428571428571427 0.44285714285714284 0.037797619047619045
1 0.06297304751642037 0.1388420414462081 0.007198660714285714 0.021577380952380952
0 0.2806919642857143 0.32916666666666666 0.44285714285714284 0.09255952380952381
1 0.06489827073070609 0.24939098324514994 0.011049107142857144 0.021577380952380952
0 0.2806919642857143 0.4419642857142857 0.44285714285714284 0.07023809523809524
1 0.0668234939449918 0.35993992504409167 0.014899553571428572 0.021577380952380952
0 0.2806919642857143 0.5558779761904762 0.44285714285714284 0.06145833333333333
1 0.07311534662356323 0.47048886684303354 0.027483258928571428 0.021577380952380952
0 0.2806919642857143 0.6610119047619047 0.44285714285714284 0.02976190476190476
1 0.07401517921284895 0.5810378086419753 0.029282924107142855 0.021577380952380952
0 0.2806919642857143 0.7728422619047619 0.44285714285714284 0.08080357142857143
1 0.07323392921284894 0.6915867504409172 0.027720424107142858 0.021577380952380987
0 0.7237723214285714 0.2642857142857143 0.44285714285714284 0.13482142857142856
1 0.5126861414223348 0.1388420414462081 0.020521763392857145 0.021577380952380952
0 0.7237723214285714 0.3869047619047619 0.44285714285714284 0.2431547619047619
1 0.5126861414223348 0.24939098324514994 0.020521763392857145 0.021577380952380952
0 0.7237723214285714 0.4724702380952381 0.44285714285714284 0.20952380952380953
1 0.512700092315192 0.35993992504409167 0.02054966517857143 0.021577380952380952
0 0.7237723214285714 0.5636904761904762 0.44285714285714284 0.18333333333333332
1 0.5126931168687634 0.47048886684303354 0.020535714285714286 0.021577380952380952
0 0.7237723214285714 0.6551339285714286 0.44285714285714284 0.0974702380952381
1 0.5126861414223348 0.5810378086419753 0.020521763392857145 0.021577380952380952
0 0.7237723214285714 0.7604910714285714 0.44285714285714284 0.11413690476190476
1 0.5126861414223348 0.6915867504409172 0.020521763392857145 0.021577380952380987
