0 0.2806919642857143 0.20476190476190476 0.44285714285714284 0.059821428571428574
1 0.06297304751642037 0.1388420414462081 0.007198660714285714 0.021577380952380952
0 0.2806919642857143 0.31979166666666664 0.44285714285714284 0.0800595238095238
1 0.06489827073070609 0.24939098324514994 0.011049107142857144 0.021577380952380952
0 0.2806919642857143 0.4543154761904762 0.44285714285714284 0.06547619047619048
1 0.0668234939449918 0.35993992504409167 0.014899553571428572 0.021577380952380952
0 0.2806919642857143 0.5689732142857142 0.44285714285714284 0.05848214285714286
1 0.07311534662356323 0.47048886684303354 0.027483258928571428 0.021577380952380952
0 0.2806919642857143 0.6506696428571429 0.44285714285714284 0.051041666666666666
1 0.07401517921284895 0.5810378086419753 0.029282924107142855 0.021577380952380952
0 0.2806919642857143 0.7742559523809524 0.44285714285714284 0.06785714285714285
1 0.07323392921284894 0.6915867504409172 0.027720424107142858 0.021577380952380987
0 0.7237723214285714 0.2460565476190476 0.44285714285714284 0.07544642857142857
1 0.5126861414223348 0.1388420414462081 0.020521763392857145 0.021577380952380952
0 0.7237723214285714 0.3625744047619048 0.44285714285714284 0.15669642857142857
1 0.5126861414223348 0.24939098324514994 0.020521763392857145 0.021577380952380952
0 0.7237723214285714 0.444047619047619 0.44285714285714284 0.16130952380952382
1 0.512700092315192 0.35993992504409167 0.02054966517857143 0.021577380952380952
0 0.7237723214285714 0.5003720238095238 0.44285714285714284 0.17276785714285714
1 0.5126931168687634 0.47048886684303354 0.020535714285714286 0.021577380952380952
0 0.7237723214285714 0.6084821428571429 0.44285714285714284 0.16220238095238096
1 0.5126861414223348 0.5810378086419753 0.020521763392857145 0.021577380952380952
0 0.7237723214285714 0.734077380952381 0.44285714285714284 0.0988095238095238
1 0.5126861414223348 0.6915867504409172 0.020521763392857145 0.021577380952380987
