0 0.5022879464285714 0.1203125 0.8856026785714286 0.08020833333333334
1 0.0631253166160081 0.07988260582010584 0.007198660714285714 0.021577380952380952
0 0.5022879464285714 0.20647321428571427 0.8856026785714286 0.07693452380952381
1 0.06505053983029382 0.1462119708994709 0.011049107142857144 0.021577380952380952
0 0.5022879464285714 0.29077380952380955 0.8856026785714286 0.1113095238095238
1 0.06697576304457953 0.21254133597883595 0.014899553571428572 0.021577380952380952
0 0.5022879464285714 0.3339285714285714 0.8856026785714286 0.049107142857142856
1 0.07326761572315096 0.27887070105820105 0.027483258928571428 0.021577380952380952
0 0.5022879464285714 0.3802083333333333 0.8856026785714286 0.09077380952380952
1 0.07416744831243667 0.3452000661375661 0.029282924107142855 0.021577380952380952
0 0.5022879464285714 0.4828125 0.8856026785714286 0.08675595238095238
1 0.07338619831243667 0.41152943121693125 0.027720424107142858 0.021577380952380952
0 0.5022879464285714 0.5424107142857143 0.8856026785714286 0.06279761904761905
1 0.06978686795529382 0.4778587962962963 0.020521763392857145 0.021577380952380952
0 0.5022879464285714 0.6223958333333334 0.8856026785714286 0.1331845238095238
1 0.06978686795529382 0.5441881613756614 0.020521763392857145 0.021577380952380952
0 0.5022879464285714 0.6915178571428572 0.8856026785714286 0.13035714285714287
1 0.06980081884815097 0.6105175264550264 0.02054966517857143 0.021577380952380952
0 0.5022879464285714 0.7391369047619047 0.8856026785714286 0.1282738095238095
1 0.06979384340172239 0.6768468915343916 0.020535714285714286 0.021577380952380952
0 0.5022879464285714 0.7816220238095238 0.8856026785714286 0.1099702380952381
1 0.06978686795529382 0.7431762566137565 0.020521763392857145 0.021577380952380952
0 0.5022879464285714 0.8439732142857143 0.8856026785714286 0.12544642857142857
1 0.06978686795529382 0.8095056216931217 0.020521763392857145 0.021577380952380952
