0 0.16975446428571428 0.26071428571428573 0.22142857142857142 0.09107142857142857
1 0.06267091990985048 0.18095592403628116 0.007198660714285714 0.021577380952380952
0 0.16975446428571428 0.42924107142857143 0.22142857142857142 0.056398809523809525
1 0.0645961431241362 0.3230902777777778 0.011049107142857144 0.021577380952380952
0 0.16975446428571428 0.5820684523809524 0.22142857142857142 0.06889880952380953
1 0.0665213663384219 0.4652246315192744 0.014899553571428572 0.021577380952380952
0 0.39140625 0.2970982142857143 0.22142857142857142 0.0662202380952381
1 0.2944842439573125 0.18095592403628116 0.027483258928571428 0.021577380952380952
0 0.39140625 0.4070684523809524 0.22142857142857142 0.07842261904761905
1 0.2953840765465982 0.3230902777777778 0.029282924107142855 0.021577380952380952
0 0.39140625 0.5742559523809524 0.22142857142857142 0.054464285714285715
1 0.2946028265465982 0.4652246315192744 0.027720424107142858 0.021577380952380952
0 0.6130580357142857 0.30766369047619047 0.22142857142857142 0.07276785714285715
1 0.5126745211297744 0.18095592403628116 0.020521763392857145 0.021577380952380952
0 0.6130580357142857 0.44627976190476193 0.22142857142857142 0.07083333333333333
1 0.5126745211297744 0.3230902777777778 0.020521763392857145 0.021577380952380952
0 0.6130580357142857 0.5685267857142857 0.22142857142857142 0.11770833333333333
1 0.5126884720226316 0.4652246315192744 0.02054966517857143 0.021577380952380952
0 0.8347098214285714 0.2623511904761905 0.22142857142857142 0.12023809523809524
1 0.7343525215165222 0.18095592403628116 0.020535714285714286 0.021577380952380952
0 0.8347098214285714 0.3992559523809524 0.22142857142857142 0.10773809523809524
1 0.7343455460700936 0.3230902777777778 0.020521763392857145 0.021577380952380952
0 0.8347098214285714 0.5584077380952381 0.22142857142857142 0.08526785714285715
1 0.7343455460700936 0.4652246315192744 0.020521763392857145 0.021577380952380952
0 0.49832589285714285 0.7164434523809524 0.8785714285714286 0.06860119047619048
1 0.0645961431241362 0.6073589852607709 0.011049107142857144 0.021577380952380952
