0 0.2806919642857143 0.21116071428571428 0.44285714285714284 0.05773809523809524
1 0.06297304751642037 0.1388420414462081 0.007198660714285714 0.021577380952380952
0 0.2806919642857143 0.3085565476190476 0.44285714285714284 0.13169642857142858
1 0.06489827073070609 0.24939098324514994 0.011049107142857144 0.021577380952380952
0 0.2806919642857143 0.4290178571428571 0.44285714285714284 0.08988095238095238
1 0.0668234939449918 0.35993992504409167 0.014899553571428572 0.021577380952380952
0 0.2806919642857143 0.5705357142857143 0.44285714285714284 0.09196428571428572
1 0.07311534662356323 0.47048886684303354 0.027483258928571428 0.021577380952380952
0 0.2806919642857143 0.6673363095238095 0.44285714285714284 0.03556547619047619
1 0.07401517921284895 0.5810378086419753 0.029282924107142855 0.021577380952380952
0 0.2806919642857143 0.7572172619047619 0.44285714285714284 0.10788690476190477
1 0.07323392921284894 0.6915867504409172 0.027720424107142858 0.021577380952380987
0 0.7237723214285714 0.28177083333333336 0.44285714285714284 0.16889880952380953
1 0.5126861414223348 0.1388420414462081 0.020521763392857145 0.021577380952380952
0 0.7237723214285714 0.32976190476190476 0.44285714285714284 0.1199404761904762
1 0.5126861414223348 0.24939098324514994 0.020521763392857145 0.021577380952380952
0 0.7237723214285714 0.412797619047619 0.44285714285714284 0.14821428571428572
1 0.512700092315192 0.35993992504409167 0.02054966517857143 0.021577380952380952
0 0.7237723214285714 0.5183779761904762 0.44285714285714284 0.14657738095238096
1 0.5126931168687634 0.47048886684303354 0.020535714285714286 0.021577380952380952
0 0.7237723214285714 0.6174107142857143 0.44285714285714284 0.16458333333333333
1 0.5126861414223348 0.5810378086419753 0.020521763392857145 0.021577380952380952
0 0.7237723214285714 0.7023809523809523 0.44285714285714284 0.23452380952380952
1 0.5126861414223348 0.6915867504409172 0.020521763392857145 0.021577380952380987
