0 0.16975446428571428 0.23385416666666667 0.22142857142857142 0.15550595238095238
1 0.06267091990985048 0.18095592403628116 0.007198660714285714 0.021577380952380952
0 0.16975446428571428 0.42410714285714285 0.22142857142857142 0.05654761904761905
1 0.0645961431241362 0.3230902777777778 0.011049107142857144 0.021577380952380952
0 0.16975446428571428 0.615625 0.22142857142857142 0.13720238095238096
1 0.0665213663384219 0.4652246315192744 0.014899553571428572 0.021577380952380952
0 0.39140625 0.3123511904761905 0.22142857142857142 0.09196428571428572
1 0.2944842439573125 0.18095592403628116 0.027483258928571428 0.021577380952380952
0 0.39140625 0.3776041666666667 0.22142857142857142 0.1462797619047619
1 0.2953840765465982 0.3230902777777778 0.029282924107142855 0.021577380952380952
0 0.39140625 0.5904761904761905 0.22142857142857142 0.06517857142857143
1 0.2946028265465982 0.4652246315192744 0.027720424107142858 0.021577380952380952
0 0.6130580357142857 0.3008184523809524 0.22142857142857142 0.0831845238095238
1 0.5126745211297744 0.18095592403628116 0.020521763392857145 0.021577380952380952
0 0.6130580357142857 0.4114583333333333 0.22142857142857142 0.12589285714285714
1 0.5126745211297744 0.3230902777777778 0.020521763392857145 0.021577380952380952
0 0.6130580357142857 0.5625 0.22142857142857142 0.16160714285714287
1 0.5126884720226316 0.4652246315192744 0.02054966517857143 0.021577380952380952
0 0.8347098214285714 0.2674107142857143 0.22142857142857142 0.1392857142857143
1 0.7343525215165222 0.18095592403628116 0.020535714285714286 0.021577380952380952
0 0.8347098214285714 0.3970982142857143 0.22142857142857142 0.15282738095238096
1 0.7343455460700936 0.3230902777777778 0.020521763392857145 0.021577380952380952
0 0.8347098214285714 0.541592261904762 0.22142857142857142 0.12455357142857143
1 0.7343455460700936 0.4652246315192744 0.020521763392857145 0.021577380952380952
0 0.49832589285714285 0.7072172619047619 0.8785714285714286 0.06830357142857142
1 0.0645961431241362 0.6073589852607709 0.011049107142857144 0.021577380952380952
