0 0.16975446428571428 0.23013392857142856 0.22142857142857142 0.14211309523809523
1 0.06267091990985048 0.18095592403628116 0.007198660714285714 0.021577380952380952
0 0.16975446428571428 0.40587797619047616 0.22142857142857142 0.0662202380952381
1 0.0645961431241362 0.3230902777777778 0.011049107142857144 0.021577380952380952
0 0.16975446428571428 0.6098214285714286 0.22142857142857142 0.12648809523809523
1 0.0665213663384219 0.4652246315192744 0.014899553571428572 0.021577380952380952
0 0.39140625 0.31555059523809526 0.22142857142857142 0.0849702380952381
1 0.2944842439573125 0.18095592403628116 0.027483258928571428 0.021577380952380952
0 0.39140625 0.37864583333333335 0.22142857142857142 0.134375
1 0.2953840765465982 0.3230902777777778 0.029282924107142855 0.021577380952380952
0 0.39140625 0.5820684523809524 0.22142857142857142 0.06383928571428571
1 0.2946028265465982 0.4652246315192744 0.027720424107142858 0.021577380952380952
0 0.6130580357142857 0.3438988095238095 0.22142857142857142 0.16726190476190475
1 0.5126745211297744 0.18095592403628116 0.020521763392857145 0.021577380952380952
0 0.6130580357142857 0.42857142857142855 0.22142857142857142 0.08333333333333333
1 0.5126745211297744 0.3230902777777778 0.020521763392857145 0.021577380952380952
0 0.6130580357142857 0.5702380952380952 0.22142857142857142 0.12261904761904761
1 0.5126884720226316 0.4652246315192744 0.02054966517857143 0.021577380952380952
0 0.8347098214285714 0.253125 0.22142857142857142 0.12470238095238095
1 0.7343525215165222 0.18095592403628116 0.020535714285714286 0.021577380952380952
0 0.8347098214285714 0.37388392857142855 0.22142857142857142 0.12366071428571429
1 0.7343455460700936 0.3230902777777778 0.020521763392857145 0.021577380952380952
0 0.8347098214285714 0.5244791666666667 0.22142857142857142 0.140625
1 0.7343455460700936 0.4652246315192744 0.020521763392857145 0.021577380952380952
0 0.49832589285714285 0.6921875 0.8785714285714286 0.07038690476190476
1 0.0645961431241362 0.6073589852607709 0.011049107142857144 0.021577380952380952
