0 0.2806919642857143 0.2078125 0.44285714285714284 0.05610119047619048
1 0.06297304751642037 0.1388420414462081 0.007198660714285714 0.021577380952380952
0 0.2806919642857143 0.30245535714285715 0.44285714285714284 0.09032738095238095
1 0.06489827073070609 0.24939098324514994 0.011049107142857144 0.021577380952380952
0 0.2806919642857143 0.4236607142857143 0.44285714285714284 0.0761904761904762
1 0.0668234939449918 0.35993992504409167 0.014899553571428572 0.021577380952380952
0 0.2806919642857143 0.5741815476190476 0.44285714285714284 0.06741071428571428
1 0.07311534662356323 0.47048886684303354 0.027483258928571428 0.021577380952380952
0 0.2806919642857143 0.6723958333333333 0.44285714285714284 0.04657738095238095
1 0.07401517921284895 0.5810378086419753 0.029282924107142855 0.021577380952380952
0 0.2806919642857143 0.7498511904761904 0.44285714285714284 0.08154761904761905
1 0.07323392921284894 0.6915867504409172 0.027720424107142858 0.021577380952380987
0 0.7237723214285714 0.24821428571428572 0.44285714285714284 0.08065476190476191
1 0.5126861414223348 0.1388420414462081 0.020521763392857145 0.021577380952380952
0 0.7237723214285714 0.3686011904761905 0.44285714285714284 0.13273809523809524
1 0.5126861414223348 0.24939098324514994 0.020521763392857145 0.021577380952380952
0 0.7237723214285714 0.46450892857142856 0.44285714285714284 0.09985119047619048
1 0.512700092315192 0.35993992504409167 0.02054966517857143 0.021577380952380952
0 0.7237723214285714 0.5215773809523809 0.44285714285714284 0.14672619047619048
1 0.5126931168687634 0.47048886684303354 0.020535714285714286 0.021577380952380952
0 0.7237723214285714 0.6181547619047619 0.44285714285714284 0.13422619047619047
1 0.5126861414223348 0.5810378086419753 0.020521763392857145 0.021577380952380952
0 0.7237723214285714 0.7310267857142857 0.44285714285714284 0.1087797619047619
1 0.5126861414223348 0.6915867504409172 0.020521763392857145 0.021577380952380987
