0 0.16975446428571428 0.24136904761904762 0.22142857142857142 0.11845238095238095
1 0.06267091990985048 0.18095592403628116 0.007198660714285714 0.021577380952380952
0 0.16975446428571428 0.39955357142857145 0.22142857142857142 0.0886904761904762
1 0.0645961431241362 0.3230902777777778 0.011049107142857144 0.021577380952380952
0 0.16975446428571428 0.5914434523809524 0.22142857142857142 0.06919642857142858
1 0.0665213663384219 0.4652246315192744 0.014899553571428572 0.021577380952380952
0 0.39140625 0.31800595238095236 0.22142857142857142 0.0994047619047619
1 0.2944842439573125 0.18095592403628116 0.027483258928571428 0.021577380952380952
0 0.39140625 0.39672619047619045 0.22142857142857142 0.08214285714285714
1 0.2953840765465982 0.3230902777777778 0.029282924107142855 0.021577380952380952
0 0.39140625 0.5622767857142857 0.22142857142857142 0.05223214285714286
1 0.2946028265465982 0.4652246315192744 0.027720424107142858 0.021577380952380952
0 0.6130580357142857 0.3410714285714286 0.22142857142857142 0.14732142857142858
1 0.5126745211297744 0.18095592403628116 0.020521763392857145 0.021577380952380952
0 0.6130580357142857 0.43020833333333336 0.22142857142857142 0.08303571428571428
1 0.5126745211297744 0.3230902777777778 0.020521763392857145 0.021577380952380952
0 0.6130580357142857 0.5476190476190477 0.22142857142857142 0.11607142857142858
1 0.5126884720226316 0.4652246315192744 0.02054966517857143 0.021577380952380952
0 0.8347098214285714 0.2140625 0.22142857142857142 0.16473214285714285
1 0.7343525215165222 0.18095592403628116 0.020535714285714286 0.021577380952380952
0 0.8347098214285714 0.3394345238095238 0.22142857142857142 0.18125
1 0.7343455460700936 0.3230902777777778 0.020521763392857145 0.021577380952380952
0 0.8347098214285714 0.4978422619047619 0.22142857142857142 0.16026785714285716
1 0.7343455460700936 0.4652246315192744 0.020521763392857145 0.021577380952380952
0 0.49832589285714285 0.6815476190476191 0.8785714285714286 0.0931547619047619
1 0.0645961431241362 0.6073589852607709 0.011049107142857144 0.021577380952380952
