0 0.5022879464285714 0.11770833333333333 0.8856026785714286 0.04880952380952381
1 0.0631253166160081 0.07988260582010584 0.007198660714285714 0.021577380952380952
0 0.5022879464285714 0.19546130952380952 0.8856026785714286 0.04747023809523809
1 0.06505053983029382 0.1462119708994709 0.011049107142857144 0.021577380952380952
0 0.5022879464285714 0.27232142857142855 0.8856026785714286 0.04791666666666667
1 0.06697576304457953 0.21254133597883595 0.014899553571428572 0.021577380952380952
0 0.5022879464285714 0.34084821428571427 0.8856026785714286 0.040327380952380955
1 0.07326761572315096 0.27887070105820105 0.027483258928571428 0.021577380952380952
0 0.5022879464285714 0.38563988095238094 0.8856026785714286 0.04568452380952381
1 0.07416744831243667 0.3452000661375661 0.029282924107142855 0.021577380952380952
0 0.5022879464285714 0.4660714285714286 0.8856026785714286 0.0375
1 0.07338619831243667 0.41152943121693125 0.027720424107142858 0.021577380952380952
0 0.5022879464285714 0.5446428571428571 0.8856026785714286 0.05
1 0.06978686795529382 0.4778587962962963 0.020521763392857145 0.021577380952380952
0 0.5022879464285714 0.6147321428571428 0.8856026785714286 0.0875
1 0.06978686795529382 0.5441881613756614 0.020521763392857145 0.021577380952380952
0 0.5022879464285714 0.6712053571428571 0.8856026785714286 0.07395833333333333
1 0.06980081884815097 0.6105175264550264 0.02054966517857143 0.021577380952380952
0 0.5022879464285714 0.7248511904761905 0.8856026785714286 0.08571428571428572
1 0.06979384340172239 0.6768468915343916 0.020535714285714286 0.021577380952380952
0 0.5022879464285714 0.7909226190476191 0.8856026785714286 0.05
1 0.06978686795529382 0.7431762566137565 0.020521763392857145 0.021577380952380952
0 0.5022879464285714 0.8527529761904762 0.8856026785714286 0.046875
1 0.06978686795529382 0.8095056216931217 0.020521763392857145 0.021577380952380952
