0 0.16975446428571428 0.24419642857142856 0.22142857142857142 0.12351190476190477
1 0.06267091990985048 0.18095592403628116 0.007198660714285714 0.021577380952380952
0 0.16975446428571428 0.4133928571428571 0.22142857142857142 0.054464285714285715
1 0.0645961431241362 0.3230902777777778 0.011049107142857144 0.021577380952380952
0 0.16975446428571428 0.5939732142857143 0.22142857142857142 0.08348214285714285
1 0.0665213663384219 0.4652246315192744 0.014899553571428572 0.021577380952380952
0 0.39140625 0.311235119047619 0.22142857142857142 0.08764880952380952
1 0.2944842439573125 0.18095592403628116 0.027483258928571428 0.021577380952380952
0 0.39140625 0.39441964285714287 0.22142857142857142 0.10163690476190476
1 0.2953840765465982 0.3230902777777778 0.029282924107142855 0.021577380952380952
0 0.39140625 0.5743303571428572 0.22142857142857142 0.03050595238095238
1 0.2946028265465982 0.4652246315192744 0.027720424107142858 0.021577380952380952
0 0.6130580357142857 0.3029017857142857 0.22142857142857142 0.06830357142857142
1 0.5126745211297744 0.18095592403628116 0.020521763392857145 0.021577380952380952
0 0.6130580357142857 0.3939732142857143 0.22142857142857142 0.10223214285714285
1 0.5126745211297744 0.3230902777777778 0.020521763392857145 0.021577380952380952
0 0.6130580357142857 0.5780505952380952 0.22142857142857142 0.04985119047619048
1 0.5126884720226316 0.4652246315192744 0.02054966517857143 0.021577380952380952
0 0.8347098214285714 0.2683779761904762 0.22142857142857142 0.08735119047619047
1 0.7343525215165222 0.18095592403628116 0.020535714285714286 0.021577380952380952
0 0.8347098214285714 0.4061755952380952 0.22142857142857142 0.0787202380952381
1 0.7343455460700936 0.3230902777777778 0.020521763392857145 0.021577380952380952
0 0.8347098214285714 0.5400297619047619 0.22142857142857142 0.09255952380952381
1 0.7343455460700936 0.4652246315192744 0.020521763392857145 0.021577380952380952
0 0.49832589285714285 0.6959821428571429 0.8785714285714286 0.06041666666666667
1 0.0645961431241362 0.6073589852607709 0.011049107142857144 0.021577380952380952
