0 0.2806919642857143 0.1998511904761905 0.44285714285714284 0.08214285714285714
1 0.06297304751642037 0.1388420414462081 0.007198660714285714 0.021577380952380952
0 0.2806919642857143 0.35126488095238095 0.44285714285714284 0.09479166666666666
1 0.06489827073070609 0.24939098324514994 0.011049107142857144 0.021577380952380952
0 0.2806919642857143 0.48266369047619045 0.44285714285714284 0.15342261904761906
1 0.0668234939449918 0.35993992504409167 0.014899553571428572 0.021577380952380952
0 0.2806919642857143 0.5595238095238095 0.44285714285714284 0.041666666666666664
1 0.07311534662356323 0.47048886684303354 0.027483258928571428 0.021577380952380952
0 0.2806919642857143 0.632514880952381 0.44285714285714284 0.11681547619047619
1 0.07401517921284895 0.5810378086419753 0.029282924107142855 0.021577380952380952
0 0.2806919642857143 0.8046130952380952 0.44285714285714284 0.12023809523809524
1 0.07323392921284894 0.6915867504409172 0.027720424107142858 0.021577380952380987
0 0.7237723214285714 0.22589285714285715 0.44285714285714284 0.0681547619047619
1 0.5126861414223348 0.1388420414462081 0.020521763392857145 0.021577380952380952
0 0.7237723214285714 0.3462797619047619 0.44285714285714284 0.1595238095238095
1 0.5126861414223348 0.24939098324514994 0.020521763392857145 0.021577380952380952
0 0.7237723214285714 0.34561011904761907 0.44285714285714284 0.8867559523809524
1 0.512700092315192 0.35993992504409167 0.02054966517857143 0.021577380952380952
0 0.7237723214285714 0.5466517857142857 0.44285714285714284 0.3495535714285714
1 0.5126931168687634 0.47048886684303354 0.020535714285714286 0.021577380952380952
0 0.7237723214285714 0.618452380952381 0.44285714285714284 0.33690476190476193
1 0.5126861414223348 0.5810378086419753 0.020521763392857145 0.021577380952380952
0 0.7237723214285714 0.6673363095238095 0.44285714285714284 0.540625
1 0.5126861414223348 0.6915867504409172 0.020521763392857145 0.021577380952380987
