0 0.5022879464285714 0.11294642857142857 0.8856026785714286 0.07738095238095238
1 0.0631253166160081 0.07988260582010584 0.007198660714285714 0.021577380952380952
0 0.5022879464285714 0.18779761904761905 0.8856026785714286 0.059821428571428574
1 0.06505053983029382 0.1462119708994709 0.011049107142857144 0.021577380952380952
0 0.5022879464285714 0.2759672619047619 0.8856026785714286 0.08883928571428572
1 0.06697576304457953 0.21254133597883595 0.014899553571428572 0.021577380952380952
0 0.5022879464285714 0.3491815476190476 0.8856026785714286 0.05907738095238095
1 0.07326761572315096 0.27887070105820105 0.027483258928571428 0.021577380952380952
0 0.5022879464285714 0.3875 0.8856026785714286 0.07321428571428572
1 0.07416744831243667 0.3452000661375661 0.029282924107142855 0.021577380952380952
0 0.5022879464285714 0.46979166666666666 0.8856026785714286 0.0625
1 0.07338619831243667 0.41152943121693125 0.027720424107142858 0.021577380952380952
0 0.5022879464285714 0.5519345238095238 0.8856026785714286 0.10357142857142858
1 0.06978686795529382 0.4778587962962963 0.020521763392857145 0.021577380952380952
0 0.5022879464285714 0.625 0.8856026785714286 0.1842261904761905
1 0.06978686795529382 0.5441881613756614 0.020521763392857145 0.021577380952380952
0 0.5022879464285714 0.69375 0.8856026785714286 0.20535714285714285
1 0.06980081884815097 0.6105175264550264 0.02054966517857143 0.021577380952380952
0 0.5022879464285714 0.7495535714285714 0.8856026785714286 0.15416666666666667
1 0.06979384340172239 0.6768468915343916 0.020535714285714286 0.021577380952380952
0 0.5022879464285714 0.778422619047619 0.8856026785714286 0.09136904761904761
1 0.06978686795529382 0.7431762566137565 0.020521763392857145 0.021577380952380952
0 0.5022879464285714 0.8383928571428572 0.8856026785714286 0.06964285714285715
1 0.06978686795529382 0.8095056216931217 0.020521763392857145 0.021577380952380952
