0 0.16975446428571428 0.27038690476190474 0.22142857142857142 0.04851190476190476
1 0.06267091990985048 0.18095592403628116 0.007198660714285714 0.021577380952380952
0 0.16975446428571428 0.4217261904761905 0.22142857142857142 0.04880952380952381
1 0.0645961431241362 0.3230902777777778 0.011049107142857144 0.021577380952380952
0 0.16975446428571428 0.5729910714285714 0.22142857142857142 0.04806547619047619
1 0.0665213663384219 0.4652246315192744 0.014899553571428572 0.021577380952380952
0 0.39140625 0.2936011904761905 0.22142857142857142 0.04136904761904762
1 0.2944842439573125 0.18095592403628116 0.027483258928571428 0.021577380952380952
0 0.39140625 0.4162202380952381 0.22142857142857142 0.04642857142857143
1 0.2953840765465982 0.3230902777777778 0.029282924107142855 0.021577380952380952
0 0.39140625 0.5678571428571428 0.22142857142857142 0.044642857142857144
1 0.2946028265465982 0.4652246315192744 0.027720424107142858 0.021577380952380952
0 0.6130580357142857 0.3040922619047619 0.22142857142857142 0.07276785714285715
1 0.5126745211297744 0.18095592403628116 0.020521763392857145 0.021577380952380952
0 0.6130580357142857 0.4730654761904762 0.22142857142857142 0.17113095238095238
1 0.5126745211297744 0.3230902777777778 0.020521763392857145 0.021577380952380952
0 0.6130580357142857 0.606547619047619 0.22142857142857142 0.2086309523809524
1 0.5126884720226316 0.4652246315192744 0.02054966517857143 0.021577380952380952
0 0.8347098214285714 0.3119047619047619 0.22142857142857142 0.1693452380952381
1 0.7343525215165222 0.18095592403628116 0.020535714285714286 0.021577380952380952
0 0.8347098214285714 0.4210565476190476 0.22142857142857142 0.09330357142857143
1 0.7343455460700936 0.3230902777777778 0.020521763392857145 0.021577380952380952
0 0.8347098214285714 0.5642113095238095 0.22142857142857142 0.045089285714285714
1 0.7343455460700936 0.4652246315192744 0.020521763392857145 0.021577380952380952
0 0.49832589285714285 0.7127232142857143 0.8785714285714286 0.06235119047619048
1 0.0645961431241362 0.6073589852607709 0.011049107142857144 0.021577380952380952
