0 0.2806919642857143 0.19427083333333334 0.44285714285714284 0.096875
1 0.06297304751642037 0.1388420414462081 0.007198660714285714 0.021577380952380952
0 0.2806919642857143 0.3168154761904762 0.44285714285714284 0.08482142857142858
1 0.06489827073070609 0.24939098324514994 0.011049107142857144 0.021577380952380952
0 0.2806919642857143 0.44494047619047616 0.44285714285714284 0.05505952380952381
1 0.0668234939449918 0.35993992504409167 0.014899553571428572 0.021577380952380952
0 0.2806919642857143 0.5739583333333333 0.44285714285714284 0.08958333333333333
1 0.07311534662356323 0.47048886684303354 0.027483258928571428 0.021577380952380952
0 0.2806919642857143 0.645610119047619 0.44285714285714284 0.07008928571428572
1 0.07401517921284895 0.5810378086419753 0.029282924107142855 0.021577380952380952
0 0.2806919642857143 0.7708333333333334 0.44285714285714284 0.0443452380952381
1 0.07323392921284894 0.6915867504409172 0.027720424107142858 0.021577380952380987
0 0.7237723214285714 0.23154761904761906 0.44285714285714284 0.07589285714285714
1 0.5126861414223348 0.1388420414462081 0.020521763392857145 0.021577380952380952
0 0.7237723214285714 0.3677827380952381 0.44285714285714284 0.24776785714285715
1 0.5126861414223348 0.24939098324514994 0.020521763392857145 0.021577380952380952
0 0.7237723214285714 0.4084077380952381 0.44285714285714284 0.21413690476190475
1 0.512700092315192 0.35993992504409167 0.02054966517857143 0.021577380952380952
0 0.7237723214285714 0.5091517857142858 0.44285714285714284 0.1581845238095238
1 0.5126931168687634 0.47048886684303354 0.020535714285714286 0.021577380952380952
0 0.7237723214285714 0.6323660714285714 0.44285714285714284 0.10550595238095238
1 0.5126861414223348 0.5810378086419753 0.020521763392857145 0.021577380952380952
0 0.7237723214285714 0.7526785714285714 0.44285714285714284 0.10386904761904762
1 0.5126861414223348 0.6915867504409172 0.020521763392857145 0.021577380952380987
