0 0.16975446428571428 0.24107142857142858 0.22142857142857142 0.11398809523809524
1 0.06267091990985048 0.18095592403628116 0.007198660714285714 0.021577380952380952
0 0.16975446428571428 0.37745535714285716 0.22142857142857142 0.12247023809523809
1 0.0645961431241362 0.3230902777777778 0.011049107142857144 0.021577380952380952
0 0.16975446428571428 0.5632440476190477 0.22142857142857142 0.03154761904761905
1 0.0665213663384219 0.4652246315192744 0.014899553571428572 0.021577380952380952
0 0.39140625 0.3316220238095238 0.22142857142857142 0.11473214285714285
1 0.2944842439573125 0.18095592403628116 0.027483258928571428 0.021577380952380952
0 0.39140625 0.4069940476190476 0.22142857142857142 0.06517857142857143
1 0.2953840765465982 0.3230902777777778 0.029282924107142855 0.021577380952380952
0 0.39140625 0.5427083333333333 0.22142857142857142 0.07142857142857142
1 0.2946028265465982 0.4652246315192744 0.027720424107142858 0.021577380952380952
0 0.6130580357142857 0.32700892857142855 0.22142857142857142 0.11919642857142858
1 0.5126745211297744 0.18095592403628116 0.020521763392857145 0.021577380952380952
0 0.6130580357142857 0.47373511904761906 0.22142857142857142 0.16413690476190476
1 0.5126745211297744 0.3230902777777778 0.020521763392857145 0.021577380952380952
0 0.6130580357142857 0.5563244047619048 0.22142857142857142 0.19806547619047618
1 0.5126884720226316 0.4652246315192744 0.02054966517857143 0.021577380952380952
0 0.8347098214285714 0.22113095238095237 0.22142857142857142 0.24285714285714285
1 0.7343525215165222 0.18095592403628116 0.020535714285714286 0.021577380952380952
0 0.8347098214285714 0.3634672619047619 0.22142857142857142 0.25491071428571427
1 0.7343455460700936 0.3230902777777778 0.020521763392857145 0.021577380952380952
0 0.8347098214285714 0.502827380952381 0.22142857142857142 0.21071428571428572
1 0.7343455460700936 0.4652246315192744 0.020521763392857145 0.021577380952380952
0 0.49832589285714285 0.6654017857142858 0.8785714285714286 0.1299107142857143
1 0.0645961431241362 0.6073589852607709 0.011049107142857144 0.021577380952380952
