0 0.16975446428571428 0.2617559523809524 0.22142857142857142 0.1306547619047619
1 0.06267091990985048 0.18095592403628116 0.007198660714285714 0.021577380952380952
0 0.16975446428571428 0.4019345238095238 0.22142857142857142 0.08392857142857142
1 0.0645961431241362 0.3230902777777778 0.011049107142857144 0.021577380952380952
0 0.16975446428571428 0.5587797619047619 0.22142857142857142 0.09464285714285714
1 0.0665213663384219 0.4652246315192744 0.014899553571428572 0.021577380952380952
0 0.39140625 0.3109375 0.22142857142857142 0.09360119047619048
1 0.2944842439573125 0.18095592403628116 0.027483258928571428 0.021577380952380952
0 0.39140625 0.4198660714285714 0.22142857142857142 0.11264880952380953
1 0.2953840765465982 0.3230902777777778 0.029282924107142855 0.021577380952380952
0 0.39140625 0.5568452380952381 0.22142857142857142 0.04970238095238095
1 0.2946028265465982 0.4652246315192744 0.027720424107142858 0.021577380952380952
0 0.6130580357142857 0.3046130952380952 0.22142857142857142 0.08630952380952381
1 0.5126745211297744 0.18095592403628116 0.020521763392857145 0.021577380952380952
0 0.6130580357142857 0.4633184523809524 0.22142857142857142 0.19330357142857144
1 0.5126745211297744 0.3230902777777778 0.020521763392857145 0.021577380952380952
0 0.6130580357142857 0.5764136904761905 0.22142857142857142 0.1418154761904762
1 0.5126884720226316 0.4652246315192744 0.02054966517857143 0.021577380952380952
0 0.8347098214285714 0.24657738095238096 0.22142857142857142 0.18928571428571428
1 0.7343525215165222 0.18095592403628116 0.020535714285714286 0.021577380952380952
0 0.8347098214285714 0.3804315476190476 0.22142857142857142 0.15639880952380952
1 0.7343455460700936 0.3230902777777778 0.020521763392857145 0.021577380952380952
0 0.8347098214285714 0.5327380952380952 0.22142857142857142 0.09642857142857143
1 0.7343455460700936 0.4652246315192744 0.020521763392857145 0.021577380952380952
0 0.49832589285714285 0.6854910714285715 0.8785714285714286 0.08973214285714286
1 0.0645961431241362 0.6073589852607709 0.011049107142857144 0.021577380952380952
