0 0.2806919642857143 0.21651785714285715 0.44285714285714284 0.06488095238095239
1 0.06297304751642037 0.1388420414462081 0.007198660714285714 0.021577380952380952
0 0.2806919642857143 0.29382440476190474 0.44285714285714284 0.13526785714285713
1 0.06489827073070609 0.24939098324514994 0.011049107142857144 0.021577380952380952
0 0.2806919642857143 0.4127232142857143 0.44285714285714284 0.0849702380952381
1 0.0668234939449918 0.35993992504409167 0.014899553571428572 0.021577380952380952
0 0.2806919642857143 0.5734375 0.44285714285714284 0.09925595238095238
1 0.07311534662356323 0.47048886684303354 0.027483258928571428 0.021577380952380952
0 0.2806919642857143 0.6712797619047619 0.44285714285714284 0.029464285714285714
1 0.07401517921284895 0.5810378086419753 0.029282924107142855 0.021577380952380952
0 0.2806919642857143 0.7379464285714286 0.44285714285714284 0.1056547619047619
1 0.07323392921284894 0.6915867504409172 0.027720424107142858 0.021577380952380987
0 0.7237723214285714 0.2575892857142857 0.44285714285714284 0.11398809523809524
1 0.5126861414223348 0.1388420414462081 0.020521763392857145 0.021577380952380952
0 0.7237723214285714 0.3644345238095238 0.44285714285714284 0.1288690476190476
1 0.5126861414223348 0.24939098324514994 0.020521763392857145 0.021577380952380952
0 0.7237723214285714 0.4529017857142857 0.44285714285714284 0.071875
1 0.512700092315192 0.35993992504409167 0.02054966517857143 0.021577380952380952
0 0.7237723214285714 0.498735119047619 0.44285714285714284 0.13407738095238095
1 0.5126931168687634 0.47048886684303354 0.020535714285714286 0.021577380952380952
0 0.7237723214285714 0.6173363095238096 0.44285714285714284 0.13110119047619048
1 0.5126861414223348 0.5810378086419753 0.020521763392857145 0.021577380952380952
0 0.7237723214285714 0.7419642857142857 0.44285714285714284 0.10625
1 0.5126861414223348 0.6915867504409172 0.020521763392857145 0.021577380952380987
