0 0.16975446428571428 0.2564732142857143 0.22142857142857142 0.14985119047619047
1 0.06267091990985048 0.18095592403628116 0.007198660714285714 0.021577380952380952
0 0.16975446428571428 0.470014880952381 0.22142857142857142 0.1650297619047619
1 0.0645961431241362 0.3230902777777778 0.011049107142857144 0.021577380952380952
0 0.16975446428571428 0.6361607142857143 0.22142857142857142 0.24375
1 0.0665213663384219 0.4652246315192744 0.014899553571428572 0.021577380952380952
0 0.39140625 0.2613095238095238 0.22142857142857142 0.09345238095238095
1 0.2944842439573125 0.18095592403628116 0.027483258928571428 0.021577380952380952
0 0.39140625 0.3770833333333333 0.22142857142857142 0.17023809523809524
1 0.2953840765465982 0.3230902777777778 0.029282924107142855 0.021577380952380952
0 0.39140625 0.6208333333333333 0.22142857142857142 0.1976190476190476
1 0.2946028265465982 0.4652246315192744 0.027720424107142858 0.021577380952380952
0 0.6130580357142857 0.2578125 0.22142857142857142 0.1575892857142857
1 0.5126745211297744 0.18095592403628116 0.020521763392857145 0.021577380952380952
0 0.6130580357142857 0.3794642857142857 0.22142857142857142 0.15357142857142858
1 0.5126745211297744 0.3230902777777778 0.020521763392857145 0.021577380952380952
0 0.6130580357142857 0.5055803571428571 0.22142857142857142 0.21502976190476192
1 0.5126884720226316 0.4652246315192744 0.02054966517857143 0.021577380952380952
0 0.8347098214285714 0.24516369047619047 0.22142857142857142 0.31145833333333334
1 0.7343525215165222 0.18095592403628116 0.020535714285714286 0.021577380952380952
0 0.8347098214285714 0.3750744047619048 0.22142857142857142 0.37663690476190476
1 0.7343455460700936 0.3230902777777778 0.020521763392857145 0.021577380952380952
0 0.8347098214285714 0.5564732142857143 0.22142857142857142 0.29002976190476193
1 0.7343455460700936 0.4652246315192744 0.020521763392857145 0.021577380952380952
0 0.49832589285714285 0.752529761904762 0.8785714285714286 0.17916666666666667
1 0.0645961431241362 0.6073589852607709 0.011049107142857144 0.021577380952380952
