0 0.2806919642857143 0.20580357142857142 0.44285714285714284 0.08065476190476191
1 0.06297304751642037 0.1388420414462081 0.007198660714285714 0.021577380952380952
0 0.2806919642857143 0.33883928571428573 0.44285714285714284 0.06101190476190476
1 0.06489827073070609 0.24939098324514994 0.011049107142857144 0.021577380952380952
0 0.2806919642857143 0.45729166666666665 0.44285714285714284 0.04880952380952381
1 0.0668234939449918 0.35993992504409167 0.014899553571428572 0.021577380952380952
0 0.2806919642857143 0.557514880952381 0.44285714285714284 0.06889880952380953
1 0.07311534662356323 0.47048886684303354 0.027483258928571428 0.021577380952380952
0 0.2806919642857143 0.6464285714285715 0.44285714285714284 0.05654761904761905
1 0.07401517921284895 0.5810378086419753 0.029282924107142855 0.021577380952380952
0 0.2806919642857143 0.7830357142857143 0.44285714285714284 0.041666666666666664
1 0.07323392921284894 0.6915867504409172 0.027720424107142858 0.021577380952380987
0 0.7237723214285714 0.24233630952380952 0.44285714285714284 0.078125
1 0.5126861414223348 0.1388420414462081 0.020521763392857145 0.021577380952380952
0 0.7237723214285714 0.35052083333333334 0.44285714285714284 0.16711309523809523
1 0.5126861414223348 0.24939098324514994 0.020521763392857145 0.021577380952380952
0 0.7237723214285714 0.4467261904761905 0.44285714285714284 0.19107142857142856
1 0.512700092315192 0.35993992504409167 0.02054966517857143 0.021577380952380952
0 0.7237723214285714 0.5357142857142857 0.44285714285714284 0.18154761904761904
1 0.5126931168687634 0.47048886684303354 0.020535714285714286 0.021577380952380952
0 0.7237723214285714 0.6444940476190476 0.44285714285714284 0.12083333333333333
1 0.5126861414223348 0.5810378086419753 0.020521763392857145 0.021577380952380952
0 0.7237723214285714 0.760639880952381 0.44285714285714284 0.0837797619047619
1 0.5126861414223348 0.6915867504409172 0.020521763392857145 0.021577380952380987
