0 0.5022879464285714 0.11733630952380952 0.8856026785714286 0.04449404761904762
1 0.0631253166160081 0.07988260582010584 0.007198660714285714 0.021577380952380952
0 0.5022879464285714 0.19828869047619047 0.8856026785714286 0.040327380952380955
1 0.06505053983029382 0.1462119708994709 0.011049107142857144 0.021577380952380952
0 0.5022879464285714 0.28028273809523807 0.8856026785714286 0.04925595238095238
1 0.06697576304457953 0.21254133597883595 0.014899553571428572 0.021577380952380952
0 0.5022879464285714 0.3400297619047619 0.8856026785714286 0.030654761904761903
1 0.07326761572315096 0.27887070105820105 0.027483258928571428 0.021577380952380952
0 0.5022879464285714 0.38311011904761905 0.8856026785714286 0.04568452380952381
1 0.07416744831243667 0.3452000661375661 0.029282924107142855 0.021577380952380952
0 0.5022879464285714 0.47239583333333335 0.8856026785714286 0.03824404761904762
1 0.07338619831243667 0.41152943121693125 0.027720424107142858 0.021577380952380952
0 0.5022879464285714 0.5436755952380953 0.8856026785714286 0.056398809523809525
1 0.06978686795529382 0.4778587962962963 0.020521763392857145 0.021577380952380952
0 0.5022879464285714 0.7957589285714286 0.8856026785714286 0.5150297619047619
1 0.06978686795529382 0.5441881613756614 0.020521763392857145 0.021577380952380952
0 0.5022879464285714 0.6737351190476191 0.8856026785714286 0.1337797619047619
1 0.06980081884815097 0.6105175264550264 0.02054966517857143 0.021577380952380952
0 0.5022879464285714 0.7246279761904761 0.8856026785714286 0.12217261904761904
1 0.06979384340172239 0.6768468915343916 0.020535714285714286 0.021577380952380952
0 0.5022879464285714 0.7826636904761904 0.8856026785714286 0.10282738095238095
1 0.06978686795529382 0.7431762566137565 0.020521763392857145 0.021577380952380952
0 0.5022879464285714 0.8514880952380952 0.8856026785714286 0.08541666666666667
1 0.06978686795529382 0.8095056216931217 0.020521763392857145 0.021577380952380952
