0 0.5022879464285714 0.13288690476190476 0.8856026785714286 0.04642857142857143
1 0.0631253166160081 0.07988260582010584 0.007198660714285714 0.021577380952380952
0 0.5022879464285714 0.19694940476190476 0.8856026785714286 0.04389880952380952
1 0.06505053983029382 0.1462119708994709 0.011049107142857144 0.021577380952380952
0 0.5022879464285714 0.2644345238095238 0.8856026785714286 0.017857142857142856
1 0.06697576304457953 0.21254133597883595 0.014899553571428572 0.021577380952380952
0 0.5022879464285714 0.3328125 0.8856026785714286 0.044196428571428574
1 0.07326761572315096 0.27887070105820105 0.027483258928571428 0.021577380952380952
0 0.5022879464285714 0.39947916666666666 0.8856026785714286 0.029613095238095237
1 0.07416744831243667 0.3452000661375661 0.029282924107142855 0.021577380952380952
0 0.5022879464285714 0.4625 0.8856026785714286 0.024404761904761905
1 0.07338619831243667 0.41152943121693125 0.027720424107142858 0.021577380952380952
0 0.5022879464285714 0.5444940476190476 0.8856026785714286 0.041666666666666664
1 0.06978686795529382 0.4778587962962963 0.020521763392857145 0.021577380952380952
0 0.5022879464285714 0.6244791666666667 0.8856026785714286 0.09330357142857143
1 0.06978686795529382 0.5441881613756614 0.020521763392857145 0.021577380952380952
0 0.5022879464285714 0.6796875 0.8856026785714286 0.07336309523809524
1 0.06980081884815097 0.6105175264550264 0.02054966517857143 0.021577380952380952
0 0.5022879464285714 0.7306547619047619 0.8856026785714286 0.05654761904761905
1 0.06979384340172239 0.6768468915343916 0.020535714285714286 0.021577380952380952
0 0.5022879464285714 0.7932291666666667 0.8856026785714286 0.054910714285714285
1 0.06978686795529382 0.7431762566137565 0.020521763392857145 0.021577380952380952
0 0.5022879464285714 0.8578869047619048 0.8856026785714286 0.04672619047619048
1 0.06978686795529382 0.8095056216931217 0.020521763392857145 0.021577380952380952
