0 0.16975446428571428 0.24732142857142858 0.22142857142857142 0.10952380952380952
1 0.06267091990985048 0.18095592403628116 0.007198660714285714 0.021577380952380952
0 0.16975446428571428 0.3912946428571429 0.22142857142857142 0.12782738095238094
1 0.0645961431241362 0.3230902777777778 0.011049107142857144 0.021577380952380952
0 0.16975446428571428 0.5683035714285715 0.22142857142857142 0.055357142857142855
1 0.0665213663384219 0.4652246315192744 0.014899553571428572 0.021577380952380952
0 0.39140625 0.3185267857142857 0.22142857142857142 0.1099702380952381
1 0.2944842439573125 0.18095592403628116 0.027483258928571428 0.021577380952380952
0 0.39140625 0.40625 0.22142857142857142 0.0693452380952381
1 0.2953840765465982 0.3230902777777778 0.029282924107142855 0.021577380952380952
0 0.39140625 0.55 0.22142857142857142 0.08958333333333333
1 0.2946028265465982 0.4652246315192744 0.027720424107142858 0.021577380952380952
0 0.6130580357142857 0.2883928571428571 0.22142857142857142 0.11458333333333333
1 0.5126745211297744 0.18095592403628116 0.020521763392857145 0.021577380952380952
0 0.6130580357142857 0.42090773809523807 0.22142857142857142 0.19895833333333332
1 0.5126745211297744 0.3230902777777778 0.020521763392857145 0.021577380952380952
0 0.6130580357142857 0.531547619047619 0.22142857142857142 0.28869047619047616
1 0.5126884720226316 0.4652246315192744 0.02054966517857143 0.021577380952380952
0 0.8347098214285714 0.22894345238095237 0.22142857142857142 0.2418154761904762
1 0.7343525215165222 0.18095592403628116 0.020535714285714286 0.021577380952380952
0 0.8347098214285714 0.3794642857142857 0.22142857142857142 0.16458333333333333
1 0.7343455460700936 0.3230902777777778 0.020521763392857145 0.021577380952380952
0 0.8347098214285714 0.5269345238095238 0.22142857142857142 0.11101190476190476
1 0.7343455460700936 0.4652246315192744 0.020521763392857145 0.021577380952380952
0 0.49832589285714285 0.6724702380952381 0.8785714285714286 0.13541666666666666
1 0.0645961431241362 0.6073589852607709 0.011049107142857144 0.021577380952380952
