0 0.16975446428571428 0.2740327380952381 0.22142857142857142 0.08973214285714286
1 0.06267091990985048 0.18095592403628116 0.007198660714285714 0.021577380952380952
0 0.16975446428571428 0.40260416666666665 0.22142857142857142 0.10729166666666666
1 0.0645961431241362 0.3230902777777778 0.011049107142857144 0.021577380952380952
0 0.16975446428571428 0.5444940476190476 0.22142857142857142 0.07232142857142858
1 0.0665213663384219 0.4652246315192744 0.014899553571428572 0.021577380952380952
0 0.39140625 0.3001488095238095 0.22142857142857142 0.08988095238095238
1 0.2944842439573125 0.18095592403628116 0.027483258928571428 0.021577380952380952
0 0.39140625 0.43563988095238093 0.22142857142857142 0.06413690476190476
1 0.2953840765465982 0.3230902777777778 0.029282924107142855 0.021577380952380952
0 0.39140625 0.5430803571428572 0.22142857142857142 0.08675595238095238
1 0.2946028265465982 0.4652246315192744 0.027720424107142858 0.021577380952380952
0 0.6130580357142857 0.2956845238095238 0.22142857142857142 0.0675595238095238
1 0.5126745211297744 0.18095592403628116 0.020521763392857145 0.021577380952380952
0 0.6130580357142857 0.4703125 0.22142857142857142 0.19092261904761904
1 0.5126745211297744 0.3230902777777778 0.020521763392857145 0.021577380952380952
0 0.6130580357142857 0.5735119047619047 0.22142857142857142 0.22738095238095238
1 0.5126884720226316 0.4652246315192744 0.02054966517857143 0.021577380952380952
0 0.8347098214285714 0.25944940476190476 0.22142857142857142 0.16354166666666667
1 0.7343525215165222 0.18095592403628116 0.020535714285714286 0.021577380952380952
0 0.8347098214285714 0.3984375 0.22142857142857142 0.1269345238095238
1 0.7343455460700936 0.3230902777777778 0.020521763392857145 0.021577380952380952
0 0.8347098214285714 0.5388392857142857 0.22142857142857142 0.10714285714285714
1 0.7343455460700936 0.4652246315192744 0.020521763392857145 0.021577380952380952
0 0.49832589285714285 0.6895089285714285 0.8785714285714286 0.11264880952380953
1 0.0645961431241362 0.6073589852607709 0.011049107142857144 0.021577380952380952
