0 0.2806919642857143 0.18311011904761904 0.44285714285714284 0.10193452380952381
1 0.06297304751642037 0.1388420414462081 0.007198660714285714 0.021577380952380952
0 0.2806919642857143 0.32961309523809523 0.44285714285714284 0.028273809523809524
1 0.06489827073070609 0.24939098324514994 0.011049107142857144 0.021577380952380952
0 0.2806919642857143 0.4722470238095238 0.44285714285714284 0.09955357142857142
1 0.0668234939449918 0.35993992504409167 0.014899553571428572 0.021577380952380952
0 0.2806919642857143 0.5723214285714285 0.44285714285714284 0.06041666666666667
1 0.07311534662356323 0.47048886684303354 0.027483258928571428 0.021577380952380952
0 0.2806919642857143 0.6287202380952381 0.44285714285714284 0.1
1 0.07401517921284895 0.5810378086419753 0.029282924107142855 0.021577380952380952
0 0.2806919642857143 0.7836309523809524 0.44285714285714284 0.05327380952380952
1 0.07323392921284894 0.6915867504409172 0.027720424107142858 0.021577380952380987
0 0.7237723214285714 0.2511904761904762 0.44285714285714284 0.10327380952380952
1 0.5126861414223348 0.1388420414462081 0.020521763392857145 0.021577380952380952
0 0.7237723214285714 0.34188988095238093 0.44285714285714284 0.11175595238095239
1 0.5126861414223348 0.24939098324514994 0.020521763392857145 0.021577380952380952
0 0.7237723214285714 0.4336309523809524 0.44285714285714284 0.12351190476190477
1 0.512700092315192 0.35993992504409167 0.02054966517857143 0.021577380952380952
0 0.7237723214285714 0.5154017857142857 0.44285714285714284 0.1575892857142857
1 0.5126931168687634 0.47048886684303354 0.020535714285714286 0.021577380952380952
0 0.7237723214285714 0.654985119047619 0.44285714285714284 0.2400297619047619
1 0.5126861414223348 0.5810378086419753 0.020521763392857145 0.021577380952380952
0 0.7237723214285714 0.7256696428571429 0.44285714285714284 0.14598214285714287
1 0.5126861414223348 0.6915867504409172 0.020521763392857145 0.021577380952380987
