0 0.5022879464285714 0.11748511904761905 0.8856026785714286 0.05044642857142857
1 0.0631253166160081 0.07988260582010584 0.007198660714285714 0.021577380952380952
0 0.5022879464285714 0.18950892857142856 0.8856026785714286 0.04568452380952381
1 0.06505053983029382 0.1462119708994709 0.011049107142857144 0.021577380952380952
0 0.5022879464285714 0.26860119047619047 0.8856026785714286 0.02470238095238095
1 0.06697576304457953 0.21254133597883595 0.014899553571428572 0.021577380952380952
0 0.5022879464285714 0.3443452380952381 0.8856026785714286 0.04672619047619048
1 0.07326761572315096 0.27887070105820105 0.027483258928571428 0.021577380952380952
0 0.5022879464285714 0.38898809523809524 0.8856026785714286 0.03273809523809524
1 0.07416744831243667 0.3452000661375661 0.029282924107142855 0.021577380952380952
0 0.5022879464285714 0.46279761904761907 0.8856026785714286 0.02470238095238095
1 0.07338619831243667 0.41152943121693125 0.027720424107142858 0.021577380952380952
0 0.5022879464285714 0.5465029761904762 0.8856026785714286 0.05461309523809524
1 0.06978686795529382 0.4778587962962963 0.020521763392857145 0.021577380952380952
0 0.5022879464285714 0.6149553571428571 0.8856026785714286 0.10610119047619047
1 0.06978686795529382 0.5441881613756614 0.020521763392857145 0.021577380952380952
0 0.5022879464285714 0.6581845238095239 0.8856026785714286 0.0943452380952381
1 0.06980081884815097 0.6105175264550264 0.02054966517857143 0.021577380952380952
0 0.5022879464285714 0.712202380952381 0.8856026785714286 0.08125
1 0.06979384340172239 0.6768468915343916 0.020535714285714286 0.021577380952380952
0 0.5022879464285714 0.7782738095238095 0.8856026785714286 0.06636904761904762
1 0.06978686795529382 0.7431762566137565 0.020521763392857145 0.021577380952380952
0 0.5022879464285714 0.850297619047619 0.8856026785714286 0.04404761904761905
1 0.06978686795529382 0.8095056216931217 0.020521763392857145 0.021577380952380952
