0 0.16975446428571428 0.2635416666666667 0.22142857142857142 0.07678571428571429
1 0.06267091990985048 0.18095592403628116 0.007198660714285714 0.021577380952380952
0 0.16975446428571428 0.4015625 0.22142857142857142 0.08824404761904762
1 0.0645961431241362 0.3230902777777778 0.011049107142857144 0.021577380952380952
0 0.16975446428571428 0.5670386904761905 0.22142857142857142 0.03913690476190476
1 0.0665213663384219 0.4652246315192744 0.014899553571428572 0.021577380952380952
0 0.39140625 0.30751488095238094 0.22142857142857142 0.08139880952380953
1 0.2944842439573125 0.18095592403628116 0.027483258928571428 0.021577380952380952
0 0.39140625 0.42038690476190477 0.22142857142857142 0.03958333333333333
1 0.2953840765465982 0.3230902777777778 0.029282924107142855 0.021577380952380952
0 0.39140625 0.5575892857142857 0.22142857142857142 0.059226190476190474
1 0.2946028265465982 0.4652246315192744 0.027720424107142858 0.021577380952380952
0 0.6130580357142857 0.3224702380952381 0.22142857142857142 0.11488095238095238
1 0.5126745211297744 0.18095592403628116 0.020521763392857145 0.021577380952380952
0 0.6130580357142857 0.48921130952380953 0.22142857142857142 0.20788690476190477
1 0.5126745211297744 0.3230902777777778 0.020521763392857145 0.021577380952380952
0 0.6130580357142857 0.6337053571428571 0.22142857142857142 0.2269345238095238
1 0.5126884720226316 0.4652246315192744 0.02054966517857143 0.021577380952380952
0 0.8347098214285714 0.2923363095238095 0.22142857142857142 0.11354166666666667
1 0.7343525215165222 0.18095592403628116 0.020535714285714286 0.021577380952380952
0 0.8347098214285714 0.36428571428571427 0.22142857142857142 0.2556547619047619
1 0.7343455460700936 0.3230902777777778 0.020521763392857145 0.021577380952380952
0 0.8347098214285714 0.5029017857142857 0.22142857142857142 0.259077380952381
1 0.7343455460700936 0.4652246315192744 0.020521763392857145 0.021577380952380952
0 0.49832589285714285 0.6803571428571429 0.8785714285714286 0.09910714285714285
1 0.0645961431241362 0.6073589852607709 0.011049107142857144 0.021577380952380952
