0 0.2806919642857143 0.17276785714285714 0.44285714285714284 0.125
1 0.06297304751642037 0.1388420414462081 0.007198660714285714 0.021577380952380952
0 0.2806919642857143 0.31927083333333334 0.44285714285714284 0.06205357142857143
1 0.06489827073070609 0.24939098324514994 0.011049107142857144 0.021577380952380952
0 0.2806919642857143 0.46473214285714287 0.44285714285714284 0.11071428571428571
1 0.0668234939449918 0.35993992504409167 0.014899553571428572 0.021577380952380952
0 0.2806919642857143 0.5848958333333333 0.44285714285714284 0.08586309523809524
1 0.07311534662356323 0.47048886684303354 0.027483258928571428 0.021577380952380952
0 0.2806919642857143 0.6288690476190476 0.44285714285714284 0.11577380952380953
1 0.07401517921284895 0.5810378086419753 0.029282924107142855 0.021577380952380952
0 0.2806919642857143 0.7735119047619048 0.44285714285714284 0.05267857142857143
1 0.07323392921284894 0.6915867504409172 0.027720424107142858 0.021577380952380987
0 0.7237723214285714 0.2409970238095238 0.44285714285714284 0.061755952380952384
1 0.5126861414223348 0.1388420414462081 0.020521763392857145 0.021577380952380952
0 0.7237723214285714 0.29583333333333334 0.44285714285714284 0.22113095238095237
1 0.5126861414223348 0.24939098324514994 0.020521763392857145 0.021577380952380952
0 0.7237723214285714 0.38110119047619045 0.44285714285714284 0.24910714285714286
1 0.512700092315192 0.35993992504409167 0.02054966517857143 0.021577380952380952
0 0.7237723214285714 0.48474702380952384 0.44285714285714284 0.22574404761904762
1 0.5126931168687634 0.47048886684303354 0.020535714285714286 0.021577380952380952
0 0.7237723214285714 0.5722470238095239 0.44285714285714284 0.33973214285714287
1 0.5126861414223348 0.5810378086419753 0.020521763392857145 0.021577380952380952
0 0.7237723214285714 0.7139136904761905 0.44285714285714284 0.16889880952380953
1 0.5126861414223348 0.6915867504409172 0.020521763392857145 0.021577380952380987
