0 0.16975446428571428 0.23876488095238096 0.22142857142857142 0.11383928571428571
1 0.06267091990985048 0.18095592403628116 0.007198660714285714 0.021577380952380952
0 0.16975446428571428 0.3796130952380952 0.22142857142857142 0.14345238095238094
1 0.0645961431241362 0.3230902777777778 0.011049107142857144 0.021577380952380952
0 0.16975446428571428 0.5788690476190477 0.22142857142857142 0.07083333333333333
1 0.0665213663384219 0.4652246315192744 0.014899553571428572 0.021577380952380952
0 0.39140625 0.3325892857142857 0.22142857142857142 0.12410714285714286
1 0.2944842439573125 0.18095592403628116 0.027483258928571428 0.021577380952380952
0 0.39140625 0.4088541666666667 0.22142857142857142 0.05520833333333333
1 0.2953840765465982 0.3230902777777778 0.029282924107142855 0.021577380952380952
0 0.39140625 0.5508184523809524 0.22142857142857142 0.10133928571428572
1 0.2946028265465982 0.4652246315192744 0.027720424107142858 0.021577380952380952
0 0.6130580357142857 0.3249255952380952 0.22142857142857142 0.15282738095238096
1 0.5126745211297744 0.18095592403628116 0.020521763392857145 0.021577380952380952
0 0.6130580357142857 0.43720238095238095 0.22142857142857142 0.19404761904761905
1 0.5126745211297744 0.3230902777777778 0.020521763392857145 0.021577380952380952
0 0.6130580357142857 0.562797619047619 0.22142857142857142 0.1619047619047619
1 0.5126884720226316 0.4652246315192744 0.02054966517857143 0.021577380952380952
0 0.8347098214285714 0.2269345238095238 0.22142857142857142 0.20267857142857143
1 0.7343525215165222 0.18095592403628116 0.020535714285714286 0.021577380952380952
0 0.8347098214285714 0.3463541666666667 0.22142857142857142 0.19538690476190476
1 0.7343455460700936 0.3230902777777778 0.020521763392857145 0.021577380952380952
0 0.8347098214285714 0.5085565476190477 0.22142857142857142 0.1519345238095238
1 0.7343455460700936 0.4652246315192744 0.020521763392857145 0.021577380952380952
0 0.49832589285714285 0.6641369047619048 0.8785714285714286 0.14375
1 0.0645961431241362 0.6073589852607709 0.011049107142857144 0.021577380952380952
