0 0.2806919642857143 0.17700892857142858 0.44285714285714284 0.12544642857142857
1 0.06297304751642037 0.1388420414462081 0.007198660714285714 0.021577380952380952
0 0.2806919642857143 0.3007440476190476 0.44285714285714284 0.10684523809523809
1 0.06489827073070609 0.24939098324514994 0.011049107142857144 0.021577380952380952
0 0.2806919642857143 0.4460565476190476 0.44285714285714284 0.05193452380952381
1 0.0668234939449918 0.35993992504409167 0.014899553571428572 0.021577380952380952
0 0.2806919642857143 0.592485119047619 0.44285714285714284 0.10907738095238095
1 0.07311534662356323 0.47048886684303354 0.027483258928571428 0.021577380952380952
0 0.2806919642857143 0.6389880952380952 0.44285714285714284 0.08571428571428572
1 0.07401517921284895 0.5810378086419753 0.029282924107142855 0.021577380952380952
0 0.2806919642857143 0.7656994047619048 0.44285714285714284 0.05699404761904762
1 0.07323392921284894 0.6915867504409172 0.027720424107142858 0.021577380952380987
0 0.7237723214285714 0.23675595238095237 0.44285714285714284 0.0880952380952381
1 0.5126861414223348 0.1388420414462081 0.020521763392857145 0.021577380952380952
0 0.7237723214285714 0.27686011904761904 0.44285714285714284 0.26086309523809526
1 0.5126861414223348 0.24939098324514994 0.020521763392857145 0.021577380952380952
0 0.7237723214285714 0.3578125 0.44285714285714284 0.3257440476190476
1 0.512700092315192 0.35993992504409167 0.02054966517857143 0.021577380952380952
0 0.7237723214285714 0.4617559523809524 0.44285714285714284 0.28273809523809523
1 0.5126931168687634 0.47048886684303354 0.020535714285714286 0.021577380952380952
0 0.7237723214285714 0.5630952380952381 0.44285714285714284 0.25892857142857145
1 0.5126861414223348 0.5810378086419753 0.020521763392857145 0.021577380952380952
0 0.7237723214285714 0.6917410714285714 0.44285714285714284 0.2105654761904762
1 0.5126861414223348 0.6915867504409172 0.020521763392857145 0.021577380952380987
