0 0.16975446428571428 0.2508184523809524 0.22142857142857142 0.10282738095238095
1 0.06267091990985048 0.18095592403628116 0.007198660714285714 0.021577380952380952
0 0.16975446428571428 0.39285714285714285 0.22142857142857142 0.08601190476190476
1 0.0645961431241362 0.3230902777777778 0.011049107142857144 0.021577380952380952
0 0.16975446428571428 0.5781994047619048 0.22142857142857142 0.07098214285714285
1 0.0665213663384219 0.4652246315192744 0.014899553571428572 0.021577380952380952
0 0.39140625 0.3118303571428571 0.22142857142857142 0.08199404761904762
1 0.2944842439573125 0.18095592403628116 0.027483258928571428 0.021577380952380952
0 0.39140625 0.4044642857142857 0.22142857142857142 0.07589285714285714
1 0.2953840765465982 0.3230902777777778 0.029282924107142855 0.021577380952380952
0 0.39140625 0.5535714285714286 0.22142857142857142 0.07232142857142858
1 0.2946028265465982 0.4652246315192744 0.027720424107142858 0.021577380952380952
0 0.6130580357142857 0.334375 0.22142857142857142 0.1193452380952381
1 0.5126745211297744 0.18095592403628116 0.020521763392857145 0.021577380952380952
0 0.6130580357142857 0.5079613095238096 0.22142857142857142 0.3001488095238095
1 0.5126745211297744 0.3230902777777778 0.020521763392857145 0.021577380952380952
0 0.6130580357142857 0.5590029761904762 0.22142857142857142 0.1974702380952381
1 0.5126884720226316 0.4652246315192744 0.02054966517857143 0.021577380952380952
0 0.8347098214285714 0.2496279761904762 0.22142857142857142 0.16086309523809525
1 0.7343525215165222 0.18095592403628116 0.020535714285714286 0.021577380952380952
0 0.8347098214285714 0.3904017857142857 0.22142857142857142 0.1230654761904762
1 0.7343455460700936 0.3230902777777778 0.020521763392857145 0.021577380952380952
0 0.8347098214285714 0.5373511904761905 0.22142857142857142 0.09494047619047619
1 0.7343455460700936 0.4652246315192744 0.020521763392857145 0.021577380952380952
0 0.49832589285714285 0.6863839285714286 0.8785714285714286 0.10461309523809524
1 0.0645961431241362 0.6073589852607709 0.011049107142857144 0.021577380952380952
