0 0.5022879464285714 0.12351190476190477 0.8856026785714286 0.037797619047619045
1 0.0631253166160081 0.07988260582010584 0.007198660714285714 0.021577380952380952
0 0.5022879464285714 0.1728422619047619 0.8856026785714286 0.07068452380952381
1 0.06505053983029382 0.1462119708994709 0.011049107142857144 0.021577380952380952
0 0.5022879464285714 0.24680059523809525 0.8856026785714286 0.05163690476190476
1 0.06697576304457953 0.21254133597883595 0.014899553571428572 0.021577380952380952
0 0.5022879464285714 0.3494047619047619 0.8856026785714286 0.05327380952380952
1 0.07326761572315096 0.27887070105820105 0.027483258928571428 0.021577380952380952
0 0.5022879464285714 0.40520833333333334 0.8856026785714286 0.03005952380952381
1 0.07416744831243667 0.3452000661375661 0.029282924107142855 0.021577380952380952
0 0.5022879464285714 0.4433035714285714 0.8856026785714286 0.058333333333333334
1 0.07338619831243667 0.41152943121693125 0.027720424107142858 0.021577380952380952
0 0.5022879464285714 0.5434523809523809 0.8856026785714286 0.058333333333333334
1 0.06978686795529382 0.4778587962962963 0.020521763392857145 0.021577380952380952
0 0.5022879464285714 0.6212053571428572 0.8856026785714286 0.08586309523809524
1 0.06978686795529382 0.5441881613756614 0.020521763392857145 0.021577380952380952
0 0.5022879464285714 0.6665178571428572 0.8856026785714286 0.07142857142857142
1 0.06980081884815097 0.6105175264550264 0.02054966517857143 0.021577380952380952
0 0.5022879464285714 0.7004464285714286 0.8856026785714286 0.0875
1 0.06979384340172239 0.6768468915343916 0.020535714285714286 0.021577380952380952
0 0.5022879464285714 0.7648065476190476 0.8856026785714286 0.08943452380952381
1 0.06978686795529382 0.7431762566137565 0.020521763392857145 0.021577380952380952
0 0.5022879464285714 0.8357886904761904 0.8856026785714286 0.07693452380952381
1 0.06978686795529382 0.8095056216931217 0.020521763392857145 0.021577380952380952
