0 0.16975446428571428 0.2546130952380952 0.22142857142857142 0.10476190476190476
1 0.06267091990985048 0.18095592403628116 0.007198660714285714 0.021577380952380952
0 0.16975446428571428 0.4340029761904762 0.22142857142857142 0.07574404761904761
1 0.0645961431241362 0.3230902777777778 0.011049107142857144 0.021577380952380952
0 0.16975446428571428 0.5872767857142858 0.22142857142857142 0.07038690476190476
1 0.0665213663384219 0.4652246315192744 0.014899553571428572 0.021577380952380952
0 0.39140625 0.29910714285714285 0.22142857142857142 0.08214285714285714
1 0.2944842439573125 0.18095592403628116 0.027483258928571428 0.021577380952380952
0 0.39140625 0.40200892857142856 0.22142857142857142 0.08735119047619047
1 0.2953840765465982 0.3230902777777778 0.029282924107142855 0.021577380952380952
0 0.39140625 0.5860119047619048 0.22142857142857142 0.05892857142857143
1 0.2946028265465982 0.4652246315192744 0.027720424107142858 0.021577380952380952
0 0.6130580357142857 0.31398809523809523 0.22142857142857142 0.09136904761904761
1 0.5126745211297744 0.18095592403628116 0.020521763392857145 0.021577380952380952
0 0.6130580357142857 0.4510416666666667 0.22142857142857142 0.2532738095238095
1 0.5126745211297744 0.3230902777777778 0.020521763392857145 0.021577380952380952
0 0.6130580357142857 0.5625 0.22142857142857142 0.22589285714285715
1 0.5126884720226316 0.4652246315192744 0.02054966517857143 0.021577380952380952
0 0.8347098214285714 0.26011904761904764 0.22142857142857142 0.18928571428571428
1 0.7343525215165222 0.18095592403628116 0.020535714285714286 0.021577380952380952
0 0.8347098214285714 0.41242559523809524 0.22142857142857142 0.1099702380952381
1 0.7343455460700936 0.3230902777777778 0.020521763392857145 0.021577380952380952
0 0.8347098214285714 0.5540922619047619 0.22142857142857142 0.0849702380952381
1 0.7343455460700936 0.4652246315192744 0.020521763392857145 0.021577380952380952
0 0.49832589285714285 0.7151785714285714 0.8785714285714286 0.0818452380952381
1 0.0645961431241362 0.6073589852607709 0.011049107142857144 0.021577380952380952
