0 0.5022879464285714 0.11852678571428571 0.8856026785714286 0.07574404761904761
1 0.0631253166160081 0.07988260582010584 0.007198660714285714 0.021577380952380952
0 0.5022879464285714 0.19598214285714285 0.8856026785714286 0.043154761904761904
1 0.06505053983029382 0.1462119708994709 0.011049107142857144 0.021577380952380952
0 0.5022879464285714 0.2810267857142857 0.8856026785714286 0.060267857142857144
1 0.06697576304457953 0.21254133597883595 0.014899553571428572 0.021577380952380952
0 0.5022879464285714 0.33779761904761907 0.8856026785714286 0.048214285714285716
1 0.07326761572315096 0.27887070105820105 0.027483258928571428 0.021577380952380952
0 0.5022879464285714 0.3830357142857143 0.8856026785714286 0.06785714285714285
1 0.07416744831243667 0.3452000661375661 0.029282924107142855 0.021577380952380952
0 0.5022879464285714 0.47105654761904764 0.8856026785714286 0.036458333333333336
1 0.07338619831243667 0.41152943121693125 0.027720424107142858 0.021577380952380952
0 0.5022879464285714 0.5317708333333333 0.8856026785714286 0.04211309523809524
1 0.06978686795529382 0.4778587962962963 0.020521763392857145 0.021577380952380952
0 0.5022879464285714 0.586235119047619 0.8856026785714286 0.060267857142857144
1 0.06978686795529382 0.5441881613756614 0.020521763392857145 0.021577380952380952
0 0.5022879464285714 0.6477678571428571 0.8856026785714286 0.08214285714285714
1 0.06980081884815097 0.6105175264550264 0.02054966517857143 0.021577380952380952
0 0.5022879464285714 0.7220238095238095 0.8856026785714286 0.07351190476190476
1 0.06979384340172239 0.6768468915343916 0.020535714285714286 0.021577380952380952
0 0.5022879464285714 0.7890625 0.8856026785714286 0.07157738095238095
1 0.06978686795529382 0.7431762566137565 0.020521763392857145 0.021577380952380952
0 0.5022879464285714 0.8544642857142857 0.8856026785714286 0.07291666666666667
1 0.06978686795529382 0.8095056216931217 0.020521763392857145 0.021577380952380952
