0 0.16975446428571428 0.23898809523809525 0.22142857142857142 0.12172619047619047
1 0.06267091990985048 0.18095592403628116 0.007198660714285714 0.021577380952380952
0 0.16975446428571428 0.4234375 0.22142857142857142 0.03288690476190476
1 0.0645961431241362 0.3230902777777778 0.011049107142857144 0.021577380952380952
0 0.16975446428571428 0.6020833333333333 0.22142857142857142 0.12202380952380952
1 0.0665213663384219 0.4652246315192744 0.014899553571428572 0.021577380952380952
0 0.39140625 0.30959821428571427 0.22142857142857142 0.07336309523809524
1 0.2944842439573125 0.18095592403628116 0.027483258928571428 0.021577380952380952
0 0.39140625 0.38683035714285713 0.22142857142857142 0.121875
1 0.2953840765465982 0.3230902777777778 0.029282924107142855 0.021577380952380952
0 0.39140625 0.5796875 0.22142857142857142 0.06383928571428571
1 0.2946028265465982 0.4652246315192744 0.027720424107142858 0.021577380952380952
0 0.6130580357142857 0.31138392857142855 0.22142857142857142 0.07931547619047619
1 0.5126745211297744 0.18095592403628116 0.020521763392857145 0.021577380952380952
0 0.6130580357142857 0.4479166666666667 0.22142857142857142 0.13035714285714287
1 0.5126745211297744 0.3230902777777778 0.020521763392857145 0.021577380952380952
0 0.6130580357142857 0.5706845238095238 0.22142857142857142 0.09732142857142857
1 0.5126884720226316 0.4652246315192744 0.02054966517857143 0.021577380952380952
0 0.8347098214285714 0.25944940476190476 0.22142857142857142 0.109375
1 0.7343525215165222 0.18095592403628116 0.020535714285714286 0.021577380952380952
0 0.8347098214285714 0.4212053571428571 0.22142857142857142 0.08110119047619048
1 0.7343455460700936 0.3230902777777778 0.020521763392857145 0.021577380952380952
0 0.8347098214285714 0.5459077380952381 0.22142857142857142 0.06413690476190476
1 0.7343455460700936 0.4652246315192744 0.020521763392857145 0.021577380952380952
0 0.49832589285714285 0.7061011904761905 0.8785714285714286 0.037797619047619045
1 0.0645961431241362 0.6073589852607709 0.011049107142857144 0.021577380952380952
