0 0.2806919642857143 0.20952380952380953 0.44285714285714284 0.07172619047619047
1 0.06297304751642037 0.1388420414462081 0.007198660714285714 0.021577380952380952
0 0.2806919642857143 0.33348214285714284 0.44285714285714284 0.14136904761904762
1 0.06489827073070609 0.24939098324514994 0.011049107142857144 0.021577380952380952
0 0.2806919642857143 0.45066964285714284 0.44285714285714284 0.16919642857142858
1 0.0668234939449918 0.35993992504409167 0.014899553571428572 0.021577380952380952
0 0.2806919642857143 0.5557291666666667 0.44285714285714284 0.07842261904761905
1 0.07311534662356323 0.47048886684303354 0.027483258928571428 0.021577380952380952
0 0.2806919642857143 0.6521577380952381 0.44285714285714284 0.11235119047619048
1 0.07401517921284895 0.5810378086419753 0.029282924107142855 0.021577380952380952
0 0.2806919642857143 0.7758184523809524 0.44285714285714284 0.14479166666666668
1 0.07323392921284894 0.6915867504409172 0.027720424107142858 0.021577380952380987
0 0.7237723214285714 0.24627976190476192 0.44285714285714284 0.1181547619047619
1 0.5126861414223348 0.1388420414462081 0.020521763392857145 0.021577380952380952
0 0.7237723214285714 0.37924107142857144 0.44285714285714284 0.17157738095238095
1 0.5126861414223348 0.24939098324514994 0.020521763392857145 0.021577380952380952
0 0.7237723214285714 0.4610863095238095 0.44285714285714284 0.1581845238095238
1 0.512700092315192 0.35993992504409167 0.02054966517857143 0.021577380952380952
0 0.7237723214285714 0.5354910714285714 0.44285714285714284 0.16383928571428572
1 0.5126931168687634 0.47048886684303354 0.020535714285714286 0.021577380952380952
0 0.7237723214285714 0.6446428571428572 0.44285714285714284 0.11160714285714286
1 0.5126861414223348 0.5810378086419753 0.020521763392857145 0.021577380952380952
0 0.7237723214285714 0.773735119047619 0.44285714285714284 0.07723214285714286
1 0.5126861414223348 0.6915867504409172 0.020521763392857145 0.021577380952380987
