0 0.16975446428571428 0.2683779761904762 0.22142857142857142 0.07485119047619047
1 0.06267091990985048 0.18095592403628116 0.007198660714285714 0.021577380952380952
0 0.16975446428571428 0.4238839285714286 0.22142857142857142 0.08526785714285715
1 0.0645961431241362 0.3230902777777778 0.011049107142857144 0.021577380952380952
0 0.16975446428571428 0.5710565476190477 0.22142857142857142 0.04211309523809524
1 0.0665213663384219 0.4652246315192744 0.014899553571428572 0.021577380952380952
0 0.39140625 0.29389880952380953 0.22142857142857142 0.07857142857142857
1 0.2944842439573125 0.18095592403628116 0.027483258928571428 0.021577380952380952
0 0.39140625 0.4175595238095238 0.22142857142857142 0.04583333333333333
1 0.2953840765465982 0.3230902777777778 0.029282924107142855 0.021577380952380952
0 0.39140625 0.5734375 0.22142857142857142 0.0537202380952381
1 0.2946028265465982 0.4652246315192744 0.027720424107142858 0.021577380952380952
0 0.6130580357142857 0.30089285714285713 0.22142857142857142 0.07142857142857142
1 0.5126745211297744 0.18095592403628116 0.020521763392857145 0.021577380952380952
0 0.6130580357142857 0.4488095238095238 0.22142857142857142 0.15
1 0.5126745211297744 0.3230902777777778 0.020521763392857145 0.021577380952380952
0 0.6130580357142857 0.6045386904761905 0.22142857142857142 0.1662202380952381
1 0.5126884720226316 0.4652246315192744 0.02054966517857143 0.021577380952380952
0 0.8347098214285714 0.3074404761904762 0.22142857142857142 0.17797619047619048
1 0.7343525215165222 0.18095592403628116 0.020535714285714286 0.021577380952380952
0 0.8347098214285714 0.3983630952380952 0.22142857142857142 0.16220238095238096
1 0.7343455460700936 0.3230902777777778 0.020521763392857145 0.021577380952380952
0 0.8347098214285714 0.5434523809523809 0.22142857142857142 0.12470238095238095
1 0.7343455460700936 0.4652246315192744 0.020521763392857145 0.021577380952380952
0 0.49832589285714285 0.7069940476190476 0.8785714285714286 0.09226190476190477
1 0.0645961431241362 0.6073589852607709 0.011049107142857144 0.021577380952380952
