0 0.2806919642857143 0.18705357142857143 0.44285714285714284 0.09761904761904762
1 0.06297304751642037 0.1388420414462081 0.007198660714285714 0.021577380952380952
0 0.2806919642857143 0.3039434523809524 0.44285714285714284 0.10491071428571429
1 0.06489827073070609 0.24939098324514994 0.011049107142857144 0.021577380952380952
0 0.2806919642857143 0.4349702380952381 0.44285714285714284 0.052976190476190475
1 0.0668234939449918 0.35993992504409167 0.014899553571428572 0.021577380952380952
0 0.2806919642857143 0.5820684523809524 0.44285714285714284 0.09627976190476191
1 0.07311534662356323 0.47048886684303354 0.027483258928571428 0.021577380952380952
0 0.2806919642857143 0.6504464285714285 0.44285714285714284 0.06964285714285715
1 0.07401517921284895 0.5810378086419753 0.029282924107142855 0.021577380952380952
0 0.2806919642857143 0.7569196428571429 0.44285714285714284 0.07276785714285715
1 0.07323392921284894 0.6915867504409172 0.027720424107142858 0.021577380952380987
0 0.7237723214285714 0.24970238095238095 0.44285714285714284 0.09553571428571428
1 0.5126861414223348 0.1388420414462081 0.020521763392857145 0.021577380952380952
0 0.7237723214285714 0.3594494047619048 0.44285714285714284 0.1305059523809524
1 0.5126861414223348 0.24939098324514994 0.020521763392857145 0.021577380952380952
0 0.7237723214285714 0.4511904761904762 0.44285714285714284 0.1744047619047619
1 0.512700092315192 0.35993992504409167 0.02054966517857143 0.021577380952380952
0 0.7237723214285714 0.5351190476190476 0.44285714285714284 0.21369047619047618
1 0.5126931168687634 0.47048886684303354 0.020535714285714286 0.021577380952380952
0 0.7237723214285714 0.5988839285714286 0.44285714285714284 0.23139880952380953
1 0.5126861414223348 0.5810378086419753 0.020521763392857145 0.021577380952380952
0 0.7237723214285714 0.700297619047619 0.44285714285714284 0.21875
1 0.5126861414223348 0.6915867504409172 0.020521763392857145 0.021577380952380987
