0 0.16975446428571428 0.2508184523809524 0.22142857142857142 0.0831845238095238
1 0.06267091990985048 0.18095592403628116 0.007198660714285714 0.021577380952380952
0 0.16975446428571428 0.3914434523809524 0.22142857142857142 0.12544642857142857
1 0.0645961431241362 0.3230902777777778 0.011049107142857144 0.021577380952380952
0 0.16975446428571428 0.5685267857142857 0.22142857142857142 0.06145833333333333
1 0.0665213663384219 0.4652246315192744 0.014899553571428572 0.021577380952380952
0 0.39140625 0.31741071428571427 0.22142857142857142 0.10029761904761905
1 0.2944842439573125 0.18095592403628116 0.027483258928571428 0.021577380952380952
0 0.39140625 0.4109375 0.22142857142857142 0.040625
1 0.2953840765465982 0.3230902777777778 0.029282924107142855 0.021577380952380952
0 0.39140625 0.549404761904762 0.22142857142857142 0.09017857142857143
1 0.2946028265465982 0.4652246315192744 0.027720424107142858 0.021577380952380952
0 0.6130580357142857 0.3255952380952381 0.22142857142857142 0.11726190476190476
1 0.5126745211297744 0.18095592403628116 0.020521763392857145 0.021577380952380952
0 0.6130580357142857 0.45357142857142857 0.22142857142857142 0.125
1 0.5126745211297744 0.3230902777777778 0.020521763392857145 0.021577380952380952
0 0.6130580357142857 0.5635416666666667 0.22142857142857142 0.1380952380952381
1 0.5126884720226316 0.4652246315192744 0.02054966517857143 0.021577380952380952
0 0.8347098214285714 0.2070684523809524 0.22142857142857142 0.26979166666666665
1 0.7343525215165222 0.18095592403628116 0.020535714285714286 0.021577380952380952
0 0.8347098214285714 0.35833333333333334 0.22142857142857142 0.2318452380952381
1 0.7343455460700936 0.3230902777777778 0.020521763392857145 0.021577380952380952
0 0.8347098214285714 0.5130208333333334 0.22142857142857142 0.1605654761904762
1 0.7343455460700936 0.4652246315192744 0.020521763392857145 0.021577380952380952
0 0.49832589285714285 0.6704613095238096 0.8785714285714286 0.13616071428571427
1 0.0645961431241362 0.6073589852607709 0.011049107142857144 0.021577380952380952
