0 0.5022879464285714 0.11108630952380952 0.8856026785714286 0.07574404761904761
1 0.0631253166160081 0.07988260582010584 0.007198660714285714 0.021577380952380952
0 0.5022879464285714 0.1886904761904762 0.8856026785714286 0.04017857142857143
1 0.06505053983029382 0.1462119708994709 0.011049107142857144 0.021577380952380952
0 0.5022879464285714 0.2752232142857143 0.8856026785714286 0.05907738095238095
1 0.06697576304457953 0.21254133597883595 0.014899553571428572 0.021577380952380952
0 0.5022879464285714 0.3476190476190476 0.8856026785714286 0.052976190476190475
1 0.07326761572315096 0.27887070105820105 0.027483258928571428 0.021577380952380952
0 0.5022879464285714 0.3829613095238095 0.8856026785714286 0.06592261904761905
1 0.07416744831243667 0.3452000661375661 0.029282924107142855 0.021577380952380952
0 0.5022879464285714 0.46651785714285715 0.8856026785714286 0.03244047619047619
1 0.07338619831243667 0.41152943121693125 0.027720424107142858 0.021577380952380952
0 0.5022879464285714 0.5491071428571429 0.8856026785714286 0.05625
1 0.06978686795529382 0.4778587962962963 0.020521763392857145 0.021577380952380952
0 0.5022879464285714 0.6054315476190476 0.8856026785714286 0.050148809523809526
1 0.06978686795529382 0.5441881613756614 0.020521763392857145 0.021577380952380952
0 0.5022879464285714 0.6754464285714286 0.8856026785714286 0.07946428571428571
1 0.06980081884815097 0.6105175264550264 0.02054966517857143 0.021577380952380952
0 0.5022879464285714 0.726264880952381 0.8856026785714286 0.09627976190476191
1 0.06979384340172239 0.6768468915343916 0.020535714285714286 0.021577380952380952
0 0.5022879464285714 0.7808035714285714 0.8856026785714286 0.10178571428571428
1 0.06978686795529382 0.7431762566137565 0.020521763392857145 0.021577380952380952
0 0.5022879464285714 0.8431547619047619 0.8856026785714286 0.056845238095238095
1 0.06978686795529382 0.8095056216931217 0.020521763392857145 0.021577380952380952
