0 0.2806919642857143 0.20297619047619048 0.44285714285714284 0.1005952380952381
1 0.06297304751642037 0.1388420414462081 0.007198660714285714 0.021577380952380952
0 0.2806919642857143 0.31540178571428573 0.44285714285714284 0.08229166666666667
1 0.06489827073070609 0.24939098324514994 0.011049107142857144 0.021577380952380952
0 0.2806919642857143 0.4439732142857143 0.44285714285714284 0.04211309523809524
1 0.0668234939449918 0.35993992504409167 0.014899553571428572 0.021577380952380952
0 0.2806919642857143 0.5689732142857142 0.44285714285714284 0.08735119047619047
1 0.07311534662356323 0.47048886684303354 0.027483258928571428 0.021577380952380952
0 0.2806919642857143 0.6524553571428572 0.44285714285714284 0.065625
1 0.07401517921284895 0.5810378086419753 0.029282924107142855 0.021577380952380952
0 0.2806919642857143 0.7676339285714285 0.44285714285714284 0.05461309523809524
1 0.07323392921284894 0.6915867504409172 0.027720424107142858 0.021577380952380987
0 0.7237723214285714 0.23258928571428572 0.44285714285714284 0.049107142857142856
1 0.5126861414223348 0.1388420414462081 0.020521763392857145 0.021577380952380952
0 0.7237723214285714 0.32083333333333336 0.44285714285714284 0.15714285714285714
1 0.5126861414223348 0.24939098324514994 0.020521763392857145 0.021577380952380952
0 0.7237723214285714 0.42916666666666664 0.44285714285714284 0.15833333333333333
1 0.512700092315192 0.35993992504409167 0.02054966517857143 0.021577380952380952
0 0.7237723214285714 0.5533482142857142 0.44285714285714284 0.14419642857142856
1 0.5126931168687634 0.47048886684303354 0.020535714285714286 0.021577380952380952
0 0.7237723214285714 0.6314732142857142 0.44285714285714284 0.1617559523809524
1 0.5126861414223348 0.5810378086419753 0.020521763392857145 0.021577380952380952
0 0.7237723214285714 0.7415922619047619 0.44285714285714284 0.1394345238095238
1 0.5126861414223348 0.6915867504409172 0.020521763392857145 0.021577380952380987
