0 0.16975446428571428 0.24092261904761905 0.22142857142857142 0.1375
1 0.06267091990985048 0.18095592403628116 0.007198660714285714 0.021577380952380952
0 0.16975446428571428 0.41026785714285713 0.22142857142857142 0.07797619047619048
1 0.0645961431241362 0.3230902777777778 0.011049107142857144 0.021577380952380952
0 0.16975446428571428 0.6008184523809523 0.22142857142857142 0.1438988095238095
1 0.0665213663384219 0.4652246315192744 0.014899553571428572 0.021577380952380952
0 0.39140625 0.31078869047619045 0.22142857142857142 0.10133928571428572
1 0.2944842439573125 0.18095592403628116 0.027483258928571428 0.021577380952380952
0 0.39140625 0.38816964285714284 0.22142857142857142 0.1400297619047619
1 0.2953840765465982 0.3230902777777778 0.029282924107142855 0.021577380952380952
0 0.39140625 0.5759672619047619 0.22142857142857142 0.0837797619047619
1 0.2946028265465982 0.4652246315192744 0.027720424107142858 0.021577380952380952
0 0.6130580357142857 0.2982886904761905 0.22142857142857142 0.1025297619047619
1 0.5126745211297744 0.18095592403628116 0.020521763392857145 0.021577380952380952
0 0.6130580357142857 0.41956845238095236 0.22142857142857142 0.18973214285714285
1 0.5126745211297744 0.3230902777777778 0.020521763392857145 0.021577380952380952
0 0.6130580357142857 0.5355654761904762 0.22142857142857142 0.21101190476190476
1 0.5126884720226316 0.4652246315192744 0.02054966517857143 0.021577380952380952
0 0.8347098214285714 0.25357142857142856 0.22142857142857142 0.15178571428571427
1 0.7343525215165222 0.18095592403628116 0.020535714285714286 0.021577380952380952
0 0.8347098214285714 0.40848214285714285 0.22142857142857142 0.16845238095238096
1 0.7343455460700936 0.3230902777777778 0.020521763392857145 0.021577380952380952
0 0.8347098214285714 0.5556547619047619 0.22142857142857142 0.10267857142857142
1 0.7343455460700936 0.4652246315192744 0.020521763392857145 0.021577380952380952
0 0.49832589285714285 0.6973214285714285 0.8785714285714286 0.08363095238095238
1 0.0645961431241362 0.6073589852607709 0.011049107142857144 0.021577380952380952
