0 0.2806919642857143 0.2148065476190476 0.44285714285714284 0.09985119047619048
1 0.06297304751642037 0.1388420414462081 0.007198660714285714 0.021577380952380952
0 0.2806919642857143 0.30632440476190476 0.44285714285714284 0.11413690476190476
1 0.06489827073070609 0.24939098324514994 0.011049107142857144 0.021577380952380952
0 0.2806919642857143 0.4242559523809524 0.44285714285714284 0.06160714285714286
1 0.0668234939449918 0.35993992504409167 0.014899553571428572 0.021577380952380952
0 0.2806919642857143 0.5671130952380953 0.44285714285714284 0.10476190476190476
1 0.07311534662356323 0.47048886684303354 0.027483258928571428 0.021577380952380952
0 0.2806919642857143 0.6712053571428571 0.44285714285714284 0.058779761904761904
1 0.07401517921284895 0.5810378086419753 0.029282924107142855 0.021577380952380952
0 0.2806919642857143 0.7518601190476191 0.44285714285714284 0.0712797619047619
1 0.07323392921284894 0.6915867504409172 0.027720424107142858 0.021577380952380987
0 0.7237723214285714 0.2580357142857143 0.44285714285714284 0.11875
1 0.5126861414223348 0.1388420414462081 0.020521763392857145 0.021577380952380952
0 0.7237723214285714 0.37202380952380953 0.44285714285714284 0.3380952380952381
1 0.5126861414223348 0.24939098324514994 0.020521763392857145 0.021577380952380952
0 0.7237723214285714 0.4494047619047619 0.44285714285714284 0.3761904761904762
1 0.512700092315192 0.35993992504409167 0.02054966517857143 0.021577380952380952
0 0.7237723214285714 0.5598214285714286 0.44285714285714284 0.1693452380952381
1 0.5126931168687634 0.47048886684303354 0.020535714285714286 0.021577380952380952
0 0.7237723214285714 0.6370535714285714 0.44285714285714284 0.1886904761904762
1 0.5126861414223348 0.5810378086419753 0.020521763392857145 0.021577380952380952
0 0.7237723214285714 0.7595238095238095 0.44285714285714284 0.1455357142857143
1 0.5126861414223348 0.6915867504409172 0.020521763392857145 0.021577380952380987
