0 0.5022879464285714 0.1134672619047619 0.8856026785714286 0.05461309523809524
1 0.0631253166160081 0.07988260582010584 0.007198660714285714 0.021577380952380952
0 0.5022879464285714 0.19873511904761904 0.8856026785714286 0.044196428571428574
1 0.06505053983029382 0.1462119708994709 0.011049107142857144 0.021577380952380952
0 0.5022879464285714 0.28177083333333336 0.8856026785714286 0.05610119047619048
1 0.06697576304457953 0.21254133597883595 0.014899553571428572 0.021577380952380952
0 0.5022879464285714 0.3430803571428571 0.8856026785714286 0.03854166666666667
1 0.07326761572315096 0.27887070105820105 0.027483258928571428 0.021577380952380952
0 0.5022879464285714 0.37938988095238096 0.8856026785714286 0.054017857142857145
1 0.07416744831243667 0.3452000661375661 0.029282924107142855 0.021577380952380952
0 0.5022879464285714 0.4726190476190476 0.8856026785714286 0.039285714285714285
1 0.07338619831243667 0.41152943121693125 0.027720424107142858 0.021577380952380952
0 0.5022879464285714 0.5407738095238095 0.8856026785714286 0.04136904761904762
1 0.06978686795529382 0.4778587962962963 0.020521763392857145 0.021577380952380952
0 0.5022879464285714 0.6164434523809523 0.8856026785714286 0.09330357142857143
1 0.06978686795529382 0.5441881613756614 0.020521763392857145 0.021577380952380952
0 0.5022879464285714 0.6642857142857143 0.8856026785714286 0.10446428571428572
1 0.06980081884815097 0.6105175264550264 0.02054966517857143 0.021577380952380952
0 0.5022879464285714 0.727827380952381 0.8856026785714286 0.08571428571428572
1 0.06979384340172239 0.6768468915343916 0.020535714285714286 0.021577380952380952
0 0.5022879464285714 0.7926339285714286 0.8856026785714286 0.0849702380952381
1 0.06978686795529382 0.7431762566137565 0.020521763392857145 0.021577380952380952
0 0.5022879464285714 0.8488839285714286 0.8856026785714286 0.07782738095238095
1 0.06978686795529382 0.8095056216931217 0.020521763392857145 0.021577380952380952
