0 0.16975446428571428 0.25944940476190476 0.22142857142857142 0.08586309523809524
1 0.06267091990985048 0.18095592403628116 0.007198660714285714 0.021577380952380952
0 0.16975446428571428 0.40595238095238095 0.22142857142857142 0.13422619047619047
1 0.0645961431241362 0.3230902777777778 0.011049107142857144 0.021577380952380952
0 0.16975446428571428 0.5694940476190476 0.22142857142857142 0.12946428571428573
1 0.0665213663384219 0.4652246315192744 0.014899553571428572 0.021577380952380952
0 0.39140625 0.3081845238095238 0.22142857142857142 0.10148809523809524
1 0.2944842439573125 0.18095592403628116 0.027483258928571428 0.021577380952380952
0 0.39140625 0.4218005952380952 0.22142857142857142 0.08556547619047619
1 0.2953840765465982 0.3230902777777778 0.029282924107142855 0.021577380952380952
0 0.39140625 0.5664434523809524 0.22142857142857142 0.11235119047619048
1 0.2946028265465982 0.4652246315192744 0.027720424107142858 0.021577380952380952
0 0.6130580357142857 0.31078869047619045 0.22142857142857142 0.11860119047619047
1 0.5126745211297744 0.18095592403628116 0.020521763392857145 0.021577380952380952
0 0.6130580357142857 0.4381696428571429 0.22142857142857142 0.15044642857142856
1 0.5126745211297744 0.3230902777777778 0.020521763392857145 0.021577380952380952
0 0.6130580357142857 0.5904761904761905 0.22142857142857142 0.1863095238095238
1 0.5126884720226316 0.4652246315192744 0.02054966517857143 0.021577380952380952
0 0.8347098214285714 0.25364583333333335 0.22142857142857142 0.2989583333333333
1 0.7343525215165222 0.18095592403628116 0.020535714285714286 0.021577380952380952
0 0.8347098214285714 0.3747767857142857 0.22142857142857142 0.14866071428571428
1 0.7343455460700936 0.3230902777777778 0.020521763392857145 0.021577380952380952
0 0.8347098214285714 0.5252976190476191 0.22142857142857142 0.13541666666666666
1 0.7343455460700936 0.4652246315192744 0.020521763392857145 0.021577380952380952
0 0.49832589285714285 0.6933035714285715 0.8785714285714286 0.14017857142857143
1 0.0645961431241362 0.6073589852607709 0.011049107142857144 0.021577380952380952
