0 0.16975446428571428 0.272172619047619 0.22142857142857142 0.054464285714285715
1 0.06267091990985048 0.18095592403628116 0.007198660714285714 0.021577380952380952
0 0.16975446428571428 0.4244791666666667 0.22142857142857142 0.08258928571428571
1 0.0645961431241362 0.3230902777777778 0.011049107142857144 0.021577380952380952
0 0.16975446428571428 0.575297619047619 0.22142857142857142 0.04107142857142857
1 0.0665213663384219 0.4652246315192744 0.014899553571428572 0.021577380952380952
0 0.39140625 0.2898809523809524 0.22142857142857142 0.06547619047619048
1 0.2944842439573125 0.18095592403628116 0.027483258928571428 0.021577380952380952
0 0.39140625 0.4199404761904762 0.22142857142857142 0.03363095238095238
1 0.2953840765465982 0.3230902777777778 0.029282924107142855 0.021577380952380952
0 0.39140625 0.5714285714285714 0.22142857142857142 0.060714285714285714
1 0.2946028265465982 0.4652246315192744 0.027720424107142858 0.021577380952380952
0 0.6130580357142857 0.3177083333333333 0.22142857142857142 0.1392857142857143
1 0.5126745211297744 0.18095592403628116 0.020521763392857145 0.021577380952380952
0 0.6130580357142857 0.4329613095238095 0.22142857142857142 0.14032738095238095
1 0.5126745211297744 0.3230902777777778 0.020521763392857145 0.021577380952380952
0 0.6130580357142857 0.5704613095238096 0.22142857142857142 0.140625
1 0.5126884720226316 0.4652246315192744 0.02054966517857143 0.021577380952380952
0 0.8347098214285714 0.26785714285714285 0.22142857142857142 0.11488095238095238
1 0.7343525215165222 0.18095592403628116 0.020535714285714286 0.021577380952380952
0 0.8347098214285714 0.4142857142857143 0.22142857142857142 0.09523809523809523
1 0.7343455460700936 0.3230902777777778 0.020521763392857145 0.021577380952380952
0 0.8347098214285714 0.5583333333333333 0.22142857142857142 0.08988095238095238
1 0.7343455460700936 0.4652246315192744 0.020521763392857145 0.021577380952380952
0 0.49832589285714285 0.7088541666666667 0.8785714285714286 0.08258928571428571
1 0.0645961431241362 0.6073589852607709 0.011049107142857144 0.021577380952380952
