0 0.5022879464285714 0.12805059523809523 0.8856026785714286 0.025744047619047618
1 0.0631253166160081 0.07988260582010584 0.007198660714285714 0.021577380952380952
0 0.5022879464285714 0.18683035714285715 0.8856026785714286 0.046875
1 0.06505053983029382 0.1462119708994709 0.011049107142857144 0.021577380952380952
0 0.5022879464285714 0.25729166666666664 0.8856026785714286 0.03422619047619048
1 0.06697576304457953 0.21254133597883595 0.014899553571428572 0.021577380952380952
0 0.5022879464285714 0.33891369047619047 0.8856026785714286 0.033482142857142856
1 0.07326761572315096 0.27887070105820105 0.027483258928571428 0.021577380952380952
0 0.5022879464285714 0.3983630952380952 0.8856026785714286 0.020833333333333332
1 0.07416744831243667 0.3452000661375661 0.029282924107142855 0.021577380952380952
0 0.5022879464285714 0.4537202380952381 0.8856026785714286 0.03958333333333333
1 0.07338619831243667 0.41152943121693125 0.027720424107142858 0.021577380952380952
0 0.5022879464285714 0.5046130952380953 0.8856026785714286 0.12380952380952381
1 0.06978686795529382 0.4778587962962963 0.020521763392857145 0.021577380952380952
0 0.5022879464285714 0.6011904761904762 0.8856026785714286 0.06369047619047619
1 0.06978686795529382 0.5441881613756614 0.020521763392857145 0.021577380952380952
0 0.5022879464285714 0.6876488095238096 0.8856026785714286 0.09047619047619047
1 0.06980081884815097 0.6105175264550264 0.02054966517857143 0.021577380952380952
0 0.5022879464285714 0.7235863095238095 0.8856026785714286 0.0537202380952381
1 0.06979384340172239 0.6768468915343916 0.020535714285714286 0.021577380952380952
0 0.5022879464285714 0.7790922619047619 0.8856026785714286 0.05907738095238095
1 0.06978686795529382 0.7431762566137565 0.020521763392857145 0.021577380952380952
0 0.5022879464285714 0.8460565476190476 0.8856026785714286 0.04925595238095238
1 0.06978686795529382 0.8095056216931217 0.020521763392857145 0.021577380952380952
