0 0.16975446428571428 0.26063988095238094 0.22142857142857142 0.13348214285714285
1 0.06267091990985048 0.18095592403628116 0.007198660714285714 0.021577380952380952
0 0.16975446428571428 0.41235119047619045 0.22142857142857142 0.07797619047619048
1 0.0645961431241362 0.3230902777777778 0.011049107142857144 0.021577380952380952
0 0.16975446428571428 0.5724702380952381 0.22142857142857142 0.11339285714285714
1 0.0665213663384219 0.4652246315192744 0.014899553571428572 0.021577380952380952
0 0.39140625 0.30714285714285716 0.22142857142857142 0.09375
1 0.2944842439573125 0.18095592403628116 0.027483258928571428 0.021577380952380952
0 0.39140625 0.4158482142857143 0.22142857142857142 0.11681547619047619
1 0.2953840765465982 0.3230902777777778 0.029282924107142855 0.021577380952380952
0 0.39140625 0.5686011904761905 0.22142857142857142 0.07172619047619047
1 0.2946028265465982 0.4652246315192744 0.027720424107142858 0.021577380952380952
0 0.6130580357142857 0.3116815476190476 0.22142857142857142 0.1373511904761905
1 0.5126745211297744 0.18095592403628116 0.020521763392857145 0.021577380952380952
0 0.6130580357142857 0.4376488095238095 0.22142857142857142 0.10625
1 0.5126745211297744 0.3230902777777778 0.020521763392857145 0.021577380952380952
0 0.6130580357142857 0.5503720238095238 0.22142857142857142 0.15104166666666666
1 0.5126884720226316 0.4652246315192744 0.02054966517857143 0.021577380952380952
0 0.8347098214285714 0.2508184523809524 0.22142857142857142 0.14508928571428573
1 0.7343525215165222 0.18095592403628116 0.020535714285714286 0.021577380952380952
0 0.8347098214285714 0.39694940476190477 0.22142857142857142 0.12068452380952381
1 0.7343455460700936 0.3230902777777778 0.020521763392857145 0.021577380952380952
0 0.8347098214285714 0.5424107142857143 0.22142857142857142 0.09613095238095239
1 0.7343455460700936 0.4652246315192744 0.020521763392857145 0.021577380952380952
0 0.49832589285714285 0.7116071428571429 0.8785714285714286 0.10803571428571429
1 0.0645961431241362 0.6073589852607709 0.011049107142857144 0.021577380952380952
