0 0.2806919642857143 0.21160714285714285 0.44285714285714284 0.10625
1 0.06297304751642037 0.1388420414462081 0.007198660714285714 0.021577380952380952
0 0.2806919642857143 0.31674107142857144 0.44285714285714284 0.07276785714285715
1 0.06489827073070609 0.24939098324514994 0.011049107142857144 0.021577380952380952
0 0.2806919642857143 0.4377232142857143 0.44285714285714284 0.06324404761904762
1 0.0668234939449918 0.35993992504409167 0.014899553571428572 0.021577380952380952
0 0.2806919642857143 0.5645089285714285 0.44285714285714284 0.08705357142857142
1 0.07311534662356323 0.47048886684303354 0.027483258928571428 0.021577380952380952
0 0.2806919642857143 0.6601190476190476 0.44285714285714284 0.08333333333333333
1 0.07401517921284895 0.5810378086419753 0.029282924107142855 0.021577380952380952
0 0.2806919642857143 0.7634672619047619 0.44285714285714284 0.040625
1 0.07323392921284894 0.6915867504409172 0.027720424107142858 0.021577380952380987
0 0.7237723214285714 0.24680059523809525 0.44285714285714284 0.07276785714285715
1 0.5126861414223348 0.1388420414462081 0.020521763392857145 0.021577380952380952
0 0.7237723214285714 0.3867559523809524 0.44285714285714284 0.2080357142857143
1 0.5126861414223348 0.24939098324514994 0.020521763392857145 0.021577380952380952
0 0.7237723214285714 0.5037202380952381 0.44285714285714284 0.24077380952380953
1 0.512700092315192 0.35993992504409167 0.02054966517857143 0.021577380952380952
0 0.7237723214285714 0.569047619047619 0.44285714285714284 0.2648809523809524
1 0.5126931168687634 0.47048886684303354 0.020535714285714286 0.021577380952380952
0 0.7237723214285714 0.6412202380952381 0.44285714285714284 0.13422619047619047
1 0.5126861414223348 0.5810378086419753 0.020521763392857145 0.021577380952380952
0 0.7237723214285714 0.756547619047619 0.44285714285714284 0.07559523809523809
1 0.5126861414223348 0.6915867504409172 0.020521763392857145 0.021577380952380987
