0 0.16975446428571428 0.26004464285714285 0.22142857142857142 0.12663690476190476
1 0.06267091990985048 0.18095592403628116 0.007198660714285714 0.021577380952380952
0 0.16975446428571428 0.40915178571428573 0.22142857142857142 0.11235119047619048
1 0.0645961431241362 0.3230902777777778 0.011049107142857144 0.021577380952380952
0 0.16975446428571428 0.565327380952381 0.22142857142857142 0.10952380952380952
1 0.0665213663384219 0.4652246315192744 0.014899553571428572 0.021577380952380952
0 0.39140625 0.3123511904761905 0.22142857142857142 0.10178571428571428
1 0.2944842439573125 0.18095592403628116 0.027483258928571428 0.021577380952380952
0 0.39140625 0.41502976190476193 0.22142857142857142 0.11636904761904762
1 0.2953840765465982 0.3230902777777778 0.029282924107142855 0.021577380952380952
0 0.39140625 0.565029761904762 0.22142857142857142 0.08065476190476191
1 0.2946028265465982 0.4652246315192744 0.027720424107142858 0.021577380952380952
0 0.6130580357142857 0.2986607142857143 0.22142857142857142 0.07797619047619048
1 0.5126745211297744 0.18095592403628116 0.020521763392857145 0.021577380952380952
0 0.6130580357142857 0.41569940476190476 0.22142857142857142 0.07723214285714286
1 0.5126745211297744 0.3230902777777778 0.020521763392857145 0.021577380952380952
0 0.6130580357142857 0.5311755952380952 0.22142857142857142 0.2501488095238095
1 0.5126884720226316 0.4652246315192744 0.02054966517857143 0.021577380952380952
0 0.8347098214285714 0.19680059523809523 0.22142857142857142 0.3299107142857143
1 0.7343525215165222 0.18095592403628116 0.020535714285714286 0.021577380952380952
0 0.8347098214285714 0.33482142857142855 0.22142857142857142 0.29077380952380955
1 0.7343455460700936 0.3230902777777778 0.020521763392857145 0.021577380952380952
0 0.8347098214285714 0.4857142857142857 0.22142857142857142 0.2526785714285714
1 0.7343455460700936 0.4652246315192744 0.020521763392857145 0.021577380952380952
0 0.49832589285714285 0.6832589285714286 0.8785714285714286 0.14151785714285714
1 0.0645961431241362 0.6073589852607709 0.011049107142857144 0.021577380952380952
