0 0.2806919642857143 0.1659970238095238 0.44285714285714284 0.17038690476190477
1 0.06297304751642037 0.1388420414462081 0.007198660714285714 0.021577380952380952
0 0.2806919642857143 0.3052827380952381 0.44285714285714284 0.10639880952380952
1 0.06489827073070609 0.24939098324514994 0.011049107142857144 0.021577380952380952
0 0.2806919642857143 0.47351190476190474 0.44285714285714284 0.20654761904761904
1 0.0668234939449918 0.35993992504409167 0.014899553571428572 0.021577380952380952
0 0.2806919642857143 0.5880952380952381 0.44285714285714284 0.09851190476190476
1 0.07311534662356323 0.47048886684303354 0.027483258928571428 0.021577380952380952
0 0.2806919642857143 0.6162946428571429 0.44285714285714284 0.18110119047619047
1 0.07401517921284895 0.5810378086419753 0.029282924107142855 0.021577380952380952
0 0.2806919642857143 0.7686755952380953 0.44285714285714284 0.1412202380952381
1 0.07323392921284894 0.6915867504409172 0.027720424107142858 0.021577380952380987
0 0.7237723214285714 0.26666666666666666 0.44285714285714284 0.15119047619047618
1 0.5126861414223348 0.1388420414462081 0.020521763392857145 0.021577380952380952
0 0.7237723214285714 0.3552827380952381 0.44285714285714284 0.21711309523809524
1 0.5126861414223348 0.24939098324514994 0.020521763392857145 0.021577380952380952
0 0.7237723214285714 0.4279017857142857 0.44285714285714284 0.1617559523809524
1 0.512700092315192 0.35993992504409167 0.02054966517857143 0.021577380952380952
0 0.7237723214285714 0.5158482142857143 0.44285714285714284 0.1581845238095238
1 0.5126931168687634 0.47048886684303354 0.020535714285714286 0.021577380952380952
0 0.7237723214285714 0.6234375 0.44285714285714284 0.12574404761904762
1 0.5126861414223348 0.5810378086419753 0.020521763392857145 0.021577380952380952
0 0.7237723214285714 0.7404017857142857 0.44285714285714284 0.09479166666666666
1 0.5126861414223348 0.6915867504409172 0.020521763392857145 0.021577380952380987
