0 0.2806919642857143 0.1836309523809524 0.44285714285714284 0.14047619047619048
1 0.06297304751642037 0.1388420414462081 0.007198660714285714 0.021577380952380952
0 0.2806919642857143 0.3080357142857143 0.44285714285714284 0.0931547619047619
1 0.06489827073070609 0.24939098324514994 0.011049107142857144 0.021577380952380952
0 0.2806919642857143 0.45483630952380955 0.44285714285714284 0.071875
1 0.0668234939449918 0.35993992504409167 0.014899553571428572 0.021577380952380952
0 0.2806919642857143 0.5854910714285714 0.44285714285714284 0.11205357142857143
1 0.07311534662356323 0.47048886684303354 0.027483258928571428 0.021577380952380952
0 0.2806919642857143 0.6385416666666667 0.44285714285714284 0.10327380952380952
1 0.07401517921284895 0.5810378086419753 0.029282924107142855 0.021577380952380952
0 0.2806919642857143 0.7768601190476191 0.44285714285714284 0.04985119047619048
1 0.07323392921284894 0.6915867504409172 0.027720424107142858 0.021577380952380987
0 0.7237723214285714 0.24680059523809525 0.44285714285714284 0.15669642857142857
1 0.5126861414223348 0.1388420414462081 0.020521763392857145 0.021577380952380952
0 0.7237723214285714 0.34270833333333334 0.44285714285714284 0.12708333333333333
1 0.5126861414223348 0.24939098324514994 0.020521763392857145 0.021577380952380952
0 0.7237723214285714 0.4524553571428571 0.44285714285714284 0.0831845238095238
1 0.512700092315192 0.35993992504409167 0.02054966517857143 0.021577380952380952
0 0.7237723214285714 0.5419642857142857 0.44285714285714284 0.10357142857142858
1 0.5126931168687634 0.47048886684303354 0.020535714285714286 0.021577380952380952
0 0.7237723214285714 0.6456845238095238 0.44285714285714284 0.0988095238095238
1 0.5126861414223348 0.5810378086419753 0.020521763392857145 0.021577380952380952
0 0.7237723214285714 0.7494047619047619 0.44285714285714284 0.08482142857142858
1 0.5126861414223348 0.6915867504409172 0.020521763392857145 0.021577380952380987
