0 0.16975446428571428 0.26666666666666666 0.22142857142857142 0.07589285714285714
1 0.06267091990985048 0.18095592403628116 0.007198660714285714 0.021577380952380952
0 0.16975446428571428 0.3941220238095238 0.22142857142857142 0.11711309523809524
1 0.0645961431241362 0.3230902777777778 0.011049107142857144 0.021577380952380952
0 0.16975446428571428 0.5526041666666667 0.22142857142857142 0.06145833333333333
1 0.0665213663384219 0.4652246315192744 0.014899553571428572 0.021577380952380952
0 0.39140625 0.3078125 0.22142857142857142 0.09092261904761904
1 0.2944842439573125 0.18095592403628116 0.027483258928571428 0.021577380952380952
0 0.39140625 0.4317708333333333 0.22142857142857142 0.041220238095238095
1 0.2953840765465982 0.3230902777777778 0.029282924107142855 0.021577380952380952
0 0.39140625 0.544047619047619 0.22142857142857142 0.08839285714285715
1 0.2946028265465982 0.4652246315192744 0.027720424107142858 0.021577380952380952
0 0.6130580357142857 0.3156994047619048 0.22142857142857142 0.09211309523809524
1 0.5126745211297744 0.18095592403628116 0.020521763392857145 0.021577380952380952
0 0.6130580357142857 0.467485119047619 0.22142857142857142 0.13794642857142858
1 0.5126745211297744 0.3230902777777778 0.020521763392857145 0.021577380952380952
0 0.6130580357142857 0.5802827380952381 0.22142857142857142 0.14925595238095238
1 0.5126884720226316 0.4652246315192744 0.02054966517857143 0.021577380952380952
0 0.8347098214285714 0.22291666666666668 0.22142857142857142 0.1880952380952381
1 0.7343525215165222 0.18095592403628116 0.020535714285714286 0.021577380952380952
0 0.8347098214285714 0.3671875 0.22142857142857142 0.17842261904761905
1 0.7343455460700936 0.3230902777777778 0.020521763392857145 0.021577380952380952
0 0.8347098214285714 0.5161458333333333 0.22142857142857142 0.171875
1 0.7343455460700936 0.4652246315192744 0.020521763392857145 0.021577380952380952
0 0.49832589285714285 0.6779761904761905 0.8785714285714286 0.13154761904761905
1 0.0645961431241362 0.6073589852607709 0.011049107142857144 0.021577380952380952
