0 0.2806919642857143 0.18370535714285716 0.44285714285714284 0.128125
1 0.06297304751642037 0.1388420414462081 0.007198660714285714 0.021577380952380952
0 0.2806919642857143 0.29910714285714285 0.44285714285714284 0.1574404761904762
1 0.06489827073070609 0.24939098324514994 0.011049107142857144 0.021577380952380952
0 0.2806919642857143 0.4759672619047619 0.44285714285714284 0.10282738095238095
1 0.0668234939449918 0.35993992504409167 0.014899553571428572 0.021577380952380952
0 0.2806919642857143 0.5876488095238095 0.44285714285714284 0.14285714285714285
1 0.07311534662356323 0.47048886684303354 0.027483258928571428 0.021577380952380952
0 0.2806919642857143 0.6293898809523809 0.44285714285714284 0.10610119047619047
1 0.07401517921284895 0.5810378086419753 0.029282924107142855 0.021577380952380952
0 0.2806919642857143 0.7649553571428571 0.44285714285714284 0.10550595238095238
1 0.07323392921284894 0.6915867504409172 0.027720424107142858 0.021577380952380987
0 0.7237723214285714 0.22581845238095238 0.44285714285714284 0.06830357142857142
1 0.5126861414223348 0.1388420414462081 0.020521763392857145 0.021577380952380952
0 0.7237723214285714 0.30833333333333335 0.44285714285714284 0.1943452380952381
1 0.5126861414223348 0.24939098324514994 0.020521763392857145 0.021577380952380952
0 0.7237723214285714 0.3898065476190476 0.44285714285714284 0.2537202380952381
1 0.512700092315192 0.35993992504409167 0.02054966517857143 0.021577380952380952
0 0.7237723214285714 0.49308035714285714 0.44285714285714284 0.2525297619047619
1 0.5126931168687634 0.47048886684303354 0.020535714285714286 0.021577380952380952
0 0.7237723214285714 0.6193452380952381 0.44285714285714284 0.20029761904761906
1 0.5126861414223348 0.5810378086419753 0.020521763392857145 0.021577380952380952
0 0.7237723214285714 0.7489583333333333 0.44285714285714284 0.13452380952380952
1 0.5126861414223348 0.6915867504409172 0.020521763392857145 0.021577380952380987
