0 0.16975446428571428 0.2034970238095238 0.22142857142857142 0.20104166666666667
1 0.06267091990985048 0.18095592403628116 0.007198660714285714 0.021577380952380952
0 0.16975446428571428 0.3808035714285714 0.22142857142857142 0.11904761904761904
1 0.0645961431241362 0.3230902777777778 0.011049107142857144 0.021577380952380952
0 0.16975446428571428 0.6026041666666667 0.22142857142857142 0.18526785714285715
1 0.0665213663384219 0.4652246315192744 0.014899553571428572 0.021577380952380952
0 0.39140625 0.34754464285714287 0.22142857142857142 0.15669642857142857
1 0.2944842439573125 0.18095592403628116 0.027483258928571428 0.021577380952380952
0 0.39140625 0.3692708333333333 0.22142857142857142 0.18645833333333334
1 0.2953840765465982 0.3230902777777778 0.029282924107142855 0.021577380952380952
0 0.39140625 0.5566964285714285 0.22142857142857142 0.11785714285714285
1 0.2946028265465982 0.4652246315192744 0.027720424107142858 0.021577380952380952
0 0.6130580357142857 0.3416666666666667 0.22142857142857142 0.1625
1 0.5126745211297744 0.18095592403628116 0.020521763392857145 0.021577380952380952
0 0.6130580357142857 0.44947916666666665 0.22142857142857142 0.13705357142857144
1 0.5126745211297744 0.3230902777777778 0.020521763392857145 0.021577380952380952
0 0.6130580357142857 0.5645833333333333 0.22142857142857142 0.17023809523809524
1 0.5126884720226316 0.4652246315192744 0.02054966517857143 0.021577380952380952
0 0.8347098214285714 0.25833333333333336 0.22142857142857142 0.19613095238095238
1 0.7343525215165222 0.18095592403628116 0.020535714285714286 0.021577380952380952
0 0.8347098214285714 0.37403273809523807 0.22142857142857142 0.2138392857142857
1 0.7343455460700936 0.3230902777777778 0.020521763392857145 0.021577380952380952
0 0.8347098214285714 0.5228422619047619 0.22142857142857142 0.18735119047619048
1 0.7343455460700936 0.4652246315192744 0.020521763392857145 0.021577380952380952
0 0.49832589285714285 0.6742559523809524 0.8785714285714286 0.1375
1 0.0645961431241362 0.6073589852607709 0.011049107142857144 0.021577380952380952
