0 0.2806919642857143 0.21599702380952382 0.44285714285714284 0.08139880952380953
1 0.06297304751642037 0.1388420414462081 0.007198660714285714 0.021577380952380952
0 0.2806919642857143 0.30126488095238096 0.44285714285714284 0.090625
1 0.06489827073070609 0.24939098324514994 0.011049107142857144 0.021577380952380952
0 0.2806919642857143 0.4277529761904762 0.44285714285714284 0.11651785714285715
1 0.0668234939449918 0.35993992504409167 0.014899553571428572 0.021577380952380952
0 0.2806919642857143 0.5695684523809523 0.44285714285714284 0.08199404761904762
1 0.07311534662356323 0.47048886684303354 0.027483258928571428 0.021577380952380952
0 0.2806919642857143 0.6594494047619047 0.44285714285714284 0.07931547619047619
1 0.07401517921284895 0.5810378086419753 0.029282924107142855 0.021577380952380952
0 0.2806919642857143 0.7488839285714286 0.44285714285714284 0.09836309523809524
1 0.07323392921284894 0.6915867504409172 0.027720424107142858 0.021577380952380987
0 0.7237723214285714 0.24211309523809524 0.44285714285714284 0.09136904761904761
1 0.5126861414223348 0.1388420414462081 0.020521763392857145 0.021577380952380952
0 0.7237723214285714 0.38563988095238094 0.44285714285714284 0.1793154761904762
1 0.5126861414223348 0.24939098324514994 0.020521763392857145 0.021577380952380952
0 0.7237723214285714 0.4627232142857143 0.44285714285714284 0.11592261904761905
1 0.512700092315192 0.35993992504409167 0.02054966517857143 0.021577380952380952
0 0.7237723214285714 0.5146577380952381 0.44285714285714284 0.19717261904761904
1 0.5126931168687634 0.47048886684303354 0.020535714285714286 0.021577380952380952
0 0.7237723214285714 0.617485119047619 0.44285714285714284 0.1855654761904762
1 0.5126861414223348 0.5810378086419753 0.020521763392857145 0.021577380952380952
0 0.7237723214285714 0.7311755952380953 0.44285714285714284 0.14241071428571428
1 0.5126861414223348 0.6915867504409172 0.020521763392857145 0.021577380952380987
