0 0.16975446428571428 0.27239583333333334 0.22142857142857142 0.12336309523809524
1 0.06267091990985048 0.18095592403628116 0.007198660714285714 0.021577380952380952
0 0.16975446428571428 0.3949404761904762 0.22142857142857142 0.08065476190476191
1 0.0645961431241362 0.3230902777777778 0.011049107142857144 0.021577380952380952
0 0.16975446428571428 0.5472470238095238 0.22142857142857142 0.11711309523809524
1 0.0665213663384219 0.4652246315192744 0.014899553571428572 0.021577380952380952
0 0.39140625 0.3066964285714286 0.22142857142857142 0.07738095238095238
1 0.2944842439573125 0.18095592403628116 0.027483258928571428 0.021577380952380952
0 0.39140625 0.430952380952381 0.22142857142857142 0.12023809523809524
1 0.2953840765465982 0.3230902777777778 0.029282924107142855 0.021577380952380952
0 0.39140625 0.5444940476190476 0.22142857142857142 0.07767857142857143
1 0.2946028265465982 0.4652246315192744 0.027720424107142858 0.021577380952380952
0 0.6130580357142857 0.2902529761904762 0.22142857142857142 0.0644345238095238
1 0.5126745211297744 0.18095592403628116 0.020521763392857145 0.021577380952380952
0 0.6130580357142857 0.4323660714285714 0.22142857142857142 0.19538690476190476
1 0.5126745211297744 0.3230902777777778 0.020521763392857145 0.021577380952380952
0 0.6130580357142857 0.5605654761904761 0.22142857142857142 0.16875
1 0.5126884720226316 0.4652246315192744 0.02054966517857143 0.021577380952380952
0 0.8347098214285714 0.2658482142857143 0.22142857142857142 0.14479166666666668
1 0.7343525215165222 0.18095592403628116 0.020535714285714286 0.021577380952380952
0 0.8347098214285714 0.407514880952381 0.22142857142857142 0.1438988095238095
1 0.7343455460700936 0.3230902777777778 0.020521763392857145 0.021577380952380952
0 0.8347098214285714 0.5428571428571428 0.22142857142857142 0.10714285714285714
1 0.7343455460700936 0.4652246315192744 0.020521763392857145 0.021577380952380952
0 0.49832589285714285 0.679985119047619 0.8785714285714286 0.08229166666666667
1 0.0645961431241362 0.6073589852607709 0.011049107142857144 0.021577380952380952
