0 0.16975446428571428 0.22797619047619047 0.22142857142857142 0.15922619047619047
1 0.06267091990985048 0.18095592403628116 0.007198660714285714 0.021577380952380952
0 0.16975446428571428 0.41242559523809524 0.22142857142857142 0.08229166666666667
1 0.0645961431241362 0.3230902777777778 0.011049107142857144 0.021577380952380952
0 0.16975446428571428 0.6037946428571429 0.22142857142857142 0.153125
1 0.0665213663384219 0.4652246315192744 0.014899553571428572 0.021577380952380952
0 0.39140625 0.3209821428571429 0.22142857142857142 0.10029761904761905
1 0.2944842439573125 0.18095592403628116 0.027483258928571428 0.021577380952380952
0 0.39140625 0.3834077380952381 0.22142857142857142 0.15014880952380952
1 0.2953840765465982 0.3230902777777778 0.029282924107142855 0.021577380952380952
0 0.39140625 0.583110119047619 0.22142857142857142 0.09092261904761904
1 0.2946028265465982 0.4652246315192744 0.027720424107142858 0.021577380952380952
0 0.6130580357142857 0.31607142857142856 0.22142857142857142 0.15327380952380953
1 0.5126745211297744 0.18095592403628116 0.020521763392857145 0.021577380952380952
0 0.6130580357142857 0.4193452380952381 0.22142857142857142 0.21041666666666667
1 0.5126745211297744 0.3230902777777778 0.020521763392857145 0.021577380952380952
0 0.6130580357142857 0.5754464285714286 0.22142857142857142 0.21398809523809523
1 0.5126884720226316 0.4652246315192744 0.02054966517857143 0.021577380952380952
0 0.8347098214285714 0.23526785714285714 0.22142857142857142 0.2220238095238095
1 0.7343525215165222 0.18095592403628116 0.020535714285714286 0.021577380952380952
0 0.8347098214285714 0.3644345238095238 0.22142857142857142 0.18214285714285713
1 0.7343455460700936 0.3230902777777778 0.020521763392857145 0.021577380952380952
0 0.8347098214285714 0.5005952380952381 0.22142857142857142 0.15833333333333333
1 0.7343455460700936 0.4652246315192744 0.020521763392857145 0.021577380952380952
0 0.49832589285714285 0.6958333333333333 0.8785714285714286 0.08511904761904762
1 0.0645961431241362 0.6073589852607709 0.011049107142857144 0.021577380952380952
