0 0.2806919642857143 0.18839285714285714 0.44285714285714284 0.0943452380952381
1 0.06297304751642037 0.1388420414462081 0.007198660714285714 0.021577380952380952
0 0.2806919642857143 0.3090029761904762 0.44285714285714284 0.0918154761904762
1 0.06489827073070609 0.24939098324514994 0.011049107142857144 0.021577380952380952
0 0.2806919642857143 0.4546875 0.44285714285714284 0.07098214285714285
1 0.0668234939449918 0.35993992504409167 0.014899553571428572 0.021577380952380952
0 0.2806919642857143 0.5786458333333333 0.44285714285714284 0.07961309523809523
1 0.07311534662356323 0.47048886684303354 0.027483258928571428 0.021577380952380952
0 0.2806919642857143 0.6394345238095238 0.44285714285714284 0.07113095238095238
1 0.07401517921284895 0.5810378086419753 0.029282924107142855 0.021577380952380952
0 0.2806919642857143 0.7680059523809524 0.44285714285714284 0.06666666666666667
1 0.07323392921284894 0.6915867504409172 0.027720424107142858 0.021577380952380987
0 0.7237723214285714 0.27566964285714285 0.44285714285714284 0.19122023809523808
1 0.5126861414223348 0.1388420414462081 0.020521763392857145 0.021577380952380952
0 0.7237723214285714 0.4166666666666667 0.44285714285714284 0.6967261904761904
1 0.5126861414223348 0.24939098324514994 0.020521763392857145 0.021577380952380952
0 0.7237723214285714 0.40855654761904764 0.44285714285714284 0.21175595238095238
1 0.512700092315192 0.35993992504409167 0.02054966517857143 0.021577380952380952
0 0.7237723214285714 0.5030505952380953 0.44285714285714284 0.19270833333333334
1 0.5126931168687634 0.47048886684303354 0.020535714285714286 0.021577380952380952
0 0.7237723214285714 0.629985119047619 0.44285714285714284 0.2168154761904762
1 0.5126861414223348 0.5810378086419753 0.020521763392857145 0.021577380952380952
0 0.7237723214285714 0.7294642857142857 0.44285714285714284 0.15386904761904763
1 0.5126861414223348 0.6915867504409172 0.020521763392857145 0.021577380952380987
