0 0.16975446428571428 0.24144345238095238 0.22142857142857142 0.12782738095238094
1 0.06267091990985048 0.18095592403628116 0.007198660714285714 0.021577380952380952
0 0.16975446428571428 0.4023809523809524 0.22142857142857142 0.10714285714285714
1 0.0645961431241362 0.3230902777777778 0.011049107142857144 0.021577380952380952
0 0.16975446428571428 0.5776041666666667 0.22142857142857142 0.07366071428571429
1 0.0665213663384219 0.4652246315192744 0.014899553571428572 0.021577380952380952
0 0.39140625 0.32075892857142857 0.22142857142857142 0.11086309523809523
1 0.2944842439573125 0.18095592403628116 0.027483258928571428 0.021577380952380952
0 0.39140625 0.40126488095238094 0.22142857142857142 0.08794642857142858
1 0.2953840765465982 0.3230902777777778 0.029282924107142855 0.021577380952380952
0 0.39140625 0.5709077380952381 0.22142857142857142 0.061160714285714284
1 0.2946028265465982 0.4652246315192744 0.027720424107142858 0.021577380952380952
0 0.6130580357142857 0.2995535714285714 0.22142857142857142 0.07202380952380952
1 0.5126745211297744 0.18095592403628116 0.020521763392857145 0.021577380952380952
0 0.6130580357142857 0.42284226190476193 0.22142857142857142 0.0900297619047619
1 0.5126745211297744 0.3230902777777778 0.020521763392857145 0.021577380952380952
0 0.6130580357142857 0.5485119047619048 0.22142857142857142 0.17083333333333334
1 0.5126884720226316 0.4652246315192744 0.02054966517857143 0.021577380952380952
0 0.8347098214285714 0.2714285714285714 0.22142857142857142 0.1494047619047619
1 0.7343525215165222 0.18095592403628116 0.020535714285714286 0.021577380952380952
0 0.8347098214285714 0.38660714285714287 0.22142857142857142 0.2
1 0.7343455460700936 0.3230902777777778 0.020521763392857145 0.021577380952380952
0 0.8347098214285714 0.4908482142857143 0.22142857142857142 0.2087797619047619
1 0.7343455460700936 0.4652246315192744 0.020521763392857145 0.021577380952380952
0 0.49832589285714285 0.6914434523809524 0.8785714285714286 0.11651785714285715
1 0.0645961431241362 0.6073589852607709 0.011049107142857144 0.021577380952380952
