0 0.2806919642857143 0.1793154761904762 0.44285714285714284 0.10922619047619048
1 0.06297304751642037 0.1388420414462081 0.007198660714285714 0.021577380952380952
0 0.2806919642857143 0.33973214285714287 0.44285714285714284 0.06130952380952381
1 0.06489827073070609 0.24939098324514994 0.011049107142857144 0.021577380952380952
0 0.2806919642857143 0.48995535714285715 0.44285714285714284 0.1331845238095238
1 0.0668234939449918 0.35993992504409167 0.014899553571428572 0.021577380952380952
0 0.2806919642857143 0.573139880952381 0.44285714285714284 0.058779761904761904
1 0.07311534662356323 0.47048886684303354 0.027483258928571428 0.021577380952380952
0 0.2806919642857143 0.6193452380952381 0.44285714285714284 0.11845238095238095
1 0.07401517921284895 0.5810378086419753 0.029282924107142855 0.021577380952380952
0 0.2806919642857143 0.8012648809523809 0.44285714285714284 0.08556547619047619
1 0.07323392921284894 0.6915867504409172 0.027720424107142858 0.021577380952380987
0 0.7237723214285714 0.24144345238095238 0.44285714285714284 0.08348214285714285
1 0.5126861414223348 0.1388420414462081 0.020521763392857145 0.021577380952380952
0 0.7237723214285714 0.34278273809523807 0.44285714285714284 0.1367559523809524
1 0.5126861414223348 0.24939098324514994 0.020521763392857145 0.021577380952380952
0 0.7237723214285714 0.46205357142857145 0.44285714285714284 0.13333333333333333
1 0.512700092315192 0.35993992504409167 0.02054966517857143 0.021577380952380952
0 0.7237723214285714 0.5643601190476191 0.44285714285714284 0.1367559523809524
1 0.5126931168687634 0.47048886684303354 0.020535714285714286 0.021577380952380952
0 0.7237723214285714 0.6564732142857143 0.44285714285714284 0.11889880952380952
1 0.5126861414223348 0.5810378086419753 0.020521763392857145 0.021577380952380952
0 0.7237723214285714 0.7689732142857143 0.44285714285714284 0.06860119047619048
1 0.5126861414223348 0.6915867504409172 0.020521763392857145 0.021577380952380987
