0 0.5022879464285714 0.10773809523809524 0.8856026785714286 0.06666666666666667
1 0.0631253166160081 0.07988260582010584 0.007198660714285714 0.021577380952380952
0 0.5022879464285714 0.17291666666666666 0.8856026785714286 0.06726190476190476
1 0.06505053983029382 0.1462119708994709 0.011049107142857144 0.021577380952380952
0 0.5022879464285714 0.2688244047619048 0.8856026785714286 0.029017857142857144
1 0.06697576304457953 0.21254133597883595 0.014899553571428572 0.021577380952380952
0 0.5022879464285714 0.3572172619047619 0.8856026785714286 0.0662202380952381
1 0.07326761572315096 0.27887070105820105 0.027483258928571428 0.021577380952380952
0 0.5022879464285714 0.38511904761904764 0.8856026785714286 0.04107142857142857
1 0.07416744831243667 0.3452000661375661 0.029282924107142855 0.021577380952380952
0 0.5022879464285714 0.45126488095238093 0.8856026785714286 0.037351190476190475
1 0.07338619831243667 0.41152943121693125 0.027720424107142858 0.021577380952380952
0 0.5022879464285714 0.5424107142857143 0.8856026785714286 0.0494047619047619
1 0.06978686795529382 0.4778587962962963 0.020521763392857145 0.021577380952380952
0 0.5022879464285714 0.6057291666666667 0.8856026785714286 0.10580357142857143
1 0.06978686795529382 0.5441881613756614 0.020521763392857145 0.021577380952380952
0 0.5022879464285714 0.6550595238095238 0.8856026785714286 0.1130952380952381
1 0.06980081884815097 0.6105175264550264 0.02054966517857143 0.021577380952380952
0 0.5022879464285714 0.6944196428571429 0.8856026785714286 0.1331845238095238
1 0.06979384340172239 0.6768468915343916 0.020535714285714286 0.021577380952380952
0 0.5022879464285714 0.7580357142857143 0.8856026785714286 0.1
1 0.06978686795529382 0.7431762566137565 0.020521763392857145 0.021577380952380952
0 0.5022879464285714 0.8442708333333333 0.8856026785714286 0.06324404761904762
1 0.06978686795529382 0.8095056216931217 0.020521763392857145 0.021577380952380952
