0 0.16975446428571428 0.2563988095238095 0.22142857142857142 0.1
1 0.06267091990985048 0.18095592403628116 0.007198660714285714 0.021577380952380952
0 0.16975446428571428 0.38891369047619045 0.22142857142857142 0.13169642857142858
1 0.0645961431241362 0.3230902777777778 0.011049107142857144 0.021577380952380952
0 0.16975446428571428 0.5568452380952381 0.22142857142857142 0.07113095238095238
1 0.0665213663384219 0.4652246315192744 0.014899553571428572 0.021577380952380952
0 0.39140625 0.3185267857142857 0.22142857142857142 0.11235119047619048
1 0.2944842439573125 0.18095592403628116 0.027483258928571428 0.021577380952380952
0 0.39140625 0.42038690476190477 0.22142857142857142 0.05238095238095238
1 0.2953840765465982 0.3230902777777778 0.029282924107142855 0.021577380952380952
0 0.39140625 0.5463541666666667 0.22142857142857142 0.08854166666666667
1 0.2946028265465982 0.4652246315192744 0.027720424107142858 0.021577380952380952
0 0.6130580357142857 0.3265625 0.22142857142857142 0.13764880952380953
1 0.5126745211297744 0.18095592403628116 0.020521763392857145 0.021577380952380952
0 0.6130580357142857 0.45922619047619045 0.22142857142857142 0.21666666666666667
1 0.5126745211297744 0.3230902777777778 0.020521763392857145 0.021577380952380952
0 0.6130580357142857 0.5527529761904761 0.22142857142857142 0.18705357142857143
1 0.5126884720226316 0.4652246315192744 0.02054966517857143 0.021577380952380952
0 0.8347098214285714 0.23526785714285714 0.22142857142857142 0.2226190476190476
1 0.7343525215165222 0.18095592403628116 0.020535714285714286 0.021577380952380952
0 0.8347098214285714 0.38318452380952384 0.22142857142857142 0.19851190476190475
1 0.7343455460700936 0.3230902777777778 0.020521763392857145 0.021577380952380952
0 0.8347098214285714 0.5287946428571428 0.22142857142857142 0.13407738095238095
1 0.7343455460700936 0.4652246315192744 0.020521763392857145 0.021577380952380952
0 0.49832589285714285 0.6591517857142857 0.8785714285714286 0.15967261904761904
1 0.0645961431241362 0.6073589852607709 0.011049107142857144 0.021577380952380952
