0 0.2806919642857143 0.21376488095238094 0.44285714285714284 0.08020833333333334
1 0.06297304751642037 0.1388420414462081 0.007198660714285714 0.021577380952380952
0 0.2806919642857143 0.3296875 0.44285714285714284 0.10133928571428572
1 0.06489827073070609 0.24939098324514994 0.011049107142857144 0.021577380952380952
0 0.2806919642857143 0.4517113095238095 0.44285714285714284 0.11949404761904762
1 0.0668234939449918 0.35993992504409167 0.014899553571428572 0.021577380952380952
0 0.2806919642857143 0.5619791666666667 0.44285714285714284 0.07842261904761905
1 0.07311534662356323 0.47048886684303354 0.027483258928571428 0.021577380952380952
0 0.2806919642857143 0.6536458333333334 0.44285714285714284 0.08943452380952381
1 0.07401517921284895 0.5810378086419753 0.029282924107142855 0.021577380952380952
0 0.2806919642857143 0.778422619047619 0.44285714285714284 0.09791666666666667
1 0.07323392921284894 0.6915867504409172 0.027720424107142858 0.021577380952380987
0 0.7237723214285714 0.2855654761904762 0.44285714285714284 0.305952380952381
1 0.5126861414223348 0.1388420414462081 0.020521763392857145 0.021577380952380952
0 0.7237723214285714 0.4141369047619048 0.44285714285714284 0.36101190476190476
1 0.5126861414223348 0.24939098324514994 0.020521763392857145 0.021577380952380952
0 0.7237723214285714 0.5145089285714286 0.44285714285714284 0.29985119047619047
1 0.512700092315192 0.35993992504409167 0.02054966517857143 0.021577380952380952
0 0.7237723214285714 0.5496279761904762 0.44285714285714284 0.08348214285714285
1 0.5126931168687634 0.47048886684303354 0.020535714285714286 0.021577380952380952
0 0.7237723214285714 0.6495535714285714 0.44285714285714284 0.11071428571428571
1 0.5126861414223348 0.5810378086419753 0.020521763392857145 0.021577380952380952
0 0.7237723214285714 0.7604910714285714 0.44285714285714284 0.09360119047619048
1 0.5126861414223348 0.6915867504409172 0.020521763392857145 0.021577380952380987
