0 0.16975446428571428 0.26220238095238096 0.22142857142857142 0.13035714285714287
1 0.06267091990985048 0.18095592403628116 0.007198660714285714 0.021577380952380952
0 0.16975446428571428 0.3670386904761905 0.22142857142857142 0.2063988095238095
1 0.0645961431241362 0.3230902777777778 0.011049107142857144 0.021577380952380952
0 0.16975446428571428 0.5230654761904762 0.22142857142857142 0.2294642857142857
1 0.0665213663384219 0.4652246315192744 0.014899553571428572 0.021577380952380952
0 0.39140625 0.3101190476190476 0.22142857142857142 0.11488095238095238
1 0.2944842439573125 0.18095592403628116 0.027483258928571428 0.021577380952380952
0 0.39140625 0.4400297619047619 0.22142857142857142 0.1386904761904762
1 0.2953840765465982 0.3230902777777778 0.029282924107142855 0.021577380952380952
0 0.39140625 0.515922619047619 0.22142857142857142 0.2175595238095238
1 0.2946028265465982 0.4652246315192744 0.027720424107142858 0.021577380952380952
0 0.6130580357142857 0.32395833333333335 0.22142857142857142 0.18958333333333333
1 0.5126745211297744 0.18095592403628116 0.020521763392857145 0.021577380952380952
0 0.6130580357142857 0.47611607142857143 0.22142857142857142 0.24092261904761905
1 0.5126745211297744 0.3230902777777778 0.020521763392857145 0.021577380952380952
0 0.6130580357142857 0.5605654761904761 0.22142857142857142 0.19017857142857142
1 0.5126884720226316 0.4652246315192744 0.02054966517857143 0.021577380952380952
0 0.8347098214285714 0.24151785714285715 0.22142857142857142 0.18154761904761904
1 0.7343525215165222 0.18095592403628116 0.020535714285714286 0.021577380952380952
0 0.8347098214285714 0.36302083333333335 0.22142857142857142 0.19479166666666667
1 0.7343455460700936 0.3230902777777778 0.020521763392857145 0.021577380952380952
0 0.8347098214285714 0.5211309523809524 0.22142857142857142 0.17767857142857144
1 0.7343455460700936 0.4652246315192744 0.020521763392857145 0.021577380952380952
0 0.49832589285714285 0.6560267857142857 0.8785714285714286 0.2200892857142857
1 0.0645961431241362 0.6073589852607709 0.011049107142857144 0.021577380952380952
