0 0.2806919642857143 0.18660714285714286 0.44285714285714284 0.13363095238095238
1 0.06297304751642037 0.1388420414462081 0.007198660714285714 0.021577380952380952
0 0.2806919642857143 0.31688988095238096 0.44285714285714284 0.07098214285714285
1 0.06489827073070609 0.24939098324514994 0.011049107142857144 0.021577380952380952
0 0.2806919642857143 0.46726190476190477 0.44285714285714284 0.08928571428571429
1 0.0668234939449918 0.35993992504409167 0.014899553571428572 0.021577380952380952
0 0.2806919642857143 0.5766369047619048 0.44285714285714284 0.09583333333333334
1 0.07311534662356323 0.47048886684303354 0.027483258928571428 0.021577380952380952
0 0.2806919642857143 0.6342261904761904 0.44285714285714284 0.10982142857142857
1 0.07401517921284895 0.5810378086419753 0.029282924107142855 0.021577380952380952
0 0.2806919642857143 0.7800595238095238 0.44285714285714284 0.04047619047619048
1 0.07323392921284894 0.6915867504409172 0.027720424107142858 0.021577380952380987
0 0.7237723214285714 0.22574404761904762 0.44285714285714284 0.06101190476190476
1 0.5126861414223348 0.1388420414462081 0.020521763392857145 0.021577380952380952
0 0.7237723214285714 0.32641369047619045 0.44285714285714284 0.1043154761904762
1 0.5126861414223348 0.24939098324514994 0.020521763392857145 0.021577380952380952
0 0.7237723214285714 0.42611607142857144 0.44285714285714284 0.16086309523809525
1 0.512700092315192 0.35993992504409167 0.02054966517857143 0.021577380952380952
0 0.7237723214285714 0.5166666666666667 0.44285714285714284 0.20654761904761904
1 0.5126931168687634 0.47048886684303354 0.020535714285714286 0.021577380952380952
0 0.7237723214285714 0.6244047619047619 0.44285714285714284 0.14791666666666667
1 0.5126861414223348 0.5810378086419753 0.020521763392857145 0.021577380952380952
0 0.7237723214285714 0.7498511904761904 0.44285714285714284 0.08422619047619048
1 0.5126861414223348 0.6915867504409172 0.020521763392857145 0.021577380952380987
