0 0.16975446428571428 0.24040178571428572 0.22142857142857142 0.1269345238095238
1 0.06267091990985048 0.18095592403628116 0.007198660714285714 0.021577380952380952
0 0.16975446428571428 0.41242559523809524 0.22142857142857142 0.10044642857142858
1 0.0645961431241362 0.3230902777777778 0.011049107142857144 0.021577380952380952
0 0.16975446428571428 0.5872767857142858 0.22142857142857142 0.10550595238095238
1 0.0665213663384219 0.4652246315192744 0.014899553571428572 0.021577380952380952
0 0.39140625 0.31540178571428573 0.22142857142857142 0.08854166666666667
1 0.2944842439573125 0.18095592403628116 0.027483258928571428 0.021577380952380952
0 0.39140625 0.39352678571428573 0.22142857142857142 0.10729166666666666
1 0.2953840765465982 0.3230902777777778 0.029282924107142855 0.021577380952380952
0 0.39140625 0.571875 0.22142857142857142 0.08541666666666667
1 0.2946028265465982 0.4652246315192744 0.027720424107142858 0.021577380952380952
0 0.6130580357142857 0.33311011904761906 0.22142857142857142 0.14955357142857142
1 0.5126745211297744 0.18095592403628116 0.020521763392857145 0.021577380952380952
0 0.6130580357142857 0.48854166666666665 0.22142857142857142 0.2330357142857143
1 0.5126745211297744 0.3230902777777778 0.020521763392857145 0.021577380952380952
0 0.6130580357142857 0.6049851190476191 0.22142857142857142 0.2552083333333333
1 0.5126884720226316 0.4652246315192744 0.02054966517857143 0.021577380952380952
0 0.8347098214285714 0.26666666666666666 0.22142857142857142 0.3163690476190476
1 0.7343525215165222 0.18095592403628116 0.020535714285714286 0.021577380952380952
0 0.8347098214285714 0.31004464285714284 0.22142857142857142 0.32723214285714286
1 0.7343455460700936 0.3230902777777778 0.020521763392857145 0.021577380952380952
0 0.8347098214285714 0.5051339285714286 0.22142857142857142 0.1930059523809524
1 0.7343455460700936 0.4652246315192744 0.020521763392857145 0.021577380952380952
0 0.49832589285714285 0.7064732142857143 0.8785714285714286 0.12485119047619048
1 0.0645961431241362 0.6073589852607709 0.011049107142857144 0.021577380952380952
