0 0.16975446428571428 0.3054315476190476 0.22142857142857142 0.14538690476190477
1 0.06267091990985048 0.18095592403628116 0.007198660714285714 0.021577380952380952
0 0.16975446428571428 0.4659970238095238 0.22142857142857142 0.21860119047619048
1 0.0645961431241362 0.3230902777777778 0.011049107142857144 0.021577380952380952
0 0.16975446428571428 0.6137648809523809 0.22142857142857142 0.2947916666666667
1 0.0665213663384219 0.4652246315192744 0.014899553571428572 0.021577380952380952
0 0.39140625 0.2702380952380952 0.22142857142857142 0.0818452380952381
1 0.2944842439573125 0.18095592403628116 0.027483258928571428 0.021577380952380952
0 0.39140625 0.41555059523809523 0.22142857142857142 0.21770833333333334
1 0.2953840765465982 0.3230902777777778 0.029282924107142855 0.021577380952380952
0 0.39140625 0.6138392857142857 0.22142857142857142 0.25029761904761905
1 0.2946028265465982 0.4652246315192744 0.027720424107142858 0.021577380952380952
0 0.6130580357142857 0.2805803571428571 0.22142857142857142 0.0775297619047619
1 0.5126745211297744 0.18095592403628116 0.020521763392857145 0.021577380952380952
0 0.6130580357142857 0.35825892857142855 0.22142857142857142 0.24300595238095238
1 0.5126745211297744 0.3230902777777778 0.020521763392857145 0.021577380952380952
0 0.6130580357142857 0.5979910714285714 0.22142857142857142 0.178125
1 0.5126884720226316 0.4652246315192744 0.02054966517857143 0.021577380952380952
0 0.8347098214285714 0.31994047619047616 0.22142857142857142 0.18244047619047618
1 0.7343525215165222 0.18095592403628116 0.020535714285714286 0.021577380952380952
0 0.8347098214285714 0.42671130952380953 0.22142857142857142 0.1438988095238095
1 0.7343455460700936 0.3230902777777778 0.020521763392857145 0.021577380952380952
0 0.8347098214285714 0.5881696428571429 0.22142857142857142 0.10580357142857143
1 0.7343455460700936 0.4652246315192744 0.020521763392857145 0.021577380952380952
0 0.49832589285714285 0.7546130952380953 0.8785714285714286 0.22827380952380952
1 0.0645961431241362 0.6073589852607709 0.011049107142857144 0.021577380952380952
