0 0.16975446428571428 0.28348214285714285 0.22142857142857142 0.04196428571428571
1 0.06267091990985048 0.18095592403628116 0.007198660714285714 0.021577380952380952
0 0.16975446428571428 0.3848958333333333 0.22142857142857142 0.1305059523809524
1 0.0645961431241362 0.3230902777777778 0.011049107142857144 0.021577380952380952
0 0.16975446428571428 0.5308779761904762 0.22142857142857142 0.1150297619047619
1 0.0665213663384219 0.4652246315192744 0.014899553571428572 0.021577380952380952
0 0.39140625 0.3054315476190476 0.22142857142857142 0.078125
1 0.2944842439573125 0.18095592403628116 0.027483258928571428 0.021577380952380952
0 0.39140625 0.44188988095238096 0.22142857142857142 0.06205357142857143
1 0.2953840765465982 0.3230902777777778 0.029282924107142855 0.021577380952380952
0 0.39140625 0.5289434523809524 0.22142857142857142 0.12276785714285714
1 0.2946028265465982 0.4652246315192744 0.027720424107142858 0.021577380952380952
0 0.6130580357142857 0.3194940476190476 0.22142857142857142 0.09910714285714285
1 0.5126745211297744 0.18095592403628116 0.020521763392857145 0.021577380952380952
0 0.6130580357142857 0.47373511904761906 0.22142857142857142 0.19836309523809523
1 0.5126745211297744 0.3230902777777778 0.020521763392857145 0.021577380952380952
0 0.6130580357142857 0.5150297619047619 0.22142857142857142 0.14970238095238095
1 0.5126884720226316 0.4652246315192744 0.02054966517857143 0.021577380952380952
0 0.8347098214285714 0.2277529761904762 0.22142857142857142 0.15163690476190475
1 0.7343525215165222 0.18095592403628116 0.020535714285714286 0.021577380952380952
0 0.8347098214285714 0.378125 0.22142857142857142 0.13214285714285715
1 0.7343455460700936 0.3230902777777778 0.020521763392857145 0.021577380952380952
0 0.8347098214285714 0.5322172619047619 0.22142857142857142 0.11324404761904762
1 0.7343455460700936 0.4652246315192744 0.020521763392857145 0.021577380952380952
0 0.49832589285714285 0.6626488095238096 0.8785714285714286 0.14345238095238094
1 0.0645961431241362 0.6073589852607709 0.011049107142857144 0.021577380952380952
