0 0.2806919642857143 0.21026785714285715 0.44285714285714284 0.05267857142857143
1 0.06297304751642037 0.1388420414462081 0.007198660714285714 0.021577380952380952
0 0.2806919642857143 0.30431547619047616 0.44285714285714284 0.10446428571428572
1 0.06489827073070609 0.24939098324514994 0.011049107142857144 0.021577380952380952
0 0.2806919642857143 0.4152529761904762 0.44285714285714284 0.08645833333333333
1 0.0668234939449918 0.35993992504409167 0.014899553571428572 0.021577380952380952
0 0.2806919642857143 0.56875 0.44285714285714284 0.07023809523809524
1 0.07311534662356323 0.47048886684303354 0.027483258928571428 0.021577380952380952
0 0.2806919642857143 0.6697172619047619 0.44285714285714284 0.0537202380952381
1 0.07401517921284895 0.5810378086419753 0.029282924107142855 0.021577380952380952
0 0.2806919642857143 0.7475446428571428 0.44285714285714284 0.09270833333333334
1 0.07323392921284894 0.6915867504409172 0.027720424107142858 0.021577380952380987
0 0.7237723214285714 0.2502232142857143 0.44285714285714284 0.08258928571428571
1 0.5126861414223348 0.1388420414462081 0.020521763392857145 0.021577380952380952
0 0.7237723214285714 0.38244047619047616 0.44285714285714284 0.14702380952380953
1 0.5126861414223348 0.24939098324514994 0.020521763392857145 0.021577380952380952
0 0.7237723214285714 0.47172619047619047 0.44285714285714284 0.15208333333333332
1 0.512700092315192 0.35993992504409167 0.02054966517857143 0.021577380952380952
0 0.7237723214285714 0.5430803571428572 0.44285714285714284 0.15163690476190475
1 0.5126931168687634 0.47048886684303354 0.020535714285714286 0.021577380952380952
0 0.7237723214285714 0.6133184523809524 0.44285714285714284 0.18705357142857143
1 0.5126861414223348 0.5810378086419753 0.020521763392857145 0.021577380952380952
0 0.7237723214285714 0.7273065476190477 0.44285714285714284 0.1462797619047619
1 0.5126861414223348 0.6915867504409172 0.020521763392857145 0.021577380952380987
