0 0.16975446428571428 0.23950892857142858 0.22142857142857142 0.13199404761904762
1 0.06267091990985048 0.18095592403628116 0.007198660714285714 0.021577380952380952
0 0.16975446428571428 0.37745535714285716 0.22142857142857142 0.13764880952380953
1 0.0645961431241362 0.3230902777777778 0.011049107142857144 0.021577380952380952
0 0.16975446428571428 0.5346726190476191 0.22142857142857142 0.1705357142857143
1 0.0665213663384219 0.4652246315192744 0.014899553571428572 0.021577380952380952
0 0.39140625 0.3279761904761905 0.22142857142857142 0.12261904761904761
1 0.2944842439573125 0.18095592403628116 0.027483258928571428 0.021577380952380952
0 0.39140625 0.4185267857142857 0.22142857142857142 0.13824404761904763
1 0.2953840765465982 0.3230902777777778 0.029282924107142855 0.021577380952380952
0 0.39140625 0.5215773809523809 0.22142857142857142 0.14285714285714285
1 0.2946028265465982 0.4652246315192744 0.027720424107142858 0.021577380952380952
0 0.6130580357142857 0.33422619047619045 0.22142857142857142 0.14464285714285716
1 0.5126745211297744 0.18095592403628116 0.020521763392857145 0.021577380952380952
0 0.6130580357142857 0.46257440476190476 0.22142857142857142 0.18913690476190476
1 0.5126745211297744 0.3230902777777778 0.020521763392857145 0.021577380952380952
0 0.6130580357142857 0.5982142857142857 0.22142857142857142 0.17470238095238094
1 0.5126884720226316 0.4652246315192744 0.02054966517857143 0.021577380952380952
0 0.8347098214285714 0.27700892857142856 0.22142857142857142 0.21651785714285715
1 0.7343525215165222 0.18095592403628116 0.020535714285714286 0.021577380952380952
0 0.8347098214285714 0.3723958333333333 0.22142857142857142 0.22098214285714285
1 0.7343455460700936 0.3230902777777778 0.020521763392857145 0.021577380952380952
0 0.8347098214285714 0.5004464285714286 0.22142857142857142 0.20238095238095238
1 0.7343455460700936 0.4652246315192744 0.020521763392857145 0.021577380952380952
0 0.49832589285714285 0.6715029761904762 0.8785714285714286 0.15699404761904762
1 0.0645961431241362 0.6073589852607709 0.011049107142857144 0.021577380952380952
