0 0.2806919642857143 0.1572172619047619 0.44285714285714284 0.1930059523809524
1 0.06297304751642037 0.1388420414462081 0.007198660714285714 0.021577380952380952
0 0.2806919642857143 0.3236607142857143 0.44285714285714284 0.06904761904761905
1 0.06489827073070609 0.24939098324514994 0.011049107142857144 0.021577380952380952
0 0.2806919642857143 0.4959077380952381 0.44285714285714284 0.16086309523809525
1 0.0668234939449918 0.35993992504409167 0.014899553571428572 0.021577380952380952
0 0.2806919642857143 0.5886160714285714 0.44285714285714284 0.11860119047619047
1 0.07311534662356323 0.47048886684303354 0.027483258928571428 0.021577380952380952
0 0.2806919642857143 0.604389880952381 0.44285714285714284 0.17633928571428573
1 0.07401517921284895 0.5810378086419753 0.029282924107142855 0.021577380952380952
0 0.2806919642857143 0.7952380952380952 0.44285714285714284 0.07321428571428572
1 0.07323392921284894 0.6915867504409172 0.027720424107142858 0.021577380952380987
0 0.7237723214285714 0.27180059523809524 0.44285714285714284 0.15610119047619048
1 0.5126861414223348 0.1388420414462081 0.020521763392857145 0.021577380952380952
0 0.7237723214285714 0.38831845238095236 0.44285714285714284 0.26205357142857144
1 0.5126861414223348 0.24939098324514994 0.020521763392857145 0.021577380952380952
0 0.7237723214285714 0.5244791666666667 0.44285714285714284 0.3325892857142857
1 0.512700092315192 0.35993992504409167 0.02054966517857143 0.021577380952380952
0 0.7237723214285714 0.5978422619047619 0.44285714285714284 0.18288690476190475
1 0.5126931168687634 0.47048886684303354 0.020535714285714286 0.021577380952380952
0 0.7237723214285714 0.6724702380952381 0.44285714285714284 0.1380952380952381
1 0.5126861414223348 0.5810378086419753 0.020521763392857145 0.021577380952380952
0 0.7237723214285714 0.7223958333333333 0.44285714285714284 0.17663690476190477
1 0.5126861414223348 0.6915867504409172 0.020521763392857145 0.021577380952380987
