0 0.5022879464285714 0.12938988095238096 0.8856026785714286 0.031994047619047616
1 0.0631253166160081 0.07988260582010584 0.007198660714285714 0.021577380952380952
0 0.5022879464285714 0.20513392857142856 0.8856026785714286 0.03824404761904762
1 0.06505053983029382 0.1462119708994709 0.011049107142857144 0.021577380952380952
0 0.5022879464285714 0.27440476190476193 0.8856026785714286 0.04851190476190476
1 0.06697576304457953 0.21254133597883595 0.014899553571428572 0.021577380952380952
0 0.5022879464285714 0.33058035714285716 0.8856026785714286 0.02931547619047619
1 0.07326761572315096 0.27887070105820105 0.027483258928571428 0.021577380952380952
0 0.5022879464285714 0.39293154761904764 0.8856026785714286 0.03616071428571429
1 0.07416744831243667 0.3452000661375661 0.029282924107142855 0.021577380952380952
0 0.5022879464285714 0.4730654761904762 0.8856026785714286 0.03898809523809524
1 0.07338619831243667 0.41152943121693125 0.027720424107142858 0.021577380952380952
0 0.5022879464285714 0.5095982142857143 0.8856026785714286 0.07633928571428572
1 0.06978686795529382 0.4778587962962963 0.020521763392857145 0.021577380952380952
0 0.5022879464285714 0.5844494047619048 0.8856026785714286 0.0787202380952381
1 0.06978686795529382 0.5441881613756614 0.020521763392857145 0.021577380952380952
0 0.5022879464285714 0.6580357142857143 0.8856026785714286 0.0744047619047619
1 0.06980081884815097 0.6105175264550264 0.02054966517857143 0.021577380952380952
0 0.5022879464285714 0.7260416666666667 0.8856026785714286 0.1074404761904762
1 0.06979384340172239 0.6768468915343916 0.020535714285714286 0.021577380952380952
0 0.5022879464285714 0.7980654761904762 0.8856026785714286 0.04791666666666667
1 0.06978686795529382 0.7431762566137565 0.020521763392857145 0.021577380952380952
0 0.5022879464285714 0.8675595238095238 0.8856026785714286 0.03005952380952381
1 0.06978686795529382 0.8095056216931217 0.020521763392857145 0.021577380952380952
