0 0.16975446428571428 0.26316964285714284 0.22142857142857142 0.06770833333333333
1 0.06267091990985048 0.18095592403628116 0.007198660714285714 0.021577380952380952
0 0.16975446428571428 0.4090029761904762 0.22142857142857142 0.07961309523809523
1 0.0645961431241362 0.3230902777777778 0.011049107142857144 0.021577380952380952
0 0.16975446428571428 0.5726190476190476 0.22142857142857142 0.027083333333333334
1 0.0665213663384219 0.4652246315192744 0.014899553571428572 0.021577380952380952
0 0.39140625 0.3040178571428571 0.22142857142857142 0.07113095238095238
1 0.2944842439573125 0.18095592403628116 0.027483258928571428 0.021577380952380952
0 0.39140625 0.41629464285714285 0.22142857142857142 0.03794642857142857
1 0.2953840765465982 0.3230902777777778 0.029282924107142855 0.021577380952380952
0 0.39140625 0.5628720238095238 0.22142857142857142 0.05133928571428571
1 0.2946028265465982 0.4652246315192744 0.027720424107142858 0.021577380952380952
0 0.6130580357142857 0.3026785714285714 0.22142857142857142 0.07738095238095238
1 0.5126745211297744 0.18095592403628116 0.020521763392857145 0.021577380952380952
0 0.6130580357142857 0.44151785714285713 0.22142857142857142 0.17023809523809524
1 0.5126745211297744 0.3230902777777778 0.020521763392857145 0.021577380952380952
0 0.6130580357142857 0.5665922619047619 0.22142857142857142 0.13407738095238095
1 0.5126884720226316 0.4652246315192744 0.02054966517857143 0.021577380952380952
0 0.8347098214285714 0.26138392857142856 0.22142857142857142 0.12068452380952381
1 0.7343525215165222 0.18095592403628116 0.020535714285714286 0.021577380952380952
0 0.8347098214285714 0.3953125 0.22142857142857142 0.09657738095238096
1 0.7343455460700936 0.3230902777777778 0.020521763392857145 0.021577380952380952
0 0.8347098214285714 0.5383184523809523 0.22142857142857142 0.0787202380952381
1 0.7343455460700936 0.4652246315192744 0.020521763392857145 0.021577380952380952
0 0.49832589285714285 0.6890625 0.8785714285714286 0.08794642857142858
1 0.0645961431241362 0.6073589852607709 0.011049107142857144 0.021577380952380952
