0 0.5022879464285714 0.11904761904761904 0.8856026785714286 0.05863095238095238
1 0.0631253166160081 0.07988260582010584 0.007198660714285714 0.021577380952380952
0 0.5022879464285714 0.1896577380952381 0.8856026785714286 0.039732142857142855
1 0.06505053983029382 0.1462119708994709 0.011049107142857144 0.021577380952380952
0 0.5022879464285714 0.27232142857142855 0.8856026785714286 0.030357142857142857
1 0.06697576304457953 0.21254133597883595 0.014899553571428572 0.021577380952380952
0 0.5022879464285714 0.342485119047619 0.8856026785714286 0.04836309523809524
1 0.07326761572315096 0.27887070105820105 0.027483258928571428 0.021577380952380952
0 0.5022879464285714 0.3879464285714286 0.8856026785714286 0.04285714285714286
1 0.07416744831243667 0.3452000661375661 0.029282924107142855 0.021577380952380952
0 0.5022879464285714 0.4633184523809524 0.8856026785714286 0.018601190476190476
1 0.07338619831243667 0.41152943121693125 0.027720424107142858 0.021577380952380952
0 0.5022879464285714 0.5396577380952381 0.8856026785714286 0.04568452380952381
1 0.06978686795529382 0.4778587962962963 0.020521763392857145 0.021577380952380952
0 0.5022879464285714 0.5929315476190476 0.8856026785714286 0.1150297619047619
1 0.06978686795529382 0.5441881613756614 0.020521763392857145 0.021577380952380952
0 0.5022879464285714 0.6729166666666667 0.8856026785714286 0.1074404761904762
1 0.06980081884815097 0.6105175264550264 0.02054966517857143 0.021577380952380952
0 0.5022879464285714 0.741889880952381 0.8856026785714286 0.12336309523809524
1 0.06979384340172239 0.6768468915343916 0.020535714285714286 0.021577380952380952
0 0.5022879464285714 0.778422619047619 0.8856026785714286 0.0744047619047619
1 0.06978686795529382 0.7431762566137565 0.020521763392857145 0.021577380952380952
0 0.5022879464285714 0.8473958333333333 0.8856026785714286 0.058779761904761904
1 0.06978686795529382 0.8095056216931217 0.020521763392857145 0.021577380952380952
