0 0.16975446428571428 0.27038690476190474 0.22142857142857142 0.05654761904761905
1 0.06267091990985048 0.18095592403628116 0.007198660714285714 0.021577380952380952
0 0.16975446428571428 0.4205357142857143 0.22142857142857142 0.028273809523809524
1 0.0645961431241362 0.3230902777777778 0.011049107142857144 0.021577380952380952
0 0.16975446428571428 0.5730654761904762 0.22142857142857142 0.06666666666666667
1 0.0665213663384219 0.4652246315192744 0.014899553571428572 0.021577380952380952
0 0.39140625 0.2942708333333333 0.22142857142857142 0.028125
1 0.2944842439573125 0.18095592403628116 0.027483258928571428 0.021577380952380952
0 0.39140625 0.41651785714285716 0.22142857142857142 0.06041666666666667
1 0.2953840765465982 0.3230902777777778 0.029282924107142855 0.021577380952380952
0 0.39140625 0.5655505952380953 0.22142857142857142 0.042708333333333334
1 0.2946028265465982 0.4652246315192744 0.027720424107142858 0.021577380952380952
0 0.6130580357142857 0.3090029761904762 0.22142857142857142 0.090625
1 0.5126745211297744 0.18095592403628116 0.020521763392857145 0.021577380952380952
0 0.6130580357142857 0.48407738095238095 0.22142857142857142 0.26845238095238094
1 0.5126745211297744 0.3230902777777778 0.020521763392857145 0.021577380952380952
0 0.6130580357142857 0.6346726190476191 0.22142857142857142 0.31607142857142856
1 0.5126884720226316 0.4652246315192744 0.02054966517857143 0.021577380952380952
0 0.8347098214285714 0.30044642857142856 0.22142857142857142 0.1005952380952381
1 0.7343525215165222 0.18095592403628116 0.020535714285714286 0.021577380952380952
0 0.8347098214285714 0.4128720238095238 0.22142857142857142 0.058779761904761904
1 0.7343455460700936 0.3230902777777778 0.020521763392857145 0.021577380952380952
0 0.8347098214285714 0.5558779761904762 0.22142857142857142 0.061755952380952384
1 0.7343455460700936 0.4652246315192744 0.020521763392857145 0.021577380952380952
0 0.49832589285714285 0.705952380952381 0.8785714285714286 0.039285714285714285
1 0.0645961431241362 0.6073589852607709 0.011049107142857144 0.021577380952380952
