0 0.2806919642857143 0.20721726190476192 0.44285714285714284 0.04747023809523809
1 0.06297304751642037 0.1388420414462081 0.007198660714285714 0.021577380952380952
0 0.2806919642857143 0.29397321428571427 0.44285714285714284 0.12068452380952381
1 0.06489827073070609 0.24939098324514994 0.011049107142857144 0.021577380952380952
0 0.2806919642857143 0.41889880952380953 0.44285714285714284 0.09255952380952381
1 0.0668234939449918 0.35993992504409167 0.014899553571428572 0.021577380952380952
0 0.2806919642857143 0.5792410714285714 0.44285714285714284 0.07991071428571428
1 0.07311534662356323 0.47048886684303354 0.027483258928571428 0.021577380952380952
0 0.2806919642857143 0.6684523809523809 0.44285714285714284 0.03601190476190476
1 0.07401517921284895 0.5810378086419753 0.029282924107142855 0.021577380952380952
0 0.2806919642857143 0.7433035714285714 0.44285714285714284 0.10654761904761904
1 0.07323392921284894 0.6915867504409172 0.027720424107142858 0.021577380952380987
0 0.7237723214285714 0.25096726190476193 0.44285714285714284 0.15342261904761906
1 0.5126861414223348 0.1388420414462081 0.020521763392857145 0.021577380952380952
0 0.7237723214285714 0.36294642857142856 0.44285714285714284 0.18660714285714286
1 0.5126861414223348 0.24939098324514994 0.020521763392857145 0.021577380952380952
0 0.7237723214285714 0.4546875 0.44285714285714284 0.15104166666666666
1 0.512700092315192 0.35993992504409167 0.02054966517857143 0.021577380952380952
0 0.7237723214285714 0.500297619047619 0.44285714285714284 0.17113095238095238
1 0.5126931168687634 0.47048886684303354 0.020535714285714286 0.021577380952380952
0 0.7237723214285714 0.6235119047619048 0.44285714285714284 0.12797619047619047
1 0.5126861414223348 0.5810378086419753 0.020521763392857145 0.021577380952380952
0 0.7237723214285714 0.7325892857142857 0.44285714285714284 0.12708333333333333
1 0.5126861414223348 0.6915867504409172 0.020521763392857145 0.021577380952380987
