0 0.16975446428571428 0.2545386904761905 0.22142857142857142 0.09985119047619048
1 0.06267091990985048 0.18095592403628116 0.007198660714285714 0.021577380952380952
0 0.16975446428571428 0.39880952380952384 0.22142857142857142 0.10505952380952381
1 0.0645961431241362 0.3230902777777778 0.011049107142857144 0.021577380952380952
0 0.16975446428571428 0.5546130952380952 0.22142857142857142 0.06517857142857143
1 0.0665213663384219 0.4652246315192744 0.014899553571428572 0.021577380952380952
0 0.39140625 0.31197916666666664 0.22142857142857142 0.09330357142857143
1 0.2944842439573125 0.18095592403628116 0.027483258928571428 0.021577380952380952
0 0.39140625 0.4147321428571429 0.22142857142857142 0.06845238095238096
1 0.2953840765465982 0.3230902777777778 0.029282924107142855 0.021577380952380952
0 0.39140625 0.5508928571428572 0.22142857142857142 0.07738095238095238
1 0.2946028265465982 0.4652246315192744 0.027720424107142858 0.021577380952380952
0 0.6130580357142857 0.3145833333333333 0.22142857142857142 0.11547619047619048
1 0.5126745211297744 0.18095592403628116 0.020521763392857145 0.021577380952380952
0 0.6130580357142857 0.45349702380952384 0.22142857142857142 0.17217261904761905
1 0.5126745211297744 0.3230902777777778 0.020521763392857145 0.021577380952380952
0 0.6130580357142857 0.5715029761904762 0.22142857142857142 0.16324404761904762
1 0.5126884720226316 0.4652246315192744 0.02054966517857143 0.021577380952380952
0 0.8347098214285714 0.25305059523809526 0.22142857142857142 0.16294642857142858
1 0.7343525215165222 0.18095592403628116 0.020535714285714286 0.021577380952380952
0 0.8347098214285714 0.3747767857142857 0.22142857142857142 0.1438988095238095
1 0.7343455460700936 0.3230902777777778 0.020521763392857145 0.021577380952380952
0 0.8347098214285714 0.5191964285714286 0.22142857142857142 0.1255952380952381
1 0.7343455460700936 0.4652246315192744 0.020521763392857145 0.021577380952380952
0 0.49832589285714285 0.6733630952380952 0.8785714285714286 0.13005952380952382
1 0.0645961431241362 0.6073589852607709 0.011049107142857144 0.021577380952380952
