0 0.2806919642857143 0.20736607142857144 0.44285714285714284 0.06264880952380952
1 0.06297304751642037 0.1388420414462081 0.007198660714285714 0.021577380952380952
0 0.2806919642857143 0.3267857142857143 0.44285714285714284 0.040773809523809525
1 0.06489827073070609 0.24939098324514994 0.011049107142857144 0.021577380952380952
0 0.2806919642857143 0.44680059523809523 0.44285714285714284 0.06651785714285714
1 0.0668234939449918 0.35993992504409167 0.014899553571428572 0.021577380952380952
0 0.2806919642857143 0.559672619047619 0.44285714285714284 0.04702380952380952
1 0.07311534662356323 0.47048886684303354 0.027483258928571428 0.021577380952380952
0 0.2806919642857143 0.6535714285714286 0.44285714285714284 0.06279761904761905
1 0.07401517921284895 0.5810378086419753 0.029282924107142855 0.021577380952380952
0 0.2806919642857143 0.7701636904761905 0.44285714285714284 0.041220238095238095
1 0.07323392921284894 0.6915867504409172 0.027720424107142858 0.021577380952380987
0 0.7237723214285714 0.2304315476190476 0.44285714285714284 0.07336309523809524
1 0.5126861414223348 0.1388420414462081 0.020521763392857145 0.021577380952380952
0 0.7237723214285714 0.3398809523809524 0.44285714285714284 0.14732142857142858
1 0.5126861414223348 0.24939098324514994 0.020521763392857145 0.021577380952380952
0 0.7237723214285714 0.43273809523809526 0.44285714285714284 0.16398809523809524
1 0.512700092315192 0.35993992504409167 0.02054966517857143 0.021577380952380952
0 0.7237723214285714 0.5107142857142857 0.44285714285714284 0.19464285714285715
1 0.5126931168687634 0.47048886684303354 0.020535714285714286 0.021577380952380952
0 0.7237723214285714 0.6178571428571429 0.44285714285714284 0.1523809523809524
1 0.5126861414223348 0.5810378086419753 0.020521763392857145 0.021577380952380952
0 0.7237723214285714 0.7465773809523809 0.44285714285714284 0.09464285714285714
1 0.5126861414223348 0.6915867504409172 0.020521763392857145 0.021577380952380987
