0 0.16975446428571428 0.2726934523809524 0.22142857142857142 0.07633928571428572
1 0.06267091990985048 0.18095592403628116 0.007198660714285714 0.021577380952380952
0 0.16975446428571428 0.39754464285714286 0.22142857142857142 0.11681547619047619
1 0.0645961431241362 0.3230902777777778 0.011049107142857144 0.021577380952380952
0 0.16975446428571428 0.5634672619047619 0.22142857142857142 0.07336309523809524
1 0.0665213663384219 0.4652246315192744 0.014899553571428572 0.021577380952380952
0 0.39140625 0.3078869047619048 0.22142857142857142 0.08720238095238095
1 0.2944842439573125 0.18095592403628116 0.027483258928571428 0.021577380952380952
0 0.39140625 0.4255952380952381 0.22142857142857142 0.05238095238095238
1 0.2953840765465982 0.3230902777777778 0.029282924107142855 0.021577380952380952
0 0.39140625 0.5507440476190476 0.22142857142857142 0.09345238095238095
1 0.2946028265465982 0.4652246315192744 0.027720424107142858 0.021577380952380952
0 0.6130580357142857 0.29188988095238094 0.22142857142857142 0.08348214285714285
1 0.5126745211297744 0.18095592403628116 0.020521763392857145 0.021577380952380952
0 0.6130580357142857 0.4390625 0.22142857142857142 0.11532738095238096
1 0.5126745211297744 0.3230902777777778 0.020521763392857145 0.021577380952380952
0 0.6130580357142857 0.5773809523809523 0.22142857142857142 0.16398809523809524
1 0.5126884720226316 0.4652246315192744 0.02054966517857143 0.021577380952380952
0 0.8347098214285714 0.25044642857142857 0.22142857142857142 0.19672619047619047
1 0.7343525215165222 0.18095592403628116 0.020535714285714286 0.021577380952380952
0 0.8347098214285714 0.3764136904761905 0.22142857142857142 0.18705357142857143
1 0.7343455460700936 0.3230902777777778 0.020521763392857145 0.021577380952380952
0 0.8347098214285714 0.5236607142857143 0.22142857142857142 0.13005952380952382
1 0.7343455460700936 0.4652246315192744 0.020521763392857145 0.021577380952380952
0 0.49832589285714285 0.6787202380952381 0.8785714285714286 0.12648809523809523
1 0.0645961431241362 0.6073589852607709 0.011049107142857144 0.021577380952380952
