0 0.2806919642857143 0.19427083333333334 0.44285714285714284 0.08407738095238096
1 0.06297304751642037 0.1388420414462081 0.007198660714285714 0.021577380952380952
0 0.2806919642857143 0.30572916666666666 0.44285714285714284 0.09122023809523809
1 0.06489827073070609 0.24939098324514994 0.011049107142857144 0.021577380952380952
0 0.2806919642857143 0.44620535714285714 0.44285714285714284 0.03318452380952381
1 0.0668234939449918 0.35993992504409167 0.014899553571428572 0.021577380952380952
0 0.2806919642857143 0.5801339285714285 0.44285714285714284 0.0837797619047619
1 0.07311534662356323 0.47048886684303354 0.027483258928571428 0.021577380952380952
0 0.2806919642857143 0.6508184523809524 0.44285714285714284 0.045089285714285714
1 0.07401517921284895 0.5810378086419753 0.029282924107142855 0.021577380952380952
0 0.2806919642857143 0.7630208333333334 0.44285714285714284 0.06205357142857143
1 0.07323392921284894 0.6915867504409172 0.027720424107142858 0.021577380952380987
0 0.7237723214285714 0.23125 0.44285714285714284 0.08095238095238096
1 0.5126861414223348 0.1388420414462081 0.020521763392857145 0.021577380952380952
0 0.7237723214285714 0.33110119047619047 0.44285714285714284 0.12261904761904761
1 0.5126861414223348 0.24939098324514994 0.020521763392857145 0.021577380952380952
0 0.7237723214285714 0.44047619047619047 0.44285714285714284 0.0818452380952381
1 0.512700092315192 0.35993992504409167 0.02054966517857143 0.021577380952380952
0 0.7237723214285714 0.5219494047619048 0.44285714285714284 0.12514880952380952
1 0.5126931168687634 0.47048886684303354 0.020535714285714286 0.021577380952380952
0 0.7237723214285714 0.6214285714285714 0.44285714285714284 0.1324404761904762
1 0.5126861414223348 0.5810378086419753 0.020521763392857145 0.021577380952380952
0 0.7237723214285714 0.7297619047619047 0.44285714285714284 0.13005952380952382
1 0.5126861414223348 0.6915867504409172 0.020521763392857145 0.021577380952380987
