0 0.16975446428571428 0.2595982142857143 0.22142857142857142 0.0974702380952381
1 0.06267091990985048 0.18095592403628116 0.007198660714285714 0.021577380952380952
0 0.16975446428571428 0.4089285714285714 0.22142857142857142 0.08035714285714286
1 0.0645961431241362 0.3230902777777778 0.011049107142857144 0.021577380952380952
0 0.16975446428571428 0.5852678571428571 0.22142857142857142 0.05476190476190476
1 0.0665213663384219 0.4652246315192744 0.014899553571428572 0.021577380952380952
0 0.39140625 0.30558035714285714 0.22142857142857142 0.08616071428571428
1 0.2944842439573125 0.18095592403628116 0.027483258928571428 0.021577380952380952
0 0.39140625 0.40729166666666666 0.22142857142857142 0.07202380952380952
1 0.2953840765465982 0.3230902777777778 0.029282924107142855 0.021577380952380952
0 0.39140625 0.5613095238095238 0.22142857142857142 0.05089285714285714
1 0.2946028265465982 0.4652246315192744 0.027720424107142858 0.021577380952380952
0 0.6130580357142857 0.3314732142857143 0.22142857142857142 0.22455357142857144
1 0.5126745211297744 0.18095592403628116 0.020521763392857145 0.021577380952380952
0 0.6130580357142857 0.4973958333333333 0.22142857142857142 0.33407738095238093
1 0.5126745211297744 0.3230902777777778 0.020521763392857145 0.021577380952380952
0 0.6130580357142857 0.6438988095238095 0.22142857142857142 0.3586309523809524
1 0.5126884720226316 0.4652246315192744 0.02054966517857143 0.021577380952380952
0 0.8347098214285714 0.326860119047619 0.22142857142857142 0.16354166666666667
1 0.7343525215165222 0.18095592403628116 0.020535714285714286 0.021577380952380952
0 0.8347098214285714 0.33549107142857143 0.22142857142857142 0.28675595238095236
1 0.7343455460700936 0.3230902777777778 0.020521763392857145 0.021577380952380952
0 0.8347098214285714 0.46391369047619047 0.22142857142857142 0.3361607142857143
1 0.7343455460700936 0.4652246315192744 0.020521763392857145 0.021577380952380952
0 0.49832589285714285 0.6938988095238096 0.8785714285714286 0.0818452380952381
1 0.0645961431241362 0.6073589852607709 0.011049107142857144 0.021577380952380952
