0 0.2806919642857143 0.21086309523809524 0.44285714285714284 0.05178571428571429
1 0.06297304751642037 0.1388420414462081 0.007198660714285714 0.021577380952380952
0 0.2806919642857143 0.32254464285714285 0.44285714285714284 0.04300595238095238
1 0.06489827073070609 0.24939098324514994 0.011049107142857144 0.021577380952380952
0 0.2806919642857143 0.4460565476190476 0.44285714285714284 0.03169642857142857
1 0.0668234939449918 0.35993992504409167 0.014899553571428572 0.021577380952380952
0 0.2806919642857143 0.5615327380952381 0.44285714285714284 0.044196428571428574
1 0.07311534662356323 0.47048886684303354 0.027483258928571428 0.021577380952380952
0 0.2806919642857143 0.6563988095238096 0.44285714285714284 0.03988095238095238
1 0.07401517921284895 0.5810378086419753 0.029282924107142855 0.021577380952380952
0 0.2806919642857143 0.7713541666666667 0.44285714285714284 0.02693452380952381
1 0.07323392921284894 0.6915867504409172 0.027720424107142858 0.021577380952380987
0 0.7237723214285714 0.24419642857142856 0.44285714285714284 0.08928571428571429
1 0.5126861414223348 0.1388420414462081 0.020521763392857145 0.021577380952380952
0 0.7237723214285714 0.35052083333333334 0.44285714285714284 0.12038690476190476
1 0.5126861414223348 0.24939098324514994 0.020521763392857145 0.021577380952380952
0 0.7237723214285714 0.4324404761904762 0.44285714285714284 0.13690476190476192
1 0.512700092315192 0.35993992504409167 0.02054966517857143 0.021577380952380952
0 0.7237723214285714 0.5322172619047619 0.44285714285714284 0.13080357142857144
1 0.5126931168687634 0.47048886684303354 0.020535714285714286 0.021577380952380952
0 0.7237723214285714 0.6473958333333333 0.44285714285714284 0.0974702380952381
1 0.5126861414223348 0.5810378086419753 0.020521763392857145 0.021577380952380952
0 0.7237723214285714 0.7581845238095238 0.44285714285714284 0.06398809523809523
1 0.5126861414223348 0.6915867504409172 0.020521763392857145 0.021577380952380987
