0 0.5022879464285714 0.12105654761904762 0.8856026785714286 0.07038690476190476
1 0.0631253166160081 0.07988260582010584 0.007198660714285714 0.021577380952380952
0 0.5022879464285714 0.19680059523809523 0.8856026785714286 0.0974702380952381
1 0.06505053983029382 0.1462119708994709 0.011049107142857144 0.021577380952380952
0 0.5022879464285714 0.28608630952380953 0.8856026785714286 0.09032738095238095
1 0.06697576304457953 0.21254133597883595 0.014899553571428572 0.021577380952380952
0 0.5022879464285714 0.3474702380952381 0.8856026785714286 0.06547619047619048
1 0.07326761572315096 0.27887070105820105 0.027483258928571428 0.021577380952380952
0 0.5022879464285714 0.38318452380952384 0.8856026785714286 0.07321428571428572
1 0.07416744831243667 0.3452000661375661 0.029282924107142855 0.021577380952380952
0 0.5022879464285714 0.47693452380952384 0.8856026785714286 0.08333333333333333
1 0.07338619831243667 0.41152943121693125 0.027720424107142858 0.021577380952380952
0 0.5022879464285714 0.5377232142857142 0.8856026785714286 0.05044642857142857
1 0.06978686795529382 0.4778587962962963 0.020521763392857145 0.021577380952380952
0 0.5022879464285714 0.6299107142857143 0.8856026785714286 0.1380952380952381
1 0.06978686795529382 0.5441881613756614 0.020521763392857145 0.021577380952380952
0 0.5022879464285714 0.6719494047619048 0.8856026785714286 0.09508928571428571
1 0.06980081884815097 0.6105175264550264 0.02054966517857143 0.021577380952380952
0 0.5022879464285714 0.7443452380952381 0.8856026785714286 0.07767857142857143
1 0.06979384340172239 0.6768468915343916 0.020535714285714286 0.021577380952380952
0 0.5022879464285714 0.7962053571428571 0.8856026785714286 0.06651785714285714
1 0.06978686795529382 0.7431762566137565 0.020521763392857145 0.021577380952380952
0 0.5022879464285714 0.8615327380952381 0.8856026785714286 0.054910714285714285
1 0.06978686795529382 0.8095056216931217 0.020521763392857145 0.021577380952380952
