0 0.16975446428571428 0.2506696428571429 0.22142857142857142 0.10401785714285715
1 0.06267091990985048 0.18095592403628116 0.007198660714285714 0.021577380952380952
0 0.16975446428571428 0.39025297619047616 0.22142857142857142 0.10788690476190477
1 0.0645961431241362 0.3230902777777778 0.011049107142857144 0.021577380952380952
0 0.16975446428571428 0.5590029761904762 0.22142857142857142 0.08854166666666667
1 0.0665213663384219 0.4652246315192744 0.014899553571428572 0.021577380952380952
0 0.39140625 0.3181547619047619 0.22142857142857142 0.10089285714285715
1 0.2944842439573125 0.18095592403628116 0.027483258928571428 0.021577380952380952
0 0.39140625 0.41636904761904764 0.22142857142857142 0.09077380952380952
1 0.2953840765465982 0.3230902777777778 0.029282924107142855 0.021577380952380952
0 0.39140625 0.55 0.22142857142857142 0.07410714285714286
1 0.2946028265465982 0.4652246315192744 0.027720424107142858 0.021577380952380952
0 0.6130580357142857 0.3253720238095238 0.22142857142857142 0.14866071428571428
1 0.5126745211297744 0.18095592403628116 0.020521763392857145 0.021577380952380952
0 0.6130580357142857 0.48601190476190476 0.22142857142857142 0.2550595238095238
1 0.5126745211297744 0.3230902777777778 0.020521763392857145 0.021577380952380952
0 0.6130580357142857 0.624702380952381 0.22142857142857142 0.23720238095238094
1 0.5126884720226316 0.4652246315192744 0.02054966517857143 0.021577380952380952
0 0.8347098214285714 0.3340029761904762 0.22142857142857142 0.19538690476190476
1 0.7343525215165222 0.18095592403628116 0.020535714285714286 0.021577380952380952
0 0.8347098214285714 0.38511904761904764 0.22142857142857142 0.17916666666666667
1 0.7343455460700936 0.3230902777777778 0.020521763392857145 0.021577380952380952
0 0.8347098214285714 0.5224702380952381 0.22142857142857142 0.11398809523809524
1 0.7343455460700936 0.4652246315192744 0.020521763392857145 0.021577380952380952
0 0.49832589285714285 0.6729910714285714 0.8785714285714286 0.11056547619047619
1 0.0645961431241362 0.6073589852607709 0.011049107142857144 0.021577380952380952
