0 0.2806919642857143 0.21733630952380953 0.44285714285714284 0.026041666666666668
1 0.06297304751642037 0.1388420414462081 0.007198660714285714 0.021577380952380952
0 0.2806919642857143 0.29970238095238094 0.44285714285714284 0.09017857142857143
1 0.06489827073070609 0.24939098324514994 0.011049107142857144 0.021577380952380952
0 0.2806919642857143 0.4160714285714286 0.44285714285714284 0.08898809523809524
1 0.0668234939449918 0.35993992504409167 0.014899553571428572 0.021577380952380952
0 0.2806919642857143 0.5685267857142857 0.44285714285714284 0.0537202380952381
1 0.07311534662356323 0.47048886684303354 0.027483258928571428 0.021577380952380952
0 0.2806919642857143 0.6720238095238096 0.44285714285714284 0.04880952380952381
1 0.07401517921284895 0.5810378086419753 0.029282924107142855 0.021577380952380952
0 0.2806919642857143 0.7441220238095239 0.44285714285714284 0.08824404761904762
1 0.07323392921284894 0.6915867504409172 0.027720424107142858 0.021577380952380987
0 0.7237723214285714 0.2476934523809524 0.44285714285714284 0.09449404761904762
1 0.5126861414223348 0.1388420414462081 0.020521763392857145 0.021577380952380952
0 0.7237723214285714 0.35982142857142857 0.44285714285714284 0.1375
1 0.5126861414223348 0.24939098324514994 0.020521763392857145 0.021577380952380952
0 0.7237723214285714 0.4517857142857143 0.44285714285714284 0.11607142857142858
1 0.512700092315192 0.35993992504409167 0.02054966517857143 0.021577380952380952
0 0.7237723214285714 0.5074404761904762 0.44285714285714284 0.13125
1 0.5126931168687634 0.47048886684303354 0.020535714285714286 0.021577380952380952
0 0.7237723214285714 0.6264880952380952 0.44285714285714284 0.12470238095238095
1 0.5126861414223348 0.5810378086419753 0.020521763392857145 0.021577380952380952
0 0.7237723214285714 0.7439732142857143 0.44285714285714284 0.09717261904761905
1 0.5126861414223348 0.6915867504409172 0.020521763392857145 0.021577380952380987
