0 0.2806919642857143 0.20870535714285715 0.44285714285714284 0.04806547619047619
1 0.06297304751642037 0.1388420414462081 0.007198660714285714 0.021577380952380952
0 0.2806919642857143 0.3267113095238095 0.44285714285714284 0.05163690476190476
1 0.06489827073070609 0.24939098324514994 0.011049107142857144 0.021577380952380952
0 0.2806919642857143 0.4519345238095238 0.44285714285714284 0.03482142857142857
1 0.0668234939449918 0.35993992504409167 0.014899553571428572 0.021577380952380952
0 0.2806919642857143 0.5628720238095238 0.44285714285714284 0.04627976190476191
1 0.07311534662356323 0.47048886684303354 0.027483258928571428 0.021577380952380952
0 0.2806919642857143 0.6537946428571428 0.44285714285714284 0.03467261904761905
1 0.07401517921284895 0.5810378086419753 0.029282924107142855 0.021577380952380952
0 0.2806919642857143 0.7746279761904762 0.44285714285714284 0.039732142857142855
1 0.07323392921284894 0.6915867504409172 0.027720424107142858 0.021577380952380987
0 0.7237723214285714 0.23772321428571427 0.44285714285714284 0.07336309523809524
1 0.5126861414223348 0.1388420414462081 0.020521763392857145 0.021577380952380952
0 0.7237723214285714 0.3732142857142857 0.44285714285714284 0.1529761904761905
1 0.5126861414223348 0.24939098324514994 0.020521763392857145 0.021577380952380952
0 0.7237723214285714 0.45669642857142856 0.44285714285714284 0.14434523809523808
1 0.512700092315192 0.35993992504409167 0.02054966517857143 0.021577380952380952
0 0.7237723214285714 0.5186755952380953 0.44285714285714284 0.1819940476190476
1 0.5126931168687634 0.47048886684303354 0.020535714285714286 0.021577380952380952
0 0.7237723214285714 0.6225446428571428 0.44285714285714284 0.11979166666666667
1 0.5126861414223348 0.5810378086419753 0.020521763392857145 0.021577380952380952
0 0.7237723214285714 0.7537946428571428 0.44285714285714284 0.08854166666666667
1 0.5126861414223348 0.6915867504409172 0.020521763392857145 0.021577380952380987
