0 0.16975446428571428 0.2630952380952381 0.22142857142857142 0.07261904761904762
1 0.06267091990985048 0.18095592403628116 0.007198660714285714 0.021577380952380952
0 0.16975446428571428 0.3898809523809524 0.22142857142857142 0.16071428571428573
1 0.0645961431241362 0.3230902777777778 0.011049107142857144 0.021577380952380952
0 0.16975446428571428 0.5566964285714285 0.22142857142857142 0.1005952380952381
1 0.0665213663384219 0.4652246315192744 0.014899553571428572 0.021577380952380952
0 0.39140625 0.3132440476190476 0.22142857142857142 0.11607142857142858
1 0.2944842439573125 0.18095592403628116 0.027483258928571428 0.021577380952380952
0 0.39140625 0.42038690476190477 0.22142857142857142 0.03244047619047619
1 0.2953840765465982 0.3230902777777778 0.029282924107142855 0.021577380952380952
0 0.39140625 0.5444940476190476 0.22142857142857142 0.13035714285714287
1 0.2946028265465982 0.4652246315192744 0.027720424107142858 0.021577380952380952
0 0.6130580357142857 0.3423363095238095 0.22142857142857142 0.18377976190476192
1 0.5126745211297744 0.18095592403628116 0.020521763392857145 0.021577380952380952
0 0.6130580357142857 0.43125 0.22142857142857142 0.09077380952380952
1 0.5126745211297744 0.3230902777777778 0.020521763392857145 0.021577380952380952
0 0.6130580357142857 0.4954613095238095 0.22142857142857142 0.17961309523809524
1 0.5126884720226316 0.4652246315192744 0.02054966517857143 0.021577380952380952
0 0.8347098214285714 0.21703869047619048 0.22142857142857142 0.16413690476190476
1 0.7343525215165222 0.18095592403628116 0.020535714285714286 0.021577380952380952
0 0.8347098214285714 0.37410714285714286 0.22142857142857142 0.13035714285714287
1 0.7343455460700936 0.3230902777777778 0.020521763392857145 0.021577380952380952
0 0.8347098214285714 0.5314732142857143 0.22142857142857142 0.11205357142857143
1 0.7343455460700936 0.4652246315192744 0.020521763392857145 0.021577380952380952
0 0.49832589285714285 0.6665178571428572 0.8785714285714286 0.1761904761904762
1 0.0645961431241362 0.6073589852607709 0.011049107142857144 0.021577380952380952
