0 0.2806919642857143 0.18608630952380953 0.44285714285714284 0.09895833333333333
1 0.06297304751642037 0.1388420414462081 0.007198660714285714 0.021577380952380952
0 0.2806919642857143 0.3027529761904762 0.44285714285714284 0.10461309523809524
1 0.06489827073070609 0.24939098324514994 0.011049107142857144 0.021577380952380952
0 0.2806919642857143 0.4503720238095238 0.44285714285714284 0.05967261904761905
1 0.0668234939449918 0.35993992504409167 0.014899553571428572 0.021577380952380952
0 0.2806919642857143 0.5834821428571428 0.44285714285714284 0.09553571428571428
1 0.07311534662356323 0.47048886684303354 0.027483258928571428 0.021577380952380952
0 0.2806919642857143 0.6441964285714286 0.44285714285714284 0.07232142857142858
1 0.07401517921284895 0.5810378086419753 0.029282924107142855 0.021577380952380952
0 0.2806919642857143 0.7645089285714286 0.44285714285714284 0.07276785714285715
1 0.07323392921284894 0.6915867504409172 0.027720424107142858 0.021577380952380987
0 0.7237723214285714 0.2501488095238095 0.44285714285714284 0.0988095238095238
1 0.5126861414223348 0.1388420414462081 0.020521763392857145 0.021577380952380952
0 0.7237723214285714 0.34211309523809524 0.44285714285714284 0.07767857142857143
1 0.5126861414223348 0.24939098324514994 0.020521763392857145 0.021577380952380952
0 0.7237723214285714 0.45 0.44285714285714284 0.06696428571428571
1 0.512700092315192 0.35993992504409167 0.02054966517857143 0.021577380952380952
0 0.7237723214285714 0.49315476190476193 0.44285714285714284 0.1988095238095238
1 0.5126931168687634 0.47048886684303354 0.020535714285714286 0.021577380952380952
0 0.7237723214285714 0.5827380952380953 0.44285714285714284 0.20625
1 0.5126861414223348 0.5810378086419753 0.020521763392857145 0.021577380952380952
0 0.7237723214285714 0.7129464285714285 0.44285714285714284 0.16160714285714287
1 0.5126861414223348 0.6915867504409172 0.020521763392857145 0.021577380952380987
