0 0.16975446428571428 0.256547619047619 0.22142857142857142 0.08601190476190476
1 0.06267091990985048 0.18095592403628116 0.007198660714285714 0.021577380952380952
0 0.16975446428571428 0.4064732142857143 0.22142857142857142 0.07217261904761904
1 0.0645961431241362 0.3230902777777778 0.011049107142857144 0.021577380952380952
0 0.16975446428571428 0.5691964285714286 0.22142857142857142 0.04583333333333333
1 0.0665213663384219 0.4652246315192744 0.014899553571428572 0.021577380952380952
0 0.39140625 0.3090029761904762 0.22142857142857142 0.07693452380952381
1 0.2944842439573125 0.18095592403628116 0.027483258928571428 0.021577380952380952
0 0.39140625 0.4122767857142857 0.22142857142857142 0.0644345238095238
1 0.2953840765465982 0.3230902777777778 0.029282924107142855 0.021577380952380952
0 0.39140625 0.5638392857142858 0.22142857142857142 0.03422619047619048
1 0.2946028265465982 0.4652246315192744 0.027720424107142858 0.021577380952380952
0 0.6130580357142857 0.30558035714285714 0.22142857142857142 0.08467261904761905
1 0.5126745211297744 0.18095592403628116 0.020521763392857145 0.021577380952380952
0 0.6130580357142857 0.4497767857142857 0.22142857142857142 0.13199404761904762
1 0.5126745211297744 0.3230902777777778 0.020521763392857145 0.021577380952380952
0 0.6130580357142857 0.5479910714285714 0.22142857142857142 0.23675595238095237
1 0.5126884720226316 0.4652246315192744 0.02054966517857143 0.021577380952380952
0 0.8347098214285714 0.23519345238095238 0.22142857142857142 0.2162202380952381
1 0.7343525215165222 0.18095592403628116 0.020535714285714286 0.021577380952380952
0 0.8347098214285714 0.3845982142857143 0.22142857142857142 0.11473214285714285
1 0.7343455460700936 0.3230902777777778 0.020521763392857145 0.021577380952380952
0 0.8347098214285714 0.5333333333333333 0.22142857142857142 0.09047619047619047
1 0.7343455460700936 0.4652246315192744 0.020521763392857145 0.021577380952380952
0 0.49832589285714285 0.6906994047619047 0.8785714285714286 0.07217261904761904
1 0.0645961431241362 0.6073589852607709 0.011049107142857144 0.021577380952380952
