0 0.5022879464285714 0.11949404761904762 0.8856026785714286 0.0494047619047619
1 0.0631253166160081 0.07988260582010584 0.007198660714285714 0.021577380952380952
0 0.5022879464285714 0.18816964285714285 0.8856026785714286 0.09300595238095238
1 0.06505053983029382 0.1462119708994709 0.011049107142857144 0.021577380952380952
0 0.5022879464285714 0.2648065476190476 0.8856026785714286 0.06741071428571428
1 0.06697576304457953 0.21254133597883595 0.014899553571428572 0.021577380952380952
0 0.5022879464285714 0.3443452380952381 0.8856026785714286 0.06696428571428571
1 0.07326761572315096 0.27887070105820105 0.027483258928571428 0.021577380952380952
0 0.5022879464285714 0.3927083333333333 0.8856026785714286 0.04523809523809524
1 0.07416744831243667 0.3452000661375661 0.029282924107142855 0.021577380952380952
0 0.5022879464285714 0.45930059523809524 0.8856026785714286 0.0787202380952381
1 0.07338619831243667 0.41152943121693125 0.027720424107142858 0.021577380952380952
0 0.5022879464285714 0.5401785714285714 0.8856026785714286 0.0630952380952381
1 0.06978686795529382 0.4778587962962963 0.020521763392857145 0.021577380952380952
0 0.5022879464285714 0.5927083333333333 0.8856026785714286 0.12767857142857142
1 0.06978686795529382 0.5441881613756614 0.020521763392857145 0.021577380952380952
0 0.5022879464285714 0.659077380952381 0.8856026785714286 0.12261904761904761
1 0.06980081884815097 0.6105175264550264 0.02054966517857143 0.021577380952380952
0 0.5022879464285714 0.7224702380952381 0.8856026785714286 0.15029761904761904
1 0.06979384340172239 0.6768468915343916 0.020535714285714286 0.021577380952380952
0 0.5022879464285714 0.8111607142857142 0.8856026785714286 0.2517857142857143
1 0.06978686795529382 0.7431762566137565 0.020521763392857145 0.021577380952380952
0 0.5022879464285714 0.8734375 0.8856026785714286 0.1650297619047619
1 0.06978686795529382 0.8095056216931217 0.020521763392857145 0.021577380952380952
