0 0.2806919642857143 0.2125 0.44285714285714284 0.03630952380952381
1 0.06297304751642037 0.1388420414462081 0.007198660714285714 0.021577380952380952
0 0.2806919642857143 0.34188988095238093 0.44285714285714284 0.07842261904761905
1 0.06489827073070609 0.24939098324514994 0.011049107142857144 0.021577380952380952
0 0.2806919642857143 0.462202380952381 0.44285714285714284 0.07648809523809524
1 0.0668234939449918 0.35993992504409167 0.014899553571428572 0.021577380952380952
0 0.2806919642857143 0.552157738095238 0.44285714285714284 0.04330357142857143
1 0.07311534662356323 0.47048886684303354 0.027483258928571428 0.021577380952380952
0 0.2806919642857143 0.6485119047619048 0.44285714285714284 0.04642857142857143
1 0.07401517921284895 0.5810378086419753 0.029282924107142855 0.021577380952380952
0 0.2806919642857143 0.7889136904761904 0.44285714285714284 0.0775297619047619
1 0.07323392921284894 0.6915867504409172 0.027720424107142858 0.021577380952380987
0 0.7237723214285714 0.24635416666666668 0.44285714285714284 0.07514880952380952
1 0.5126861414223348 0.1388420414462081 0.020521763392857145 0.021577380952380952
0 0.7237723214285714 0.3639880952380952 0.44285714285714284 0.1282738095238095
1 0.5126861414223348 0.24939098324514994 0.020521763392857145 0.021577380952380952
0 0.7237723214285714 0.46138392857142857 0.44285714285714284 0.13764880952380953
1 0.512700092315192 0.35993992504409167 0.02054966517857143 0.021577380952380952
0 0.7237723214285714 0.5659226190476191 0.44285714285714284 0.1488095238095238
1 0.5126931168687634 0.47048886684303354 0.020535714285714286 0.021577380952380952
0 0.7237723214285714 0.6628720238095238 0.44285714285714284 0.10848214285714286
1 0.5126861414223348 0.5810378086419753 0.020521763392857145 0.021577380952380952
0 0.7237723214285714 0.7646577380952381 0.44285714285714284 0.07098214285714285
1 0.5126861414223348 0.6915867504409172 0.020521763392857145 0.021577380952380987
