0 0.16975446428571428 0.271875 0.22142857142857142 0.08392857142857142
1 0.06267091990985048 0.18095592403628116 0.007198660714285714 0.021577380952380952
0 0.16975446428571428 0.41770833333333335 0.22142857142857142 0.09642857142857143
1 0.0645961431241362 0.3230902777777778 0.011049107142857144 0.021577380952380952
0 0.16975446428571428 0.5790178571428571 0.22142857142857142 0.035416666666666666
1 0.0665213663384219 0.4652246315192744 0.014899553571428572 0.021577380952380952
0 0.39140625 0.29538690476190477 0.22142857142857142 0.08720238095238095
1 0.2944842439573125 0.18095592403628116 0.027483258928571428 0.021577380952380952
0 0.39140625 0.4159970238095238 0.22142857142857142 0.04717261904761905
1 0.2953840765465982 0.3230902777777778 0.029282924107142855 0.021577380952380952
0 0.39140625 0.5676339285714286 0.22142857142857142 0.06145833333333333
1 0.2946028265465982 0.4652246315192744 0.027720424107142858 0.021577380952380952
0 0.6130580357142857 0.3105654761904762 0.22142857142857142 0.10922619047619048
1 0.5126745211297744 0.18095592403628116 0.020521763392857145 0.021577380952380952
0 0.6130580357142857 0.4707589285714286 0.22142857142857142 0.1611607142857143
1 0.5126745211297744 0.3230902777777778 0.020521763392857145 0.021577380952380952
0 0.6130580357142857 0.5903273809523809 0.22142857142857142 0.1550595238095238
1 0.5126884720226316 0.4652246315192744 0.02054966517857143 0.021577380952380952
0 0.8347098214285714 0.2701636904761905 0.22142857142857142 0.13973214285714286
1 0.7343525215165222 0.18095592403628116 0.020535714285714286 0.021577380952380952
0 0.8347098214285714 0.3964285714285714 0.22142857142857142 0.10714285714285714
1 0.7343455460700936 0.3230902777777778 0.020521763392857145 0.021577380952380952
0 0.8347098214285714 0.538764880952381 0.22142857142857142 0.07455357142857143
1 0.7343455460700936 0.4652246315192744 0.020521763392857145 0.021577380952380952
0 0.49832589285714285 0.6953125 0.8785714285714286 0.10967261904761905
1 0.0645961431241362 0.6073589852607709 0.011049107142857144 0.021577380952380952
