0 0.2806919642857143 0.19122023809523808 0.44285714285714284 0.08333333333333333
1 0.06297304751642037 0.1388420414462081 0.007198660714285714 0.021577380952380952
0 0.2806919642857143 0.31860119047619045 0.44285714285714284 0.04255952380952381
1 0.06489827073070609 0.24939098324514994 0.011049107142857144 0.021577380952380952
0 0.2806919642857143 0.4595982142857143 0.44285714285714284 0.06354166666666666
1 0.0668234939449918 0.35993992504409167 0.014899553571428572 0.021577380952380952
0 0.2806919642857143 0.5735863095238095 0.44285714285714284 0.060267857142857144
1 0.07311534662356323 0.47048886684303354 0.027483258928571428 0.021577380952380952
0 0.2806919642857143 0.6397321428571429 0.44285714285714284 0.06845238095238096
1 0.07401517921284895 0.5810378086419753 0.029282924107142855 0.021577380952380952
0 0.2806919642857143 0.7772321428571428 0.44285714285714284 0.034523809523809526
1 0.07323392921284894 0.6915867504409172 0.027720424107142858 0.021577380952380987
0 0.7237723214285714 0.2500744047619048 0.44285714285714284 0.078125
1 0.5126861414223348 0.1388420414462081 0.020521763392857145 0.021577380952380952
0 0.7237723214285714 0.38578869047619047 0.44285714285714284 0.16711309523809523
1 0.5126861414223348 0.24939098324514994 0.020521763392857145 0.021577380952380952
0 0.7237723214285714 0.47611607142857143 0.44285714285714284 0.146875
1 0.512700092315192 0.35993992504409167 0.02054966517857143 0.021577380952380952
0 0.7237723214285714 0.555952380952381 0.44285714285714284 0.13482142857142856
1 0.5126931168687634 0.47048886684303354 0.020535714285714286 0.021577380952380952
0 0.7237723214285714 0.6451636904761905 0.44285714285714284 0.05669642857142857
1 0.5126861414223348 0.5810378086419753 0.020521763392857145 0.021577380952380952
0 0.7237723214285714 0.7586309523809524 0.44285714285714284 0.09732142857142857
1 0.5126861414223348 0.6915867504409172 0.020521763392857145 0.021577380952380987
