0 0.16975446428571428 0.26026785714285716 0.22142857142857142 0.07946428571428571
1 0.06267091990985048 0.18095592403628116 0.007198660714285714 0.021577380952380952
0 0.16975446428571428 0.4439732142857143 0.22142857142857142 0.0849702380952381
1 0.0645961431241362 0.3230902777777778 0.011049107142857144 0.021577380952380952
0 0.16975446428571428 0.6107142857142858 0.22142857142857142 0.11696428571428572
1 0.0665213663384219 0.4652246315192744 0.014899553571428572 0.021577380952380952
0 0.39140625 0.29136904761904764 0.22142857142857142 0.05238095238095238
1 0.2944842439573125 0.18095592403628116 0.027483258928571428 0.021577380952380952
0 0.39140625 0.3933035714285714 0.22142857142857142 0.09761904761904762
1 0.2953840765465982 0.3230902777777778 0.029282924107142855 0.021577380952380952
0 0.39140625 0.5995535714285715 0.22142857142857142 0.09494047619047619
1 0.2946028265465982 0.4652246315192744 0.027720424107142858 0.021577380952380952
0 0.6130580357142857 0.3223958333333333 0.22142857142857142 0.09955357142857142
1 0.5126745211297744 0.18095592403628116 0.020521763392857145 0.021577380952380952
0 0.6130580357142857 0.44285714285714284 0.22142857142857142 0.16845238095238096
1 0.5126745211297744 0.3230902777777778 0.020521763392857145 0.021577380952380952
0 0.6130580357142857 0.5942708333333333 0.22142857142857142 0.2546130952380952
1 0.5126884720226316 0.4652246315192744 0.02054966517857143 0.021577380952380952
0 0.8347098214285714 0.2712797619047619 0.22142857142857142 0.29404761904761906
1 0.7343525215165222 0.18095592403628116 0.020535714285714286 0.021577380952380952
0 0.8347098214285714 0.4126488095238095 0.22142857142857142 0.19166666666666668
1 0.7343455460700936 0.3230902777777778 0.020521763392857145 0.021577380952380952
0 0.8347098214285714 0.5474702380952381 0.22142857142857142 0.10922619047619048
1 0.7343455460700936 0.4652246315192744 0.020521763392857145 0.021577380952380952
0 0.49832589285714285 0.7200892857142858 0.8785714285714286 0.10148809523809524
1 0.0645961431241362 0.6073589852607709 0.011049107142857144 0.021577380952380952
