0 0.2806919642857143 0.1822172619047619 0.44285714285714284 0.10580357142857143
1 0.06297304751642037 0.1388420414462081 0.007198660714285714 0.021577380952380952
0 0.2806919642857143 0.3280505952380952 0.44285714285714284 0.08258928571428571
1 0.06489827073070609 0.24939098324514994 0.011049107142857144 0.021577380952380952
0 0.2806919642857143 0.4733630952380952 0.44285714285714284 0.09672619047619048
1 0.0668234939449918 0.35993992504409167 0.014899553571428572 0.021577380952380952
0 0.2806919642857143 0.5771577380952381 0.44285714285714284 0.078125
1 0.07311534662356323 0.47048886684303354 0.027483258928571428 0.021577380952380952
0 0.2806919642857143 0.628125 0.44285714285714284 0.09761904761904762
1 0.07401517921284895 0.5810378086419753 0.029282924107142855 0.021577380952380952
0 0.2806919642857143 0.7910714285714285 0.44285714285714284 0.06636904761904762
1 0.07323392921284894 0.6915867504409172 0.027720424107142858 0.021577380952380987
0 0.7237723214285714 0.25044642857142857 0.44285714285714284 0.0943452380952381
1 0.5126861414223348 0.1388420414462081 0.020521763392857145 0.021577380952380952
0 0.7237723214285714 0.35989583333333336 0.44285714285714284 0.10669642857142857
1 0.5126861414223348 0.24939098324514994 0.020521763392857145 0.021577380952380952
0 0.7237723214285714 0.46376488095238094 0.44285714285714284 0.1212797619047619
1 0.512700092315192 0.35993992504409167 0.02054966517857143 0.021577380952380952
0 0.7237723214285714 0.5303571428571429 0.44285714285714284 0.1568452380952381
1 0.5126931168687634 0.47048886684303354 0.020535714285714286 0.021577380952380952
0 0.7237723214285714 0.6360863095238095 0.44285714285714284 0.134375
1 0.5126861414223348 0.5810378086419753 0.020521763392857145 0.021577380952380952
0 0.7237723214285714 0.7554315476190476 0.44285714285714284 0.08110119047619048
1 0.5126861414223348 0.6915867504409172 0.020521763392857145 0.021577380952380987
