0 0.16975446428571428 0.2654017857142857 0.22142857142857142 0.06800595238095238
1 0.06267091990985048 0.18095592403628116 0.007198660714285714 0.021577380952380952
0 0.16975446428571428 0.430952380952381 0.22142857142857142 0.041666666666666664
1 0.0645961431241362 0.3230902777777778 0.011049107142857144 0.021577380952380952
0 0.16975446428571428 0.591220238095238 0.22142857142857142 0.09613095238095239
1 0.0665213663384219 0.4652246315192744 0.014899553571428572 0.021577380952380952
0 0.39140625 0.2909970238095238 0.22142857142857142 0.03556547619047619
1 0.2944842439573125 0.18095592403628116 0.027483258928571428 0.021577380952380952
0 0.39140625 0.40625 0.22142857142857142 0.0800595238095238
1 0.2953840765465982 0.3230902777777778 0.029282924107142855 0.021577380952380952
0 0.39140625 0.5828869047619047 0.22142857142857142 0.06726190476190476
1 0.2946028265465982 0.4652246315192744 0.027720424107142858 0.021577380952380952
0 0.6130580357142857 0.325 0.22142857142857142 0.16160714285714287
1 0.5126745211297744 0.18095592403628116 0.020521763392857145 0.021577380952380952
0 0.6130580357142857 0.48928571428571427 0.22142857142857142 0.26279761904761906
1 0.5126745211297744 0.3230902777777778 0.020521763392857145 0.021577380952380952
0 0.6130580357142857 0.6240327380952381 0.22142857142857142 0.24211309523809524
1 0.5126884720226316 0.4652246315192744 0.02054966517857143 0.021577380952380952
0 0.8347098214285714 0.3279017857142857 0.22142857142857142 0.19508928571428572
1 0.7343525215165222 0.18095592403628116 0.020535714285714286 0.021577380952380952
0 0.8347098214285714 0.43407738095238096 0.22142857142857142 0.0744047619047619
1 0.7343455460700936 0.3230902777777778 0.020521763392857145 0.021577380952380952
0 0.8347098214285714 0.5622767857142857 0.22142857142857142 0.03616071428571429
1 0.7343455460700936 0.4652246315192744 0.020521763392857145 0.021577380952380952
0 0.49832589285714285 0.7156994047619047 0.8785714285714286 0.04717261904761905
1 0.0645961431241362 0.6073589852607709 0.011049107142857144 0.021577380952380952
