0 0.16975446428571428 0.2811011904761905 0.22142857142857142 0.059226190476190474
1 0.06267091990985048 0.18095592403628116 0.007198660714285714 0.021577380952380952
0 0.16975446428571428 0.4381696428571429 0.22142857142857142 0.08050595238095239
1 0.0645961431241362 0.3230902777777778 0.011049107142857144 0.021577380952380952
0 0.16975446428571428 0.5782738095238096 0.22142857142857142 0.06101190476190476
1 0.0665213663384219 0.4652246315192744 0.014899553571428572 0.021577380952380952
0 0.39140625 0.27440476190476193 0.22142857142857142 0.05803571428571429
1 0.2944842439573125 0.18095592403628116 0.027483258928571428 0.021577380952380952
0 0.39140625 0.41450892857142857 0.22142857142857142 0.04627976190476191
1 0.2953840765465982 0.3230902777777778 0.029282924107142855 0.021577380952380952
0 0.39140625 0.5763392857142857 0.22142857142857142 0.06488095238095239
1 0.2946028265465982 0.4652246315192744 0.027720424107142858 0.021577380952380952
0 0.6130580357142857 0.2980654761904762 0.22142857142857142 0.052083333333333336
1 0.5126745211297744 0.18095592403628116 0.020521763392857145 0.021577380952380952
0 0.6130580357142857 0.4557291666666667 0.22142857142857142 0.14925595238095238
1 0.5126745211297744 0.3230902777777778 0.020521763392857145 0.021577380952380952
0 0.6130580357142857 0.593452380952381 0.22142857142857142 0.19375
1 0.5126884720226316 0.4652246315192744 0.02054966517857143 0.021577380952380952
0 0.8347098214285714 0.30126488095238096 0.22142857142857142 0.18675595238095238
1 0.7343525215165222 0.18095592403628116 0.020535714285714286 0.021577380952380952
0 0.8347098214285714 0.4372767857142857 0.22142857142857142 0.16383928571428572
1 0.7343455460700936 0.3230902777777778 0.020521763392857145 0.021577380952380952
0 0.8347098214285714 0.5813988095238095 0.22142857142857142 0.11517857142857142
1 0.7343455460700936 0.4652246315192744 0.020521763392857145 0.021577380952380952
0 0.49832589285714285 0.7223958333333333 0.8785714285714286 0.08050595238095239
1 0.0645961431241362 0.6073589852607709 0.011049107142857144 0.021577380952380952
