0 0.5022879464285714 0.11919642857142858 0.8856026785714286 0.07321428571428572
1 0.0631253166160081 0.07988260582010584 0.007198660714285714 0.021577380952380952
0 0.5022879464285714 0.20892857142857144 0.8856026785714286 0.10922619047619048
1 0.06505053983029382 0.1462119708994709 0.011049107142857144 0.021577380952380952
0 0.5022879464285714 0.2834077380952381 0.8856026785714286 0.115625
1 0.06697576304457953 0.21254133597883595 0.014899553571428572 0.021577380952380952
0 0.5022879464285714 0.3324404761904762 0.8856026785714286 0.06517857142857143
1 0.07326761572315096 0.27887070105820105 0.027483258928571428 0.021577380952380952
0 0.5022879464285714 0.38132440476190477 0.8856026785714286 0.07038690476190476
1 0.07416744831243667 0.3452000661375661 0.029282924107142855 0.021577380952380952
0 0.5022879464285714 0.478125 0.8856026785714286 0.11190476190476191
1 0.07338619831243667 0.41152943121693125 0.027720424107142858 0.021577380952380952
0 0.5022879464285714 0.5369791666666667 0.8856026785714286 0.08139880952380953
1 0.06978686795529382 0.4778587962962963 0.020521763392857145 0.021577380952380952
0 0.5022879464285714 0.5843005952380952 0.8856026785714286 0.17366071428571428
1 0.06978686795529382 0.5441881613756614 0.020521763392857145 0.021577380952380952
0 0.5022879464285714 0.6694196428571428 0.8856026785714286 0.1680059523809524
1 0.06980081884815097 0.6105175264550264 0.02054966517857143 0.021577380952380952
0 0.5022879464285714 0.7235119047619047 0.8856026785714286 0.14761904761904762
1 0.06979384340172239 0.6768468915343916 0.020535714285714286 0.021577380952380952
0 0.5022879464285714 0.7732142857142857 0.8856026785714286 0.1625
1 0.06978686795529382 0.7431762566137565 0.020521763392857145 0.021577380952380952
0 0.5022879464285714 0.8560267857142857 0.8856026785714286 0.16294642857142858
1 0.06978686795529382 0.8095056216931217 0.020521763392857145 0.021577380952380952
