0 0.16975446428571428 0.26272321428571427 0.22142857142857142 0.07514880952380952
1 0.06267091990985048 0.18095592403628116 0.007198660714285714 0.021577380952380952
0 0.16975446428571428 0.42023809523809524 0.22142857142857142 0.050595238095238096
1 0.0645961431241362 0.3230902777777778 0.011049107142857144 0.021577380952380952
0 0.16975446428571428 0.5772321428571429 0.22142857142857142 0.05416666666666667
1 0.0665213663384219 0.4652246315192744 0.014899553571428572 0.021577380952380952
0 0.39140625 0.29918154761904764 0.22142857142857142 0.05610119047619048
1 0.2944842439573125 0.18095592403628116 0.027483258928571428 0.021577380952380952
0 0.39140625 0.41063988095238096 0.22142857142857142 0.06205357142857143
1 0.2953840765465982 0.3230902777777778 0.029282924107142855 0.021577380952380952
0 0.39140625 0.571577380952381 0.22142857142857142 0.042261904761904764
1 0.2946028265465982 0.4652246315192744 0.027720424107142858 0.021577380952380952
0 0.6130580357142857 0.3070684523809524 0.22142857142857142 0.06383928571428571
1 0.5126745211297744 0.18095592403628116 0.020521763392857145 0.021577380952380952
0 0.6130580357142857 0.4498511904761905 0.22142857142857142 0.0800595238095238
1 0.5126745211297744 0.3230902777777778 0.020521763392857145 0.021577380952380952
0 0.6130580357142857 0.6086309523809523 0.22142857142857142 0.11011904761904762
1 0.5126884720226316 0.4652246315192744 0.02054966517857143 0.021577380952380952
0 0.8347098214285714 0.2767857142857143 0.22142857142857142 0.1113095238095238
1 0.7343525215165222 0.18095592403628116 0.020535714285714286 0.021577380952380952
0 0.8347098214285714 0.4164434523809524 0.22142857142857142 0.11205357142857143
1 0.7343455460700936 0.3230902777777778 0.020521763392857145 0.021577380952380952
0 0.8347098214285714 0.5484375 0.22142857142857142 0.09538690476190476
1 0.7343455460700936 0.4652246315192744 0.020521763392857145 0.021577380952380952
0 0.49832589285714285 0.7045386904761904 0.8785714285714286 0.051041666666666666
1 0.0645961431241362 0.6073589852607709 0.011049107142857144 0.021577380952380952
