0 0.2806919642857143 0.20416666666666666 0.44285714285714284 0.08928571428571429
1 0.06297304751642037 0.1388420414462081 0.007198660714285714 0.021577380952380952
0 0.2806919642857143 0.29583333333333334 0.44285714285714284 0.10833333333333334
1 0.06489827073070609 0.24939098324514994 0.011049107142857144 0.021577380952380952
0 0.2806919642857143 0.43020833333333336 0.44285714285714284 0.05327380952380952
1 0.0668234939449918 0.35993992504409167 0.014899553571428572 0.021577380952380952
0 0.2806919642857143 0.5796130952380952 0.44285714285714284 0.09642857142857143
1 0.07311534662356323 0.47048886684303354 0.027483258928571428 0.021577380952380952
0 0.2806919642857143 0.661532738095238 0.44285714285714284 0.04627976190476191
1 0.07401517921284895 0.5810378086419753 0.029282924107142855 0.021577380952380952
0 0.2806919642857143 0.7483630952380952 0.44285714285714284 0.07142857142857142
1 0.07323392921284894 0.6915867504409172 0.027720424107142858 0.021577380952380987
0 0.7237723214285714 0.23296130952380953 0.44285714285714284 0.0724702380952381
1 0.5126861414223348 0.1388420414462081 0.020521763392857145 0.021577380952380952
0 0.7237723214285714 0.34427083333333336 0.44285714285714284 0.12217261904761904
1 0.5126861414223348 0.24939098324514994 0.020521763392857145 0.021577380952380952
0 0.7237723214285714 0.425 0.44285714285714284 0.11517857142857142
1 0.512700092315192 0.35993992504409167 0.02054966517857143 0.021577380952380952
0 0.7237723214285714 0.507514880952381 0.44285714285714284 0.1474702380952381
1 0.5126931168687634 0.47048886684303354 0.020535714285714286 0.021577380952380952
0 0.7237723214285714 0.6083333333333333 0.44285714285714284 0.16220238095238096
1 0.5126861414223348 0.5810378086419753 0.020521763392857145 0.021577380952380952
0 0.7237723214285714 0.7203869047619048 0.44285714285714284 0.16071428571428573
1 0.5126861414223348 0.6915867504409172 0.020521763392857145 0.021577380952380987
