0 0.16975446428571428 0.2752232142857143 0.22142857142857142 0.038839285714285715
1 0.06267091990985048 0.18095592403628116 0.007198660714285714 0.021577380952380952
0 0.16975446428571428 0.40461309523809524 0.22142857142857142 0.060714285714285714
1 0.0645961431241362 0.3230902777777778 0.011049107142857144 0.021577380952380952
0 0.16975446428571428 0.5546130952380952 0.22142857142857142 0.04851190476190476
1 0.0665213663384219 0.4652246315192744 0.014899553571428572 0.021577380952380952
0 0.39140625 0.30029761904761904 0.22142857142857142 0.04583333333333333
1 0.2944842439573125 0.18095592403628116 0.027483258928571428 0.021577380952380952
0 0.39140625 0.42738095238095236 0.22142857142857142 0.025297619047619048
1 0.2953840765465982 0.3230902777777778 0.029282924107142855 0.021577380952380952
0 0.39140625 0.5499255952380953 0.22142857142857142 0.053125
1 0.2946028265465982 0.4652246315192744 0.027720424107142858 0.021577380952380952
0 0.6130580357142857 0.3283482142857143 0.22142857142857142 0.1087797619047619
1 0.5126745211297744 0.18095592403628116 0.020521763392857145 0.021577380952380952
0 0.6130580357142857 0.4844494047619048 0.22142857142857142 0.171875
1 0.5126745211297744 0.3230902777777778 0.020521763392857145 0.021577380952380952
0 0.6130580357142857 0.6172619047619048 0.22142857142857142 0.14285714285714285
1 0.5126884720226316 0.4652246315192744 0.02054966517857143 0.021577380952380952
0 0.8347098214285714 0.2409970238095238 0.22142857142857142 0.13973214285714286
1 0.7343525215165222 0.18095592403628116 0.020535714285714286 0.021577380952380952
0 0.8347098214285714 0.3820684523809524 0.22142857142857142 0.11175595238095239
1 0.7343455460700936 0.3230902777777778 0.020521763392857145 0.021577380952380952
0 0.8347098214285714 0.5358630952380953 0.22142857142857142 0.08303571428571428
1 0.7343455460700936 0.4652246315192744 0.020521763392857145 0.021577380952380952
0 0.49832589285714285 0.6883928571428571 0.8785714285714286 0.0693452380952381
1 0.0645961431241362 0.6073589852607709 0.011049107142857144 0.021577380952380952
