0 0.2806919642857143 0.2078125 0.44285714285714284 0.04627976190476191
1 0.06297304751642037 0.1388420414462081 0.007198660714285714 0.021577380952380952
0 0.2806919642857143 0.3651785714285714 0.44285714285714284 0.11726190476190476
1 0.06489827073070609 0.24939098324514994 0.011049107142857144 0.021577380952380952
0 0.2806919642857143 0.490922619047619 0.44285714285714284 0.14821428571428572
1 0.0668234939449918 0.35993992504409167 0.014899553571428572 0.021577380952380952
0 0.2806919642857143 0.5432291666666667 0.44285714285714284 0.04747023809523809
1 0.07311534662356323 0.47048886684303354 0.027483258928571428 0.021577380952380952
0 0.2806919642857143 0.6322916666666667 0.44285714285714284 0.09404761904761905
1 0.07401517921284895 0.5810378086419753 0.029282924107142855 0.021577380952380952
0 0.2806919642857143 0.8151041666666666 0.44285714285714284 0.13199404761904762
1 0.07323392921284894 0.6915867504409172 0.027720424107142858 0.021577380952380987
0 0.7237723214285714 0.2412202380952381 0.44285714285714284 0.06726190476190476
1 0.5126861414223348 0.1388420414462081 0.020521763392857145 0.021577380952380952
0 0.7237723214285714 0.365922619047619 0.44285714285714284 0.11428571428571428
1 0.5126861414223348 0.24939098324514994 0.020521763392857145 0.021577380952380952
0 0.7237723214285714 0.47827380952380955 0.44285714285714284 0.12113095238095238
1 0.512700092315192 0.35993992504409167 0.02054966517857143 0.021577380952380952
0 0.7237723214285714 0.5915178571428571 0.44285714285714284 0.1419642857142857
1 0.5126931168687634 0.47048886684303354 0.020535714285714286 0.021577380952380952
0 0.7237723214285714 0.6889136904761904 0.44285714285714284 0.14538690476190477
1 0.5126861414223348 0.5810378086419753 0.020521763392857145 0.021577380952380952
0 0.7237723214285714 0.7949404761904761 0.44285714285714284 0.10089285714285715
1 0.5126861414223348 0.6915867504409172 0.020521763392857145 0.021577380952380987
