0 0.5022879464285714 0.12336309523809524 0.8856026785714286 0.04285714285714286
1 0.0631253166160081 0.07988260582010584 0.007198660714285714 0.021577380952380952
0 0.5022879464285714 0.1712797619047619 0.8856026785714286 0.1
1 0.06505053983029382 0.1462119708994709 0.011049107142857144 0.021577380952380952
0 0.5022879464285714 0.2478422619047619 0.8856026785714286 0.08288690476190476
1 0.06697576304457953 0.21254133597883595 0.014899553571428572 0.021577380952380952
0 0.5022879464285714 0.35044642857142855 0.8856026785714286 0.06488095238095239
1 0.07326761572315096 0.27887070105820105 0.027483258928571428 0.021577380952380952
0 0.5022879464285714 0.4023809523809524 0.8856026785714286 0.036904761904761905
1 0.07416744831243667 0.3452000661375661 0.029282924107142855 0.021577380952380952
0 0.5022879464285714 0.4418154761904762 0.8856026785714286 0.09136904761904761
1 0.07338619831243667 0.41152943121693125 0.027720424107142858 0.021577380952380952
0 0.5022879464285714 0.540327380952381 0.8856026785714286 0.11875
1 0.06978686795529382 0.4778587962962963 0.020521763392857145 0.021577380952380952
0 0.5022879464285714 0.6284226190476191 0.8856026785714286 0.15148809523809523
1 0.06978686795529382 0.5441881613756614 0.020521763392857145 0.021577380952380952
0 0.5022879464285714 0.6680803571428572 0.8856026785714286 0.12455357142857143
1 0.06980081884815097 0.6105175264550264 0.02054966517857143 0.021577380952380952
0 0.5022879464285714 0.7063988095238095 0.8856026785714286 0.17886904761904762
1 0.06979384340172239 0.6768468915343916 0.020535714285714286 0.021577380952380952
0 0.5022879464285714 0.7423363095238096 0.8856026785714286 0.18854166666666666
1 0.06978686795529382 0.7431762566137565 0.020521763392857145 0.021577380952380952
0 0.5022879464285714 0.8298363095238095 0.8856026785714286 0.09419642857142857
1 0.06978686795529382 0.8095056216931217 0.020521763392857145 0.021577380952380952
