0 0.16975446428571428 0.26197916666666665 0.22142857142857142 0.10014880952380953
1 0.06267091990985048 0.18095592403628116 0.007198660714285714 0.021577380952380952
0 0.16975446428571428 0.4459821428571429 0.22142857142857142 0.11607142857142858
1 0.0645961431241362 0.3230902777777778 0.011049107142857144 0.021577380952380952
0 0.16975446428571428 0.6123511904761905 0.22142857142857142 0.1306547619047619
1 0.0665213663384219 0.4652246315192744 0.014899553571428572 0.021577380952380952
0 0.39140625 0.29129464285714285 0.22142857142857142 0.084375
1 0.2944842439573125 0.18095592403628116 0.027483258928571428 0.021577380952380952
0 0.39140625 0.39791666666666664 0.22142857142857142 0.10089285714285715
1 0.2953840765465982 0.3230902777777778 0.029282924107142855 0.021577380952380952
0 0.39140625 0.6022321428571429 0.22142857142857142 0.1056547619047619
1 0.2946028265465982 0.4652246315192744 0.027720424107142858 0.021577380952380952
0 0.6130580357142857 0.3087797619047619 0.22142857142857142 0.07946428571428571
1 0.5126745211297744 0.18095592403628116 0.020521763392857145 0.021577380952380952
0 0.6130580357142857 0.44174107142857144 0.22142857142857142 0.14032738095238095
1 0.5126745211297744 0.3230902777777778 0.020521763392857145 0.021577380952380952
0 0.6130580357142857 0.6036458333333333 0.22142857142857142 0.22485119047619048
1 0.5126884720226316 0.4652246315192744 0.02054966517857143 0.021577380952380952
0 0.8347098214285714 0.30245535714285715 0.22142857142857142 0.209375
1 0.7343525215165222 0.18095592403628116 0.020535714285714286 0.021577380952380952
0 0.8347098214285714 0.4063244047619048 0.22142857142857142 0.2099702380952381
1 0.7343455460700936 0.3230902777777778 0.020521763392857145 0.021577380952380952
0 0.8347098214285714 0.5389136904761904 0.22142857142857142 0.14479166666666668
1 0.7343455460700936 0.4652246315192744 0.020521763392857145 0.021577380952380952
0 0.49832589285714285 0.7276785714285714 0.8785714285714286 0.12113095238095238
1 0.0645961431241362 0.6073589852607709 0.011049107142857144 0.021577380952380952
