0 0.2806919642857143 0.20044642857142858 0.44285714285714284 0.06279761904761905
1 0.06297304751642037 0.1388420414462081 0.007198660714285714 0.021577380952380952
0 0.2806919642857143 0.3099702380952381 0.44285714285714284 0.08630952380952381
1 0.06489827073070609 0.24939098324514994 0.011049107142857144 0.021577380952380952
0 0.2806919642857143 0.43333333333333335 0.44285714285714284 0.05029761904761905
1 0.0668234939449918 0.35993992504409167 0.014899553571428572 0.021577380952380952
0 0.2806919642857143 0.5742559523809524 0.44285714285714284 0.07351190476190476
1 0.07311534662356323 0.47048886684303354 0.027483258928571428 0.021577380952380952
0 0.2806919642857143 0.6611607142857143 0.44285714285714284 0.03720238095238095
1 0.07401517921284895 0.5810378086419753 0.029282924107142855 0.021577380952380952
0 0.2806919642857143 0.7615327380952381 0.44285714285714284 0.06235119047619048
1 0.07323392921284894 0.6915867504409172 0.027720424107142858 0.021577380952380987
0 0.7237723214285714 0.22239583333333332 0.44285714285714284 0.12008928571428572
1 0.5126861414223348 0.1388420414462081 0.020521763392857145 0.021577380952380952
0 0.7237723214285714 0.3341517857142857 0.44285714285714284 0.2688988095238095
1 0.5126861414223348 0.24939098324514994 0.020521763392857145 0.021577380952380952
0 0.7237723214285714 0.4779017857142857 0.44285714285714284 0.26473214285714286
1 0.512700092315192 0.35993992504409167 0.02054966517857143 0.021577380952380952
0 0.7237723214285714 0.5338541666666666 0.44285714285714284 0.3055059523809524
1 0.5126931168687634 0.47048886684303354 0.020535714285714286 0.021577380952380952
0 0.7237723214285714 0.6145089285714286 0.44285714285714284 0.25282738095238094
1 0.5126861414223348 0.5810378086419753 0.020521763392857145 0.021577380952380952
0 0.7237723214285714 0.6829613095238095 0.44285714285714284 0.3275297619047619
1 0.5126861414223348 0.6915867504409172 0.020521763392857145 0.021577380952380987
