0 0.2806919642857143 0.20535714285714285 0.44285714285714284 0.06636904761904762
1 0.06297304751642037 0.1388420414462081 0.007198660714285714 0.021577380952380952
0 0.2806919642857143 0.315625 0.44285714285714284 0.09077380952380952
1 0.06489827073070609 0.24939098324514994 0.011049107142857144 0.021577380952380952
0 0.2806919642857143 0.4439732142857143 0.44285714285714284 0.07455357142857143
1 0.0668234939449918 0.35993992504409167 0.014899553571428572 0.021577380952380952
0 0.2806919642857143 0.5729910714285714 0.44285714285714284 0.06949404761904762
1 0.07311534662356323 0.47048886684303354 0.027483258928571428 0.021577380952380952
0 0.2806919642857143 0.659077380952381 0.44285714285714284 0.05357142857142857
1 0.07401517921284895 0.5810378086419753 0.029282924107142855 0.021577380952380952
0 0.2806919642857143 0.7666666666666667 0.44285714285714284 0.07648809523809524
1 0.07323392921284894 0.6915867504409172 0.027720424107142858 0.021577380952380987
0 0.7237723214285714 0.23616071428571428 0.44285714285714284 0.08898809523809524
1 0.5126861414223348 0.1388420414462081 0.020521763392857145 0.021577380952380952
0 0.7237723214285714 0.35 0.44285714285714284 0.16547619047619047
1 0.5126861414223348 0.24939098324514994 0.020521763392857145 0.021577380952380952
0 0.7237723214285714 0.42589285714285713 0.44285714285714284 0.12023809523809524
1 0.512700092315192 0.35993992504409167 0.02054966517857143 0.021577380952380952
0 0.7237723214285714 0.5386160714285714 0.44285714285714284 0.10461309523809524
1 0.5126931168687634 0.47048886684303354 0.020535714285714286 0.021577380952380952
0 0.7237723214285714 0.6495535714285714 0.44285714285714284 0.07113095238095238
1 0.5126861414223348 0.5810378086419753 0.020521763392857145 0.021577380952380952
0 0.7237723214285714 0.7584821428571429 0.44285714285714284 0.06160714285714286
1 0.5126861414223348 0.6915867504409172 0.020521763392857145 0.021577380952380987
