0 0.16975446428571428 0.2494047619047619 0.22142857142857142 0.10267857142857142
1 0.06267091990985048 0.18095592403628116 0.007198660714285714 0.021577380952380952
0 0.16975446428571428 0.40223214285714287 0.22142857142857142 0.07827380952380952
1 0.0645961431241362 0.3230902777777778 0.011049107142857144 0.021577380952380952
0 0.16975446428571428 0.5709077380952381 0.22142857142857142 0.08705357142857142
1 0.0665213663384219 0.4652246315192744 0.014899553571428572 0.021577380952380952
0 0.39140625 0.31205357142857143 0.22142857142857142 0.08065476190476191
1 0.2944842439573125 0.18095592403628116 0.027483258928571428 0.021577380952380952
0 0.39140625 0.4049107142857143 0.22142857142857142 0.08928571428571429
1 0.2953840765465982 0.3230902777777778 0.029282924107142855 0.021577380952380952
0 0.39140625 0.5563988095238095 0.22142857142857142 0.054464285714285715
1 0.2946028265465982 0.4652246315192744 0.027720424107142858 0.021577380952380952
0 0.6130580357142857 0.31629464285714287 0.22142857142857142 0.2174107142857143
1 0.5126745211297744 0.18095592403628116 0.020521763392857145 0.021577380952380952
0 0.6130580357142857 0.45922619047619045 0.22142857142857142 0.16547619047619047
1 0.5126745211297744 0.3230902777777778 0.020521763392857145 0.021577380952380952
0 0.6130580357142857 0.5760416666666667 0.22142857142857142 0.06458333333333334
1 0.5126884720226316 0.4652246315192744 0.02054966517857143 0.021577380952380952
0 0.8347098214285714 0.2791666666666667 0.22142857142857142 0.2592261904761905
1 0.7343525215165222 0.18095592403628116 0.020535714285714286 0.021577380952380952
0 0.8347098214285714 0.3723958333333333 0.22142857142857142 0.2543154761904762
1 0.7343455460700936 0.3230902777777778 0.020521763392857145 0.021577380952380952
0 0.8347098214285714 0.5194940476190476 0.22142857142857142 0.15089285714285713
1 0.7343455460700936 0.4652246315192744 0.020521763392857145 0.021577380952380952
0 0.49832589285714285 0.6892857142857143 0.8785714285714286 0.08363095238095238
1 0.0645961431241362 0.6073589852607709 0.011049107142857144 0.021577380952380952
