0 0.2806919642857143 0.1974702380952381 0.44285714285714284 0.08779761904761904
1 0.06297304751642037 0.1388420414462081 0.007198660714285714 0.021577380952380952
0 0.2806919642857143 0.30245535714285715 0.44285714285714284 0.09241071428571429
1 0.06489827073070609 0.24939098324514994 0.011049107142857144 0.021577380952380952
0 0.2806919642857143 0.4355654761904762 0.44285714285714284 0.0380952380952381
1 0.0668234939449918 0.35993992504409167 0.014899553571428572 0.021577380952380952
0 0.2806919642857143 0.5800595238095239 0.44285714285714284 0.08779761904761904
1 0.07311534662356323 0.47048886684303354 0.027483258928571428 0.021577380952380952
0 0.2806919642857143 0.6555059523809523 0.44285714285714284 0.046130952380952384
1 0.07401517921284895 0.5810378086419753 0.029282924107142855 0.021577380952380952
0 0.2806919642857143 0.7566964285714286 0.44285714285714284 0.05863095238095238
1 0.07323392921284894 0.6915867504409172 0.027720424107142858 0.021577380952380987
0 0.7237723214285714 0.23191964285714287 0.44285714285714284 0.0837797619047619
1 0.5126861414223348 0.1388420414462081 0.020521763392857145 0.021577380952380952
0 0.7237723214285714 0.33549107142857143 0.44285714285714284 0.09657738095238096
1 0.5126861414223348 0.24939098324514994 0.020521763392857145 0.021577380952380952
0 0.7237723214285714 0.42931547619047616 0.44285714285714284 0.12797619047619047
1 0.512700092315192 0.35993992504409167 0.02054966517857143 0.021577380952380952
0 0.7237723214285714 0.5263392857142857 0.44285714285714284 0.17023809523809524
1 0.5126931168687634 0.47048886684303354 0.020535714285714286 0.021577380952380952
0 0.7237723214285714 0.6329613095238096 0.44285714285714284 0.12544642857142857
1 0.5126861414223348 0.5810378086419753 0.020521763392857145 0.021577380952380952
0 0.7237723214285714 0.7469494047619047 0.44285714285714284 0.11175595238095239
1 0.5126861414223348 0.6915867504409172 0.020521763392857145 0.021577380952380987
