0 0.2806919642857143 0.16986607142857144 0.44285714285714284 0.13348214285714285
1 0.06297304751642037 0.1388420414462081 0.007198660714285714 0.021577380952380952
0 0.2806919642857143 0.29985119047619047 0.44285714285714284 0.09404761904761905
1 0.06489827073070609 0.24939098324514994 0.011049107142857144 0.021577380952380952
0 0.2806919642857143 0.46130952380952384 0.44285714285714284 0.07708333333333334
1 0.0668234939449918 0.35993992504409167 0.014899553571428572 0.021577380952380952
0 0.2806919642857143 0.5933779761904762 0.44285714285714284 0.10639880952380952
1 0.07311534662356323 0.47048886684303354 0.027483258928571428 0.021577380952380952
0 0.2806919642857143 0.6257440476190477 0.44285714285714284 0.10089285714285715
1 0.07401517921284895 0.5810378086419753 0.029282924107142855 0.021577380952380952
0 0.2806919642857143 0.7671130952380952 0.44285714285714284 0.036904761904761905
1 0.07323392921284894 0.6915867504409172 0.027720424107142858 0.021577380952380987
0 0.7237723214285714 0.24828869047619048 0.44285714285714284 0.10520833333333333
1 0.5126861414223348 0.1388420414462081 0.020521763392857145 0.021577380952380952
0 0.7237723214285714 0.34680059523809526 0.44285714285714284 0.14151785714285714
1 0.5126861414223348 0.24939098324514994 0.020521763392857145 0.021577380952380952
0 0.7237723214285714 0.4025297619047619 0.44285714285714284 0.17767857142857144
1 0.512700092315192 0.35993992504409167 0.02054966517857143 0.021577380952380952
0 0.7237723214285714 0.4901041666666667 0.44285714285714284 0.18050595238095238
1 0.5126931168687634 0.47048886684303354 0.020535714285714286 0.021577380952380952
0 0.7237723214285714 0.5950892857142858 0.44285714285714284 0.19672619047619047
1 0.5126861414223348 0.5810378086419753 0.020521763392857145 0.021577380952380952
0 0.7237723214285714 0.7129464285714285 0.44285714285714284 0.15327380952380953
1 0.5126861414223348 0.6915867504409172 0.020521763392857145 0.021577380952380987
