0 0.2806919642857143 0.19903273809523808 0.44285714285714284 0.07514880952380952
1 0.06297304751642037 0.1388420414462081 0.007198660714285714 0.021577380952380952
0 0.2806919642857143 0.30126488095238096 0.44285714285714284 0.12098214285714286
1 0.06489827073070609 0.24939098324514994 0.011049107142857144 0.021577380952380952
0 0.2806919642857143 0.4342261904761905 0.44285714285714284 0.11785714285714285
1 0.0668234939449918 0.35993992504409167 0.014899553571428572 0.021577380952380952
0 0.2806919642857143 0.5804315476190476 0.44285714285714284 0.08467261904761905
1 0.07311534662356323 0.47048886684303354 0.027483258928571428 0.021577380952380952
0 0.2806919642857143 0.65625 0.44285714285714284 0.06994047619047619
1 0.07401517921284895 0.5810378086419753 0.029282924107142855 0.021577380952380952
0 0.2806919642857143 0.7534226190476191 0.44285714285714284 0.11636904761904762
1 0.07323392921284894 0.6915867504409172 0.027720424107142858 0.021577380952380987
0 0.7237723214285714 0.26086309523809526 0.44285714285714284 0.12172619047619047
1 0.5126861414223348 0.1388420414462081 0.020521763392857145 0.021577380952380952
0 0.7237723214285714 0.39010416666666664 0.44285714285714284 0.2736607142857143
1 0.5126861414223348 0.24939098324514994 0.020521763392857145 0.021577380952380952
0 0.7237723214285714 0.4708333333333333 0.44285714285714284 0.10684523809523809
1 0.512700092315192 0.35993992504409167 0.02054966517857143 0.021577380952380952
0 0.7237723214285714 0.5194196428571428 0.44285714285714284 0.1418154761904762
1 0.5126931168687634 0.47048886684303354 0.020535714285714286 0.021577380952380952
0 0.7237723214285714 0.6123511904761905 0.44285714285714284 0.14970238095238095
1 0.5126861414223348 0.5810378086419753 0.020521763392857145 0.021577380952380952
0 0.7237723214285714 0.7284970238095239 0.44285714285714284 0.16264880952380953
1 0.5126861414223348 0.6915867504409172 0.020521763392857145 0.021577380952380987
