0 0.5022879464285714 0.12455357142857143 0.8856026785714286 0.03482142857142857
1 0.0631253166160081 0.07988260582010584 0.007198660714285714 0.021577380952380952
0 0.5022879464285714 0.18147321428571428 0.8856026785714286 0.06651785714285714
1 0.06505053983029382 0.1462119708994709 0.011049107142857144 0.021577380952380952
0 0.5022879464285714 0.25617559523809524 0.8856026785714286 0.04449404761904762
1 0.06697576304457953 0.21254133597883595 0.014899553571428572 0.021577380952380952
0 0.5022879464285714 0.34412202380952384 0.8856026785714286 0.048660714285714286
1 0.07326761572315096 0.27887070105820105 0.027483258928571428 0.021577380952380952
0 0.5022879464285714 0.39747023809523807 0.8856026785714286 0.02738095238095238
1 0.07416744831243667 0.3452000661375661 0.029282924107142855 0.021577380952380952
0 0.5022879464285714 0.45081845238095236 0.8856026785714286 0.053125
1 0.07338619831243667 0.41152943121693125 0.027720424107142858 0.021577380952380952
0 0.5022879464285714 0.5435267857142857 0.8856026785714286 0.06086309523809524
1 0.06978686795529382 0.4778587962962963 0.020521763392857145 0.021577380952380952
0 0.5022879464285714 0.6111607142857143 0.8856026785714286 0.07559523809523809
1 0.06978686795529382 0.5441881613756614 0.020521763392857145 0.021577380952380952
0 0.5022879464285714 0.6738839285714285 0.8856026785714286 0.05699404761904762
1 0.06980081884815097 0.6105175264550264 0.02054966517857143 0.021577380952380952
0 0.5022879464285714 0.7171875 0.8856026785714286 0.0724702380952381
1 0.06979384340172239 0.6768468915343916 0.020535714285714286 0.021577380952380952
0 0.5022879464285714 0.7835565476190476 0.8856026785714286 0.0724702380952381
1 0.06978686795529382 0.7431762566137565 0.020521763392857145 0.021577380952380952
0 0.5022879464285714 0.8480654761904762 0.8856026785714286 0.06458333333333334
1 0.06978686795529382 0.8095056216931217 0.020521763392857145 0.021577380952380952
