0 0.2806919642857143 0.19553571428571428 0.44285714285714284 0.0818452380952381
1 0.06297304751642037 0.1388420414462081 0.007198660714285714 0.021577380952380952
0 0.2806919642857143 0.3263392857142857 0.44285714285714284 0.03154761904761905
1 0.06489827073070609 0.24939098324514994 0.011049107142857144 0.021577380952380952
0 0.2806919642857143 0.45930059523809524 0.44285714285714284 0.06770833333333333
1 0.0668234939449918 0.35993992504409167 0.014899553571428572 0.021577380952380952
0 0.2806919642857143 0.569047619047619 0.44285714285714284 0.05089285714285714
1 0.07311534662356323 0.47048886684303354 0.027483258928571428 0.021577380952380952
0 0.2806919642857143 0.6415178571428571 0.44285714285714284 0.07410714285714286
1 0.07401517921284895 0.5810378086419753 0.029282924107142855 0.021577380952380952
0 0.2806919642857143 0.7776041666666667 0.44285714285714284 0.033482142857142856
1 0.07323392921284894 0.6915867504409172 0.027720424107142858 0.021577380952380987
0 0.7237723214285714 0.23876488095238096 0.44285714285714284 0.0775297619047619
1 0.5126861414223348 0.1388420414462081 0.020521763392857145 0.021577380952380952
0 0.7237723214285714 0.334375 0.44285714285714284 0.08928571428571429
1 0.5126861414223348 0.24939098324514994 0.020521763392857145 0.021577380952380952
0 0.7237723214285714 0.4232886904761905 0.44285714285714284 0.09955357142857142
1 0.512700092315192 0.35993992504409167 0.02054966517857143 0.021577380952380952
0 0.7237723214285714 0.5433779761904762 0.44285714285714284 0.10967261904761905
1 0.5126931168687634 0.47048886684303354 0.020535714285714286 0.021577380952380952
0 0.7237723214285714 0.638095238095238 0.44285714285714284 0.0800595238095238
1 0.5126861414223348 0.5810378086419753 0.020521763392857145 0.021577380952380952
0 0.7237723214285714 0.7566220238095238 0.44285714285714284 0.06860119047619048
1 0.5126861414223348 0.6915867504409172 0.020521763392857145 0.021577380952380987
