0 0.16975446428571428 0.24992559523809524 0.22142857142857142 0.09836309523809524
1 0.06267091990985048 0.18095592403628116 0.007198660714285714 0.021577380952380952
0 0.16975446428571428 0.3963541666666667 0.22142857142857142 0.09895833333333333
1 0.0645961431241362 0.3230902777777778 0.011049107142857144 0.021577380952380952
0 0.16975446428571428 0.5703125 0.22142857142857142 0.03616071428571429
1 0.0665213663384219 0.4652246315192744 0.014899553571428572 0.021577380952380952
0 0.39140625 0.3168154761904762 0.22142857142857142 0.09464285714285714
1 0.2944842439573125 0.18095592403628116 0.027483258928571428 0.021577380952380952
0 0.39140625 0.4074404761904762 0.22142857142857142 0.06547619047619048
1 0.2953840765465982 0.3230902777777778 0.029282924107142855 0.021577380952380952
0 0.39140625 0.5554315476190477 0.22142857142857142 0.057291666666666664
1 0.2946028265465982 0.4652246315192744 0.027720424107142858 0.021577380952380952
0 0.6130580357142857 0.3280505952380952 0.22142857142857142 0.14657738095238096
1 0.5126745211297744 0.18095592403628116 0.020521763392857145 0.021577380952380952
0 0.6130580357142857 0.47626488095238095 0.22142857142857142 0.1930059523809524
1 0.5126745211297744 0.3230902777777778 0.020521763392857145 0.021577380952380952
0 0.6130580357142857 0.6103422619047619 0.22142857142857142 0.1587797619047619
1 0.5126884720226316 0.4652246315192744 0.02054966517857143 0.021577380952380952
0 0.8347098214285714 0.31808035714285715 0.22142857142857142 0.13973214285714286
1 0.7343525215165222 0.18095592403628116 0.020535714285714286 0.021577380952380952
0 0.8347098214285714 0.37552083333333336 0.22142857142857142 0.16205357142857144
1 0.7343455460700936 0.3230902777777778 0.020521763392857145 0.021577380952380952
0 0.8347098214285714 0.5223958333333333 0.22142857142857142 0.15848214285714285
1 0.7343455460700936 0.4652246315192744 0.020521763392857145 0.021577380952380952
0 0.49832589285714285 0.678422619047619 0.8785714285714286 0.10327380952380952
1 0.0645961431241362 0.6073589852607709 0.011049107142857144 0.021577380952380952
