0 0.2806919642857143 0.18742559523809524 0.44285714285714284 0.09806547619047619
1 0.06297304751642037 0.1388420414462081 0.007198660714285714 0.021577380952380952
0 0.2806919642857143 0.32127976190476193 0.44285714285714284 0.08035714285714286
1 0.06489827073070609 0.24939098324514994 0.011049107142857144 0.021577380952380952
0 0.2806919642857143 0.4533482142857143 0.44285714285714284 0.07098214285714285
1 0.0668234939449918 0.35993992504409167 0.014899553571428572 0.021577380952380952
0 0.2806919642857143 0.5770089285714286 0.44285714285714284 0.07931547619047619
1 0.07311534662356323 0.47048886684303354 0.027483258928571428 0.021577380952380952
0 0.2806919642857143 0.6408482142857143 0.44285714285714284 0.08258928571428571
1 0.07401517921284895 0.5810378086419753 0.029282924107142855 0.021577380952380952
0 0.2806919642857143 0.7800595238095238 0.44285714285714284 0.05238095238095238
1 0.07323392921284894 0.6915867504409172 0.027720424107142858 0.021577380952380987
0 0.7237723214285714 0.2320684523809524 0.44285714285714284 0.0662202380952381
1 0.5126861414223348 0.1388420414462081 0.020521763392857145 0.021577380952380952
0 0.7237723214285714 0.3235863095238095 0.44285714285714284 0.10401785714285715
1 0.5126861414223348 0.24939098324514994 0.020521763392857145 0.021577380952380952
0 0.7237723214285714 0.4320684523809524 0.44285714285714284 0.14925595238095238
1 0.512700092315192 0.35993992504409167 0.02054966517857143 0.021577380952380952
0 0.7237723214285714 0.5453869047619048 0.44285714285714284 0.13035714285714287
1 0.5126931168687634 0.47048886684303354 0.020535714285714286 0.021577380952380952
0 0.7237723214285714 0.6365327380952381 0.44285714285714284 0.11711309523809524
1 0.5126861414223348 0.5810378086419753 0.020521763392857145 0.021577380952380952
0 0.7237723214285714 0.7501488095238096 0.44285714285714284 0.08422619047619048
1 0.5126861414223348 0.6915867504409172 0.020521763392857145 0.021577380952380987
