0 0.16975446428571428 0.25885416666666666 0.22142857142857142 0.06770833333333333
1 0.06267091990985048 0.18095592403628116 0.007198660714285714 0.021577380952380952
0 0.16975446428571428 0.41063988095238096 0.22142857142857142 0.05223214285714286
1 0.0645961431241362 0.3230902777777778 0.011049107142857144 0.021577380952380952
0 0.16975446428571428 0.5695684523809523 0.22142857142857142 0.04330357142857143
1 0.0665213663384219 0.4652246315192744 0.014899553571428572 0.021577380952380952
0 0.39140625 0.30372023809523807 0.22142857142857142 0.058333333333333334
1 0.2944842439573125 0.18095592403628116 0.027483258928571428 0.021577380952380952
0 0.39140625 0.4107886904761905 0.22142857142857142 0.051041666666666666
1 0.2953840765465982 0.3230902777777778 0.029282924107142855 0.021577380952380952
0 0.39140625 0.5579613095238095 0.22142857142857142 0.03556547619047619
1 0.2946028265465982 0.4652246315192744 0.027720424107142858 0.021577380952380952
0 0.6130580357142857 0.3965029761904762 0.22142857142857142 0.2805059523809524
1 0.5126745211297744 0.18095592403628116 0.020521763392857145 0.021577380952380952
0 0.6130580357142857 0.5286458333333334 0.22142857142857142 0.26086309523809526
1 0.5126745211297744 0.3230902777777778 0.020521763392857145 0.021577380952380952
0 0.6130580357142857 0.7310267857142857 0.22142857142857142 0.42782738095238093
1 0.5126884720226316 0.4652246315192744 0.02054966517857143 0.021577380952380952
0 0.8347098214285714 0.2226190476190476 0.22142857142857142 0.15803571428571428
1 0.7343525215165222 0.18095592403628116 0.020535714285714286 0.021577380952380952
0 0.8347098214285714 0.35885416666666664 0.22142857142857142 0.1918154761904762
1 0.7343455460700936 0.3230902777777778 0.020521763392857145 0.021577380952380952
0 0.8347098214285714 0.5278273809523809 0.22142857142857142 0.14761904761904762
1 0.7343455460700936 0.4652246315192744 0.020521763392857145 0.021577380952380952
0 0.49832589285714285 0.6965029761904762 0.8785714285714286 0.05967261904761905
1 0.0645961431241362 0.6073589852607709 0.011049107142857144 0.021577380952380952
