0 0.16975446428571428 0.2551339285714286 0.22142857142857142 0.08139880952380953
1 0.06267091990985048 0.18095592403628116 0.007198660714285714 0.021577380952380952
0 0.16975446428571428 0.436235119047619 0.22142857142857142 0.06354166666666666
1 0.0645961431241362 0.3230902777777778 0.011049107142857144 0.021577380952380952
0 0.16975446428571428 0.5972470238095238 0.22142857142857142 0.08526785714285715
1 0.0665213663384219 0.4652246315192744 0.014899553571428572 0.021577380952380952
0 0.39140625 0.2941220238095238 0.22142857142857142 0.05758928571428571
1 0.2944842439573125 0.18095592403628116 0.027483258928571428 0.021577380952380952
0 0.39140625 0.3986607142857143 0.22142857142857142 0.07946428571428571
1 0.2953840765465982 0.3230902777777778 0.029282924107142855 0.021577380952380952
0 0.39140625 0.5854166666666667 0.22142857142857142 0.06428571428571428
1 0.2946028265465982 0.4652246315192744 0.027720424107142858 0.021577380952380952
0 0.6130580357142857 0.3165922619047619 0.22142857142857142 0.08050595238095239
1 0.5126745211297744 0.18095592403628116 0.020521763392857145 0.021577380952380952
0 0.6130580357142857 0.45736607142857144 0.22142857142857142 0.13199404761904762
1 0.5126745211297744 0.3230902777777778 0.020521763392857145 0.021577380952380952
0 0.6130580357142857 0.5976934523809524 0.22142857142857142 0.13616071428571427
1 0.5126884720226316 0.4652246315192744 0.02054966517857143 0.021577380952380952
0 0.8347098214285714 0.31197916666666664 0.22142857142857142 0.11949404761904762
1 0.7343525215165222 0.18095592403628116 0.020535714285714286 0.021577380952380952
0 0.8347098214285714 0.38385416666666666 0.22142857142857142 0.11116071428571428
1 0.7343455460700936 0.3230902777777778 0.020521763392857145 0.021577380952380952
0 0.8347098214285714 0.5436755952380953 0.22142857142857142 0.16235119047619048
1 0.7343455460700936 0.4652246315192744 0.020521763392857145 0.021577380952380952
0 0.49832589285714285 0.7228422619047619 0.8785714285714286 0.06830357142857142
1 0.0645961431241362 0.6073589852607709 0.011049107142857144 0.021577380952380952
