0 0.2806919642857143 0.20520833333333333 0.44285714285714284 0.04702380952380952
1 0.06297304751642037 0.1388420414462081 0.007198660714285714 0.021577380952380952
0 0.2806919642857143 0.3136904761904762 0.44285714285714284 0.056845238095238095
1 0.06489827073070609 0.24939098324514994 0.011049107142857144 0.021577380952380952
0 0.2806919642857143 0.44486607142857143 0.44285714285714284 0.024553571428571428
1 0.0668234939449918 0.35993992504409167 0.014899553571428572 0.021577380952380952
0 0.2806919642857143 0.570014880952381 0.44285714285714284 0.05044642857142857
1 0.07311534662356323 0.47048886684303354 0.027483258928571428 0.021577380952380952
0 0.2806919642857143 0.6552827380952381 0.44285714285714284 0.02931547619047619
1 0.07401517921284895 0.5810378086419753 0.029282924107142855 0.021577380952380952
0 0.2806919642857143 0.7658482142857143 0.44285714285714284 0.0400297619047619
1 0.07323392921284894 0.6915867504409172 0.027720424107142858 0.021577380952380987
0 0.7237723214285714 0.24136904761904762 0.44285714285714284 0.05654761904761905
1 0.5126861414223348 0.1388420414462081 0.020521763392857145 0.021577380952380952
0 0.7237723214285714 0.3451636904761905 0.44285714285714284 0.1263392857142857
1 0.5126861414223348 0.24939098324514994 0.020521763392857145 0.021577380952380952
0 0.7237723214285714 0.453125 0.44285714285714284 0.12410714285714286
1 0.512700092315192 0.35993992504409167 0.02054966517857143 0.021577380952380952
0 0.7237723214285714 0.5290178571428571 0.44285714285714284 0.1636904761904762
1 0.5126931168687634 0.47048886684303354 0.020535714285714286 0.021577380952380952
0 0.7237723214285714 0.6357886904761905 0.44285714285714284 0.0918154761904762
1 0.5126861414223348 0.5810378086419753 0.020521763392857145 0.021577380952380952
0 0.7237723214285714 0.7523065476190476 0.44285714285714284 0.06264880952380952
1 0.5126861414223348 0.6915867504409172 0.020521763392857145 0.021577380952380987
