0 0.2806919642857143 0.17626488095238096 0.44285714285714284 0.11741071428571428
1 0.06297304751642037 0.1388420414462081 0.007198660714285714 0.021577380952380952
0 0.2806919642857143 0.3044642857142857 0.44285714285714284 0.12113095238095238
1 0.06489827073070609 0.24939098324514994 0.011049107142857144 0.021577380952380952
0 0.2806919642857143 0.4538690476190476 0.44285714285714284 0.048214285714285716
1 0.0668234939449918 0.35993992504409167 0.014899553571428572 0.021577380952380952
0 0.2806919642857143 0.5889136904761905 0.44285714285714284 0.11592261904761905
1 0.07311534662356323 0.47048886684303354 0.027483258928571428 0.021577380952380952
0 0.2806919642857143 0.6340029761904762 0.44285714285714284 0.07723214285714286
1 0.07401517921284895 0.5810378086419753 0.029282924107142855 0.021577380952380952
0 0.2806919642857143 0.7686011904761905 0.44285714285714284 0.07232142857142858
1 0.07323392921284894 0.6915867504409172 0.027720424107142858 0.021577380952380987
0 0.7237723214285714 0.25 0.44285714285714284 0.08482142857142858
1 0.5126861414223348 0.1388420414462081 0.020521763392857145 0.021577380952380952
0 0.7237723214285714 0.34873511904761906 0.44285714285714284 0.08586309523809524
1 0.5126861414223348 0.24939098324514994 0.020521763392857145 0.021577380952380952
0 0.7237723214285714 0.4764880952380952 0.44285714285714284 0.18035714285714285
1 0.512700092315192 0.35993992504409167 0.02054966517857143 0.021577380952380952
0 0.7237723214285714 0.5606398809523809 0.44285714285714284 0.19122023809523808
1 0.5126931168687634 0.47048886684303354 0.020535714285714286 0.021577380952380952
0 0.7237723214285714 0.6141369047619047 0.44285714285714284 0.24345238095238095
1 0.5126861414223348 0.5810378086419753 0.020521763392857145 0.021577380952380952
0 0.7237723214285714 0.7170386904761905 0.44285714285714284 0.19538690476190476
1 0.5126861414223348 0.6915867504409172 0.020521763392857145 0.021577380952380987
