0 0.16975446428571428 0.2500744047619048 0.22142857142857142 0.14836309523809524
1 0.06267091990985048 0.18095592403628116 0.007198660714285714 0.021577380952380952
0 0.16975446428571428 0.41845238095238096 0.22142857142857142 0.06458333333333334
1 0.0645961431241362 0.3230902777777778 0.011049107142857144 0.021577380952380952
0 0.16975446428571428 0.5981398809523809 0.22142857142857142 0.1412202380952381
1 0.0665213663384219 0.4652246315192744 0.014899553571428572 0.021577380952380952
0 0.39140625 0.30714285714285716 0.22142857142857142 0.09285714285714286
1 0.2944842439573125 0.18095592403628116 0.027483258928571428 0.021577380952380952
0 0.39140625 0.3953125 0.22142857142857142 0.13973214285714286
1 0.2953840765465982 0.3230902777777778 0.029282924107142855 0.021577380952380952
0 0.39140625 0.5819940476190476 0.22142857142857142 0.07410714285714286
1 0.2946028265465982 0.4652246315192744 0.027720424107142858 0.021577380952380952
0 0.6130580357142857 0.33214285714285713 0.22142857142857142 0.1744047619047619
1 0.5126745211297744 0.18095592403628116 0.020521763392857145 0.021577380952380952
0 0.6130580357142857 0.49635416666666665 0.22142857142857142 0.2355654761904762
1 0.5126745211297744 0.3230902777777778 0.020521763392857145 0.021577380952380952
0 0.6130580357142857 0.6014880952380952 0.22142857142857142 0.1761904761904762
1 0.5126884720226316 0.4652246315192744 0.02054966517857143 0.021577380952380952
0 0.8347098214285714 0.25424107142857144 0.22142857142857142 0.234375
1 0.7343525215165222 0.18095592403628116 0.020535714285714286 0.021577380952380952
0 0.8347098214285714 0.37745535714285716 0.22142857142857142 0.22931547619047618
1 0.7343455460700936 0.3230902777777778 0.020521763392857145 0.021577380952380952
0 0.8347098214285714 0.5098214285714285 0.22142857142857142 0.23422619047619048
1 0.7343455460700936 0.4652246315192744 0.020521763392857145 0.021577380952380952
0 0.49832589285714285 0.7014136904761905 0.8785714285714286 0.09151785714285714
1 0.0645961431241362 0.6073589852607709 0.011049107142857144 0.021577380952380952
