0 0.2806919642857143 0.2115327380952381 0.44285714285714284 0.04925595238095238
1 0.06297304751642037 0.1388420414462081 0.007198660714285714 0.021577380952380952
0 0.2806919642857143 0.31279761904761905 0.44285714285714284 0.07202380952380952
1 0.06489827073070609 0.24939098324514994 0.011049107142857144 0.021577380952380952
0 0.2806919642857143 0.4290178571428571 0.44285714285714284 0.06101190476190476
1 0.0668234939449918 0.35993992504409167 0.014899553571428572 0.021577380952380952
0 0.2806919642857143 0.5684523809523809 0.44285714285714284 0.05327380952380952
1 0.07311534662356323 0.47048886684303354 0.027483258928571428 0.021577380952380952
0 0.2806919642857143 0.6677083333333333 0.44285714285714284 0.043154761904761904
1 0.07401517921284895 0.5810378086419753 0.029282924107142855 0.021577380952380952
0 0.2806919642857143 0.7613095238095238 0.44285714285714284 0.05863095238095238
1 0.07323392921284894 0.6915867504409172 0.027720424107142858 0.021577380952380987
0 0.7237723214285714 0.2525297619047619 0.44285714285714284 0.08898809523809524
1 0.5126861414223348 0.1388420414462081 0.020521763392857145 0.021577380952380952
0 0.7237723214285714 0.3764136904761905 0.44285714285714284 0.16026785714285716
1 0.5126861414223348 0.24939098324514994 0.020521763392857145 0.021577380952380952
0 0.7237723214285714 0.4407738095238095 0.44285714285714284 0.17291666666666666
1 0.512700092315192 0.35993992504409167 0.02054966517857143 0.021577380952380952
0 0.7237723214285714 0.523735119047619 0.44285714285714284 0.1712797619047619
1 0.5126931168687634 0.47048886684303354 0.020535714285714286 0.021577380952380952
0 0.7237723214285714 0.6220238095238095 0.44285714285714284 0.14345238095238094
1 0.5126861414223348 0.5810378086419753 0.020521763392857145 0.021577380952380952
0 0.7237723214285714 0.7351934523809524 0.44285714285714284 0.10133928571428572
1 0.5126861414223348 0.6915867504409172 0.020521763392857145 0.021577380952380987
