0 0.16975446428571428 0.2713541666666667 0.22142857142857142 0.06889880952380953
1 0.06267091990985048 0.18095592403628116 0.007198660714285714 0.021577380952380952
0 0.16975446428571428 0.43936011904761907 0.22142857142857142 0.09836309523809524
1 0.0645961431241362 0.3230902777777778 0.011049107142857144 0.021577380952380952
0 0.16975446428571428 0.601264880952381 0.22142857142857142 0.13824404761904763
1 0.0665213663384219 0.4652246315192744 0.014899553571428572 0.021577380952380952
0 0.39140625 0.28660714285714284 0.22142857142857142 0.033035714285714286
1 0.2944842439573125 0.18095592403628116 0.027483258928571428 0.021577380952380952
0 0.39140625 0.40186011904761904 0.22142857142857142 0.10014880952380953
1 0.2953840765465982 0.3230902777777778 0.029282924107142855 0.021577380952380952
0 0.39140625 0.5910714285714286 0.22142857142857142 0.11785714285714285
1 0.2946028265465982 0.4652246315192744 0.027720424107142858 0.021577380952380952
0 0.6130580357142857 0.29129464285714285 0.22142857142857142 0.1730654761904762
1 0.5126745211297744 0.18095592403628116 0.020521763392857145 0.021577380952380952
0 0.6130580357142857 0.4680059523809524 0.22142857142857142 0.26398809523809524
1 0.5126745211297744 0.3230902777777778 0.020521763392857145 0.021577380952380952
0 0.6130580357142857 0.5956845238095239 0.22142857142857142 0.825595238095238
1 0.5126884720226316 0.4652246315192744 0.02054966517857143 0.021577380952380952
0 0.8347098214285714 0.32566964285714284 0.22142857142857142 0.16294642857142858
1 0.7343525215165222 0.18095592403628116 0.020535714285714286 0.021577380952380952
0 0.8347098214285714 0.3991071428571429 0.22142857142857142 0.24375
1 0.7343455460700936 0.3230902777777778 0.020521763392857145 0.021577380952380952
0 0.8347098214285714 0.5063988095238096 0.22142857142857142 0.3181547619047619
1 0.7343455460700936 0.4652246315192744 0.020521763392857145 0.021577380952380952
0 0.49832589285714285 0.7212053571428572 0.8785714285714286 0.10342261904761904
1 0.0645961431241362 0.6073589852607709 0.011049107142857144 0.021577380952380952
