0 0.2806919642857143 0.20200892857142858 0.44285714285714284 0.11741071428571428
1 0.06297304751642037 0.1388420414462081 0.007198660714285714 0.021577380952380952
0 0.2806919642857143 0.3048363095238095 0.44285714285714284 0.11860119047619047
1 0.06489827073070609 0.24939098324514994 0.011049107142857144 0.021577380952380952
0 0.2806919642857143 0.43936011904761907 0.44285714285714284 0.04330357142857143
1 0.0668234939449918 0.35993992504409167 0.014899553571428572 0.021577380952380952
0 0.2806919642857143 0.5772321428571429 0.44285714285714284 0.11428571428571428
1 0.07311534662356323 0.47048886684303354 0.027483258928571428 0.021577380952380952
0 0.2806919642857143 0.6581845238095239 0.44285714285714284 0.06666666666666667
1 0.07401517921284895 0.5810378086419753 0.029282924107142855 0.021577380952380952
0 0.2806919642857143 0.7598214285714285 0.44285714285714284 0.06875
1 0.07323392921284894 0.6915867504409172 0.027720424107142858 0.021577380952380987
0 0.7237723214285714 0.23348214285714286 0.44285714285714284 0.1455357142857143
1 0.5126861414223348 0.1388420414462081 0.020521763392857145 0.021577380952380952
0 0.7237723214285714 0.34419642857142857 0.44285714285714284 0.19285714285714287
1 0.5126861414223348 0.24939098324514994 0.020521763392857145 0.021577380952380952
0 0.7237723214285714 0.4205357142857143 0.44285714285714284 0.2357142857142857
1 0.512700092315192 0.35993992504409167 0.02054966517857143 0.021577380952380952
0 0.7237723214285714 0.5026785714285714 0.44285714285714284 0.2571428571428571
1 0.5126931168687634 0.47048886684303354 0.020535714285714286 0.021577380952380952
0 0.7237723214285714 0.6196428571428572 0.44285714285714284 0.1931547619047619
1 0.5126861414223348 0.5810378086419753 0.020521763392857145 0.021577380952380952
0 0.7237723214285714 0.7385416666666667 0.44285714285714284 0.1523809523809524
1 0.5126861414223348 0.6915867504409172 0.020521763392857145 0.021577380952380987
