0 0.5022879464285714 0.12760416666666666 0.8856026785714286 0.042708333333333334
1 0.0631253166160081 0.07988260582010584 0.007198660714285714 0.021577380952380952
0 0.5022879464285714 0.1909970238095238 0.8856026785714286 0.07574404761904761
1 0.06505053983029382 0.1462119708994709 0.011049107142857144 0.021577380952380952
0 0.5022879464285714 0.26465773809523807 0.8856026785714286 0.06770833333333333
1 0.06697576304457953 0.21254133597883595 0.014899553571428572 0.021577380952380952
0 0.5022879464285714 0.33950892857142856 0.8856026785714286 0.04895833333333333
1 0.07326761572315096 0.27887070105820105 0.027483258928571428 0.021577380952380952
0 0.5022879464285714 0.39813988095238095 0.8856026785714286 0.04181547619047619
1 0.07416744831243667 0.3452000661375661 0.029282924107142855 0.021577380952380952
0 0.5022879464285714 0.46063988095238095 0.8856026785714286 0.07038690476190476
1 0.07338619831243667 0.41152943121693125 0.027720424107142858 0.021577380952380952
0 0.5022879464285714 0.5473958333333333 0.8856026785714286 0.0837797619047619
1 0.06978686795529382 0.4778587962962963 0.020521763392857145 0.021577380952380952
0 0.5022879464285714 0.6267113095238095 0.8856026785714286 0.128125
1 0.06978686795529382 0.5441881613756614 0.020521763392857145 0.021577380952380952
0 0.5022879464285714 0.6828869047619047 0.8856026785714286 0.10833333333333334
1 0.06980081884815097 0.6105175264550264 0.02054966517857143 0.021577380952380952
0 0.5022879464285714 0.7270089285714286 0.8856026785714286 0.10014880952380953
1 0.06979384340172239 0.6768468915343916 0.020535714285714286 0.021577380952380952
0 0.5022879464285714 0.7925595238095238 0.8856026785714286 0.10922619047619048
1 0.06978686795529382 0.7431762566137565 0.020521763392857145 0.021577380952380952
0 0.5022879464285714 0.8522321428571429 0.8856026785714286 0.0744047619047619
1 0.06978686795529382 0.8095056216931217 0.020521763392857145 0.021577380952380952
