0 0.16975446428571428 0.25610119047619045 0.22142857142857142 0.1181547619047619
1 0.06267091990985048 0.18095592403628116 0.007198660714285714 0.021577380952380952
0 0.16975446428571428 0.4211309523809524 0.22142857142857142 0.09672619047619048
1 0.0645961431241362 0.3230902777777778 0.011049107142857144 0.021577380952380952
0 0.16975446428571428 0.5839285714285715 0.22142857142857142 0.06041666666666667
1 0.0665213663384219 0.4652246315192744 0.014899553571428572 0.021577380952380952
0 0.39140625 0.3007440476190476 0.22142857142857142 0.1074404761904762
1 0.2944842439573125 0.18095592403628116 0.027483258928571428 0.021577380952380952
0 0.39140625 0.4017857142857143 0.22142857142857142 0.07380952380952381
1 0.2953840765465982 0.3230902777777778 0.029282924107142855 0.021577380952380952
0 0.39140625 0.5729910714285714 0.22142857142857142 0.05133928571428571
1 0.2946028265465982 0.4652246315192744 0.027720424107142858 0.021577380952380952
0 0.6130580357142857 0.3139136904761905 0.22142857142857142 0.11860119047619047
1 0.5126745211297744 0.18095592403628116 0.020521763392857145 0.021577380952380952
0 0.6130580357142857 0.5041666666666667 0.22142857142857142 0.24226190476190476
1 0.5126745211297744 0.3230902777777778 0.020521763392857145 0.021577380952380952
0 0.6130580357142857 0.6135416666666667 0.22142857142857142 0.20297619047619048
1 0.5126884720226316 0.4652246315192744 0.02054966517857143 0.021577380952380952
0 0.8347098214285714 0.30126488095238096 0.22142857142857142 0.19598214285714285
1 0.7343525215165222 0.18095592403628116 0.020535714285714286 0.021577380952380952
0 0.8347098214285714 0.4050595238095238 0.22142857142857142 0.21458333333333332
1 0.7343455460700936 0.3230902777777778 0.020521763392857145 0.021577380952380952
0 0.8347098214285714 0.5318452380952381 0.22142857142857142 0.1625
1 0.7343455460700936 0.4652246315192744 0.020521763392857145 0.021577380952380952
0 0.49832589285714285 0.7064732142857143 0.8785714285714286 0.11235119047619048
1 0.0645961431241362 0.6073589852607709 0.011049107142857144 0.021577380952380952
