0 0.2806919642857143 0.190625 0.44285714285714284 0.09851190476190476
1 0.06297304751642037 0.1388420414462081 0.007198660714285714 0.021577380952380952
0 0.2806919642857143 0.3308779761904762 0.44285714285714284 0.07604166666666666
1 0.06489827073070609 0.24939098324514994 0.011049107142857144 0.021577380952380952
0 0.2806919642857143 0.4758184523809524 0.44285714285714284 0.09270833333333334
1 0.0668234939449918 0.35993992504409167 0.014899553571428572 0.021577380952380952
0 0.2806919642857143 0.5682291666666667 0.44285714285714284 0.06830357142857142
1 0.07311534662356323 0.47048886684303354 0.027483258928571428 0.021577380952380952
0 0.2806919642857143 0.6351934523809524 0.44285714285714284 0.08526785714285715
1 0.07401517921284895 0.5810378086419753 0.029282924107142855 0.021577380952380952
0 0.2806919642857143 0.7867559523809524 0.44285714285714284 0.07559523809523809
1 0.07323392921284894 0.6915867504409172 0.027720424107142858 0.021577380952380987
0 0.7237723214285714 0.23638392857142856 0.44285714285714284 0.07901785714285714
1 0.5126861414223348 0.1388420414462081 0.020521763392857145 0.021577380952380952
0 0.7237723214285714 0.3463541666666667 0.44285714285714284 0.09032738095238095
1 0.5126861414223348 0.24939098324514994 0.020521763392857145 0.021577380952380952
0 0.7237723214285714 0.46845238095238095 0.44285714285714284 0.10267857142857142
1 0.512700092315192 0.35993992504409167 0.02054966517857143 0.021577380952380952
0 0.7237723214285714 0.5709077380952381 0.44285714285714284 0.09925595238095238
1 0.5126931168687634 0.47048886684303354 0.020535714285714286 0.021577380952380952
0 0.7237723214285714 0.6870535714285714 0.44285714285714284 0.14166666666666666
1 0.5126861414223348 0.5810378086419753 0.020521763392857145 0.021577380952380952
0 0.7237723214285714 0.8422619047619048 0.44285714285714284 0.3535714285714286
1 0.5126861414223348 0.6915867504409172 0.020521763392857145 0.021577380952380987
