0 0.5022879464285714 0.11897321428571428 0.8856026785714286 0.04717261904761905
1 0.0631253166160081 0.07988260582010584 0.007198660714285714 0.021577380952380952
0 0.5022879464285714 0.2008184523809524 0.8856026785714286 0.034375
1 0.06505053983029382 0.1462119708994709 0.011049107142857144 0.021577380952380952
0 0.5022879464285714 0.27708333333333335 0.8856026785714286 0.04583333333333333
1 0.06697576304457953 0.21254133597883595 0.014899553571428572 0.021577380952380952
0 0.5022879464285714 0.3400297619047619 0.8856026785714286 0.03214285714285714
1 0.07326761572315096 0.27887070105820105 0.027483258928571428 0.021577380952380952
0 0.5022879464285714 0.38526785714285716 0.8856026785714286 0.043154761904761904
1 0.07416744831243667 0.3452000661375661 0.029282924107142855 0.021577380952380952
0 0.5022879464285714 0.47276785714285713 0.8856026785714286 0.03660714285714286
1 0.07338619831243667 0.41152943121693125 0.027720424107142858 0.021577380952380952
0 0.5022879464285714 0.5405505952380952 0.8856026785714286 0.0662202380952381
1 0.06978686795529382 0.4778587962962963 0.020521763392857145 0.021577380952380952
0 0.5022879464285714 0.6171875 0.8856026785714286 0.10163690476190476
1 0.06978686795529382 0.5441881613756614 0.020521763392857145 0.021577380952380952
0 0.5022879464285714 0.6683779761904762 0.8856026785714286 0.11354166666666667
1 0.06980081884815097 0.6105175264550264 0.02054966517857143 0.021577380952380952
0 0.5022879464285714 0.7229910714285714 0.8856026785714286 0.13824404761904763
1 0.06979384340172239 0.6768468915343916 0.020535714285714286 0.021577380952380952
0 0.5022879464285714 0.7768601190476191 0.8856026785714286 0.08050595238095239
1 0.06978686795529382 0.7431762566137565 0.020521763392857145 0.021577380952380952
0 0.5022879464285714 0.8454613095238095 0.8856026785714286 0.05163690476190476
1 0.06978686795529382 0.8095056216931217 0.020521763392857145 0.021577380952380952
