0 0.2806919642857143 0.21354166666666666 0.44285714285714284 0.041666666666666664
1 0.06297304751642037 0.1388420414462081 0.007198660714285714 0.021577380952380952
0 0.2806919642857143 0.321577380952381 0.44285714285714284 0.12648809523809523
1 0.06489827073070609 0.24939098324514994 0.011049107142857144 0.021577380952380952
0 0.2806919642857143 0.44047619047619047 0.44285714285714284 0.1074404761904762
1 0.0668234939449918 0.35993992504409167 0.014899553571428572 0.021577380952380952
0 0.2806919642857143 0.5625 0.44285714285714284 0.07678571428571429
1 0.07311534662356323 0.47048886684303354 0.027483258928571428 0.021577380952380952
0 0.2806919642857143 0.6620535714285715 0.44285714285714284 0.05089285714285714
1 0.07401517921284895 0.5810378086419753 0.029282924107142855 0.021577380952380952
0 0.2806919642857143 0.7685267857142857 0.44285714285714284 0.115625
1 0.07323392921284894 0.6915867504409172 0.027720424107142858 0.021577380952380987
0 0.7237723214285714 0.2572172619047619 0.44285714285714284 0.11532738095238096
1 0.5126861414223348 0.1388420414462081 0.020521763392857145 0.021577380952380952
0 0.7237723214285714 0.37447916666666664 0.44285714285714284 0.1373511904761905
1 0.5126861414223348 0.24939098324514994 0.020521763392857145 0.021577380952380952
0 0.7237723214285714 0.48467261904761905 0.44285714285714284 0.2080357142857143
1 0.512700092315192 0.35993992504409167 0.02054966517857143 0.021577380952380952
0 0.7237723214285714 0.5532738095238096 0.44285714285714284 0.15416666666666667
1 0.5126931168687634 0.47048886684303354 0.020535714285714286 0.021577380952380952
0 0.7237723214285714 0.6450892857142857 0.44285714285714284 0.0988095238095238
1 0.5126861414223348 0.5810378086419753 0.020521763392857145 0.021577380952380952
0 0.7237723214285714 0.7553571428571428 0.44285714285714284 0.09851190476190476
1 0.5126861414223348 0.6915867504409172 0.020521763392857145 0.021577380952380987
