0 0.16975446428571428 0.23586309523809523 0.22142857142857142 0.23065476190476192
1 0.06267091990985048 0.18095592403628116 0.007198660714285714 0.021577380952380952
0 0.16975446428571428 0.40066964285714285 0.22142857142857142 0.134375
1 0.0645961431241362 0.3230902777777778 0.011049107142857144 0.021577380952380952
0 0.16975446428571428 0.5659970238095238 0.22142857142857142 0.15104166666666666
1 0.0665213663384219 0.4652246315192744 0.014899553571428572 0.021577380952380952
0 0.39140625 0.321875 0.22142857142857142 0.18095238095238095
1 0.2944842439573125 0.18095592403628116 0.027483258928571428 0.021577380952380952
0 0.39140625 0.4011160714285714 0.22142857142857142 0.18645833333333334
1 0.2953840765465982 0.3230902777777778 0.029282924107142855 0.021577380952380952
0 0.39140625 0.5558035714285714 0.22142857142857142 0.0744047619047619
1 0.2946028265465982 0.4652246315192744 0.027720424107142858 0.021577380952380952
0 0.6130580357142857 0.29501488095238093 0.22142857142857142 0.078125
1 0.5126745211297744 0.18095592403628116 0.020521763392857145 0.021577380952380952
0 0.6130580357142857 0.39732142857142855 0.22142857142857142 0.16964285714285715
1 0.5126745211297744 0.3230902777777778 0.020521763392857145 0.021577380952380952
0 0.6130580357142857 0.5421875 0.22142857142857142 0.18377976190476192
1 0.5126884720226316 0.4652246315192744 0.02054966517857143 0.021577380952380952
0 0.8347098214285714 0.24196428571428572 0.22142857142857142 0.20833333333333334
1 0.7343525215165222 0.18095592403628116 0.020535714285714286 0.021577380952380952
0 0.8347098214285714 0.346875 0.22142857142857142 0.28660714285714284
1 0.7343455460700936 0.3230902777777778 0.020521763392857145 0.021577380952380952
0 0.8347098214285714 0.4792410714285714 0.22142857142857142 0.3019345238095238
1 0.7343455460700936 0.4652246315192744 0.020521763392857145 0.021577380952380952
0 0.49832589285714285 0.6822916666666666 0.8785714285714286 0.13958333333333334
1 0.0645961431241362 0.6073589852607709 0.011049107142857144 0.021577380952380952
