0 0.2806919642857143 0.21458333333333332 0.44285714285714284 0.04523809523809524
1 0.06297304751642037 0.1388420414462081 0.007198660714285714 0.021577380952380952
0 0.2806919642857143 0.3223958333333333 0.44285714285714284 0.065625
1 0.06489827073070609 0.24939098324514994 0.011049107142857144 0.021577380952380952
0 0.2806919642857143 0.43995535714285716 0.44285714285714284 0.04657738095238095
1 0.0668234939449918 0.35993992504409167 0.014899553571428572 0.021577380952380952
0 0.2806919642857143 0.5617559523809523 0.44285714285714284 0.05267857142857143
1 0.07311534662356323 0.47048886684303354 0.027483258928571428 0.021577380952380952
0 0.2806919642857143 0.6621279761904761 0.44285714285714284 0.034375
1 0.07401517921284895 0.5810378086419753 0.029282924107142855 0.021577380952380952
0 0.2806919642857143 0.7697172619047619 0.44285714285714284 0.04895833333333333
1 0.07323392921284894 0.6915867504409172 0.027720424107142858 0.021577380952380987
0 0.7237723214285714 0.23809523809523808 0.44285714285714284 0.05178571428571429
1 0.5126861414223348 0.1388420414462081 0.020521763392857145 0.021577380952380952
0 0.7237723214285714 0.3453125 0.44285714285714284 0.07276785714285715
1 0.5126861414223348 0.24939098324514994 0.020521763392857145 0.021577380952380952
0 0.7237723214285714 0.45364583333333336 0.44285714285714284 0.08348214285714285
1 0.512700092315192 0.35993992504409167 0.02054966517857143 0.021577380952380952
0 0.7237723214285714 0.5593005952380953 0.44285714285714284 0.13169642857142858
1 0.5126931168687634 0.47048886684303354 0.020535714285714286 0.021577380952380952
0 0.7237723214285714 0.6548363095238096 0.44285714285714284 0.14538690476190477
1 0.5126861414223348 0.5810378086419753 0.020521763392857145 0.021577380952380952
0 0.7237723214285714 0.7513392857142858 0.44285714285714284 0.09553571428571428
1 0.5126861414223348 0.6915867504409172 0.020521763392857145 0.021577380952380987
