0 0.16975446428571428 0.2551339285714286 0.22142857142857142 0.08824404761904762
1 0.06267091990985048 0.18095592403628116 0.007198660714285714 0.021577380952380952
0 0.16975446428571428 0.38191964285714286 0.22142857142857142 0.11651785714285715
1 0.0645961431241362 0.3230902777777778 0.011049107142857144 0.021577380952380952
0 0.16975446428571428 0.5530505952380952 0.22142857142857142 0.05580357142857143
1 0.0665213663384219 0.4652246315192744 0.014899553571428572 0.021577380952380952
0 0.39140625 0.32075892857142857 0.22142857142857142 0.10044642857142858
1 0.2944842439573125 0.18095592403628116 0.027483258928571428 0.021577380952380952
0 0.39140625 0.41510416666666666 0.22142857142857142 0.04806547619047619
1 0.2953840765465982 0.3230902777777778 0.029282924107142855 0.021577380952380952
0 0.39140625 0.5397321428571429 0.22142857142857142 0.08035714285714286
1 0.2946028265465982 0.4652246315192744 0.027720424107142858 0.021577380952380952
0 0.6130580357142857 0.3151041666666667 0.22142857142857142 0.08169642857142857
1 0.5126745211297744 0.18095592403628116 0.020521763392857145 0.021577380952380952
0 0.6130580357142857 0.46875 0.22142857142857142 0.14583333333333334
1 0.5126745211297744 0.3230902777777778 0.020521763392857145 0.021577380952380952
0 0.6130580357142857 0.5853422619047619 0.22142857142857142 0.15282738095238096
1 0.5126884720226316 0.4652246315192744 0.02054966517857143 0.021577380952380952
0 0.8347098214285714 0.2578869047619048 0.22142857142857142 0.1431547619047619
1 0.7343525215165222 0.18095592403628116 0.020535714285714286 0.021577380952380952
0 0.8347098214285714 0.3770089285714286 0.22142857142857142 0.16086309523809525
1 0.7343455460700936 0.3230902777777778 0.020521763392857145 0.021577380952380952
0 0.8347098214285714 0.50625 0.22142857142857142 0.16726190476190475
1 0.7343455460700936 0.4652246315192744 0.020521763392857145 0.021577380952380952
0 0.49832589285714285 0.6632440476190476 0.8785714285714286 0.12321428571428572
1 0.0645961431241362 0.6073589852607709 0.011049107142857144 0.021577380952380952
