0 0.16975446428571428 0.26071428571428573 0.22142857142857142 0.08035714285714286
1 0.06267091990985048 0.18095592403628116 0.007198660714285714 0.021577380952380952
0 0.16975446428571428 0.40223214285714287 0.22142857142857142 0.09107142857142857
1 0.0645961431241362 0.3230902777777778 0.011049107142857144 0.021577380952380952
0 0.16975446428571428 0.5673363095238095 0.22142857142857142 0.021875
1 0.0665213663384219 0.4652246315192744 0.014899553571428572 0.021577380952380952
0 0.39140625 0.3081845238095238 0.22142857142857142 0.08511904761904762
1 0.2944842439573125 0.18095592403628116 0.027483258928571428 0.021577380952380952
0 0.39140625 0.4177827380952381 0.22142857142857142 0.04300595238095238
1 0.2953840765465982 0.3230902777777778 0.029282924107142855 0.021577380952380952
0 0.39140625 0.5566220238095239 0.22142857142857142 0.054017857142857145
1 0.2946028265465982 0.4652246315192744 0.027720424107142858 0.021577380952380952
0 0.6130580357142857 0.30625 0.22142857142857142 0.08630952380952381
1 0.5126745211297744 0.18095592403628116 0.020521763392857145 0.021577380952380952
0 0.6130580357142857 0.42916666666666664 0.22142857142857142 0.0988095238095238
1 0.5126745211297744 0.3230902777777778 0.020521763392857145 0.021577380952380952
0 0.6130580357142857 0.5506696428571428 0.22142857142857142 0.11205357142857143
1 0.5126884720226316 0.4652246315192744 0.02054966517857143 0.021577380952380952
0 0.8347098214285714 0.25379464285714287 0.22142857142857142 0.12366071428571429
1 0.7343525215165222 0.18095592403628116 0.020535714285714286 0.021577380952380952
0 0.8347098214285714 0.3941220238095238 0.22142857142857142 0.103125
1 0.7343455460700936 0.3230902777777778 0.020521763392857145 0.021577380952380952
0 0.8347098214285714 0.5395833333333333 0.22142857142857142 0.08422619047619048
1 0.7343455460700936 0.4652246315192744 0.020521763392857145 0.021577380952380952
0 0.49832589285714285 0.6864583333333333 0.8785714285714286 0.09107142857142857
1 0.0645961431241362 0.6073589852607709 0.011049107142857144 0.021577380952380952
