0 0.2806919642857143 0.2017857142857143 0.44285714285714284 0.06041666666666667
1 0.06297304751642037 0.1388420414462081 0.007198660714285714 0.021577380952380952
0 0.2806919642857143 0.3275297619047619 0.44285714285714284 0.052976190476190475
1 0.06489827073070609 0.24939098324514994 0.011049107142857144 0.021577380952380952
0 0.2806919642857143 0.45148809523809524 0.44285714285714284 0.04523809523809524
1 0.0668234939449918 0.35993992504409167 0.014899553571428572 0.021577380952380952
0 0.2806919642857143 0.5654761904761905 0.44285714285714284 0.05416666666666667
1 0.07311534662356323 0.47048886684303354 0.027483258928571428 0.021577380952380952
0 0.2806919642857143 0.6488095238095238 0.44285714285714284 0.04494047619047619
1 0.07401517921284895 0.5810378086419753 0.029282924107142855 0.021577380952380952
0 0.2806919642857143 0.7770833333333333 0.44285714285714284 0.0380952380952381
1 0.07323392921284894 0.6915867504409172 0.027720424107142858 0.021577380952380987
0 0.7237723214285714 0.22961309523809523 0.44285714285714284 0.044642857142857144
1 0.5126861414223348 0.1388420414462081 0.020521763392857145 0.021577380952380952
0 0.7237723214285714 0.3130952380952381 0.44285714285714284 0.08452380952380953
1 0.5126861414223348 0.24939098324514994 0.020521763392857145 0.021577380952380952
0 0.7237723214285714 0.4226190476190476 0.44285714285714284 0.11517857142857142
1 0.512700092315192 0.35993992504409167 0.02054966517857143 0.021577380952380952
0 0.7237723214285714 0.515922619047619 0.44285714285714284 0.14910714285714285
1 0.5126931168687634 0.47048886684303354 0.020535714285714286 0.021577380952380952
0 0.7237723214285714 0.6330357142857143 0.44285714285714284 0.14404761904761904
1 0.5126861414223348 0.5810378086419753 0.020521763392857145 0.021577380952380952
0 0.7237723214285714 0.7551339285714286 0.44285714285714284 0.11592261904761905
1 0.5126861414223348 0.6915867504409172 0.020521763392857145 0.021577380952380987
