0 0.16975446428571428 0.2521577380952381 0.22142857142857142 0.09270833333333334
1 0.06267091990985048 0.18095592403628116 0.007198660714285714 0.021577380952380952
0 0.16975446428571428 0.44308035714285715 0.22142857142857142 0.07544642857142857
1 0.0645961431241362 0.3230902777777778 0.011049107142857144 0.021577380952380952
0 0.16975446428571428 0.6061011904761905 0.22142857142857142 0.1056547619047619
1 0.0665213663384219 0.4652246315192744 0.014899553571428572 0.021577380952380952
0 0.39140625 0.28504464285714287 0.22142857142857142 0.06800595238095238
1 0.2944842439573125 0.18095592403628116 0.027483258928571428 0.021577380952380952
0 0.39140625 0.38950892857142855 0.22142857142857142 0.09538690476190476
1 0.2953840765465982 0.3230902777777778 0.029282924107142855 0.021577380952380952
0 0.39140625 0.5948660714285714 0.22142857142857142 0.08526785714285715
1 0.2946028265465982 0.4652246315192744 0.027720424107142858 0.021577380952380952
0 0.6130580357142857 0.34925595238095236 0.22142857142857142 0.15863095238095237
1 0.5126745211297744 0.18095592403628116 0.020521763392857145 0.021577380952380952
0 0.6130580357142857 0.4953869047619048 0.22142857142857142 0.18035714285714285
1 0.5126745211297744 0.3230902777777778 0.020521763392857145 0.021577380952380952
0 0.6130580357142857 0.63125 0.22142857142857142 0.17946428571428572
1 0.5126884720226316 0.4652246315192744 0.02054966517857143 0.021577380952380952
0 0.8347098214285714 0.3293154761904762 0.22142857142857142 0.15357142857142858
1 0.7343525215165222 0.18095592403628116 0.020535714285714286 0.021577380952380952
0 0.8347098214285714 0.4406994047619048 0.22142857142857142 0.08288690476190476
1 0.7343455460700936 0.3230902777777778 0.020521763392857145 0.021577380952380952
0 0.8347098214285714 0.5854166666666667 0.22142857142857142 0.08928571428571429
1 0.7343455460700936 0.4652246315192744 0.020521763392857145 0.021577380952380952
0 0.49832589285714285 0.7275297619047619 0.8785714285714286 0.08363095238095238
1 0.0645961431241362 0.6073589852607709 0.011049107142857144 0.021577380952380952
