0 0.16975446428571428 0.2617559523809524 0.22142857142857142 0.09285714285714286
1 0.06267091990985048 0.18095592403628116 0.007198660714285714 0.021577380952380952
0 0.16975446428571428 0.4197916666666667 0.22142857142857142 0.07113095238095238
1 0.0645961431241362 0.3230902777777778 0.011049107142857144 0.021577380952380952
0 0.16975446428571428 0.5792410714285714 0.22142857142857142 0.060267857142857144
1 0.0665213663384219 0.4652246315192744 0.014899553571428572 0.021577380952380952
0 0.39140625 0.2960565476190476 0.22142857142857142 0.07633928571428572
1 0.2944842439573125 0.18095592403628116 0.027483258928571428 0.021577380952380952
0 0.39140625 0.4063988095238095 0.22142857142857142 0.07023809523809524
1 0.2953840765465982 0.3230902777777778 0.029282924107142855 0.021577380952380952
0 0.39140625 0.5695684523809523 0.22142857142857142 0.038839285714285715
1 0.2946028265465982 0.4652246315192744 0.027720424107142858 0.021577380952380952
0 0.6130580357142857 0.28958333333333336 0.22142857142857142 0.06845238095238096
1 0.5126745211297744 0.18095592403628116 0.020521763392857145 0.021577380952380952
0 0.6130580357142857 0.42299107142857145 0.22142857142857142 0.134375
1 0.5126745211297744 0.3230902777777778 0.020521763392857145 0.021577380952380952
0 0.6130580357142857 0.5584821428571428 0.22142857142857142 0.1773809523809524
1 0.5126884720226316 0.4652246315192744 0.02054966517857143 0.021577380952380952
0 0.8347098214285714 0.24166666666666667 0.22142857142857142 0.20625
1 0.7343525215165222 0.18095592403628116 0.020535714285714286 0.021577380952380952
0 0.8347098214285714 0.37470238095238095 0.22142857142857142 0.17797619047619048
1 0.7343455460700936 0.3230902777777778 0.020521763392857145 0.021577380952380952
0 0.8347098214285714 0.5234375 0.22142857142857142 0.1337797619047619
1 0.7343455460700936 0.4652246315192744 0.020521763392857145 0.021577380952380952
0 0.49832589285714285 0.7061755952380953 0.8785714285714286 0.08973214285714286
1 0.0645961431241362 0.6073589852607709 0.011049107142857144 0.021577380952380952
