0 0.16975446428571428 0.24263392857142857 0.22142857142857142 0.10758928571428572
1 0.06267091990985048 0.18095592403628116 0.007198660714285714 0.021577380952380952
0 0.16975446428571428 0.3976190476190476 0.22142857142857142 0.09166666666666666
1 0.0645961431241362 0.3230902777777778 0.011049107142857144 0.021577380952380952
0 0.16975446428571428 0.5850446428571429 0.22142857142857142 0.054017857142857145
1 0.0665213663384219 0.4652246315192744 0.014899553571428572 0.021577380952380952
0 0.39140625 0.3203869047619048 0.22142857142857142 0.09642857142857143
1 0.2944842439573125 0.18095592403628116 0.027483258928571428 0.021577380952380952
0 0.39140625 0.3966517857142857 0.22142857142857142 0.07544642857142857
1 0.2953840765465982 0.3230902777777778 0.029282924107142855 0.021577380952380952
0 0.39140625 0.5649553571428572 0.22142857142857142 0.04985119047619048
1 0.2946028265465982 0.4652246315192744 0.027720424107142858 0.021577380952380952
0 0.6130580357142857 0.32313988095238094 0.22142857142857142 0.128125
1 0.5126745211297744 0.18095592403628116 0.020521763392857145 0.021577380952380952
0 0.6130580357142857 0.46436011904761904 0.22142857142857142 0.19122023809523808
1 0.5126745211297744 0.3230902777777778 0.020521763392857145 0.021577380952380952
0 0.6130580357142857 0.5790178571428571 0.22142857142857142 0.2955357142857143
1 0.5126884720226316 0.4652246315192744 0.02054966517857143 0.021577380952380952
0 0.8347098214285714 0.28273809523809523 0.22142857142857142 0.20416666666666666
1 0.7343525215165222 0.18095592403628116 0.020535714285714286 0.021577380952380952
0 0.8347098214285714 0.37976190476190474 0.22142857142857142 0.16220238095238096
1 0.7343455460700936 0.3230902777777778 0.020521763392857145 0.021577380952380952
0 0.8347098214285714 0.5054315476190476 0.22142857142857142 0.16294642857142858
1 0.7343455460700936 0.4652246315192744 0.020521763392857145 0.021577380952380952
0 0.49832589285714285 0.6833333333333333 0.8785714285714286 0.09464285714285714
1 0.0645961431241362 0.6073589852607709 0.011049107142857144 0.021577380952380952
