0 0.5022879464285714 0.11413690476190476 0.8856026785714286 0.05625
1 0.0631253166160081 0.07988260582010584 0.007198660714285714 0.021577380952380952
0 0.5022879464285714 0.1884672619047619 0.8856026785714286 0.04300595238095238
1 0.06505053983029382 0.1462119708994709 0.011049107142857144 0.021577380952380952
0 0.5022879464285714 0.272172619047619 0.8856026785714286 0.035416666666666666
1 0.06697576304457953 0.21254133597883595 0.014899553571428572 0.021577380952380952
0 0.5022879464285714 0.3458333333333333 0.8856026785714286 0.04583333333333333
1 0.07326761572315096 0.27887070105820105 0.027483258928571428 0.021577380952380952
0 0.5022879464285714 0.384375 0.8856026785714286 0.04345238095238095
1 0.07416744831243667 0.3452000661375661 0.029282924107142855 0.021577380952380952
0 0.5022879464285714 0.4623511904761905 0.8856026785714286 0.022321428571428572
1 0.07338619831243667 0.41152943121693125 0.027720424107142858 0.021577380952380952
0 0.5022879464285714 0.5535714285714286 0.8856026785714286 0.06904761904761905
1 0.06978686795529382 0.4778587962962963 0.020521763392857145 0.021577380952380952
0 0.5022879464285714 0.6140625 0.8856026785714286 0.08080357142857143
1 0.06978686795529382 0.5441881613756614 0.020521763392857145 0.021577380952380952
0 0.5022879464285714 0.6616071428571428 0.8856026785714286 0.07351190476190476
1 0.06980081884815097 0.6105175264550264 0.02054966517857143 0.021577380952380952
0 0.5022879464285714 0.7065476190476191 0.8856026785714286 0.08630952380952381
1 0.06979384340172239 0.6768468915343916 0.020535714285714286 0.021577380952380952
0 0.5022879464285714 0.7691964285714286 0.8856026785714286 0.07380952380952381
1 0.06978686795529382 0.7431762566137565 0.020521763392857145 0.021577380952380952
0 0.5022879464285714 0.8406994047619047 0.8856026785714286 0.06235119047619048
1 0.06978686795529382 0.8095056216931217 0.020521763392857145 0.021577380952380952
