0 0.16975446428571428 0.2699404761904762 0.22142857142857142 0.055357142857142855
1 0.06267091990985048 0.18095592403628116 0.007198660714285714 0.021577380952380952
0 0.16975446428571428 0.4086309523809524 0.22142857142857142 0.07827380952380952
1 0.0645961431241362 0.3230902777777778 0.011049107142857144 0.021577380952380952
0 0.16975446428571428 0.569047619047619 0.22142857142857142 0.052976190476190475
1 0.0665213663384219 0.4652246315192744 0.014899553571428572 0.021577380952380952
0 0.39140625 0.30029761904761904 0.22142857142857142 0.06369047619047619
1 0.2944842439573125 0.18095592403628116 0.027483258928571428 0.021577380952380952
0 0.39140625 0.4240327380952381 0.22142857142857142 0.034375
1 0.2953840765465982 0.3230902777777778 0.029282924107142855 0.021577380952380952
0 0.39140625 0.5597470238095238 0.22142857142857142 0.06205357142857143
1 0.2946028265465982 0.4652246315192744 0.027720424107142858 0.021577380952380952
0 0.6130580357142857 0.31994047619047616 0.22142857142857142 0.11964285714285715
1 0.5126745211297744 0.18095592403628116 0.020521763392857145 0.021577380952380952
0 0.6130580357142857 0.46264880952380955 0.22142857142857142 0.19970238095238096
1 0.5126745211297744 0.3230902777777778 0.020521763392857145 0.021577380952380952
0 0.6130580357142857 0.5988839285714286 0.22142857142857142 0.15461309523809524
1 0.5126884720226316 0.4652246315192744 0.02054966517857143 0.021577380952380952
0 0.8347098214285714 0.27953869047619045 0.22142857142857142 0.1367559523809524
1 0.7343525215165222 0.18095592403628116 0.020535714285714286 0.021577380952380952
0 0.8347098214285714 0.4055059523809524 0.22142857142857142 0.13005952380952382
1 0.7343455460700936 0.3230902777777778 0.020521763392857145 0.021577380952380952
0 0.8347098214285714 0.5368303571428571 0.22142857142857142 0.10163690476190476
1 0.7343455460700936 0.4652246315192744 0.020521763392857145 0.021577380952380952
0 0.49832589285714285 0.6924107142857143 0.8785714285714286 0.07946428571428571
1 0.0645961431241362 0.6073589852607709 0.011049107142857144 0.021577380952380952
