0 0.2806919642857143 0.20691964285714284 0.44285714285714284 0.1349702380952381
1 0.06297304751642037 0.1388420414462081 0.007198660714285714 0.021577380952380952
0 0.2806919642857143 0.3793154761904762 0.44285714285714284 0.2741071428571429
1 0.06489827073070609 0.24939098324514994 0.011049107142857144 0.021577380952380952
0 0.2806919642857143 0.5034970238095238 0.44285714285714284 0.39479166666666665
1 0.0668234939449918 0.35993992504409167 0.014899553571428572 0.021577380952380952
0 0.2806919642857143 0.5392857142857143 0.44285714285714284 0.08928571428571429
1 0.07311534662356323 0.47048886684303354 0.027483258928571428 0.021577380952380952
0 0.2806919642857143 0.6255952380952381 0.44285714285714284 0.26071428571428573
1 0.07401517921284895 0.5810378086419753 0.029282924107142855 0.021577380952380952
0 0.2806919642857143 0.828125 0.44285714285714284 0.33363095238095236
1 0.07323392921284894 0.6915867504409172 0.027720424107142858 0.021577380952380987
0 0.7237723214285714 0.2579613095238095 0.44285714285714284 0.18705357142857143
1 0.5126861414223348 0.1388420414462081 0.020521763392857145 0.021577380952380952
0 0.7237723214285714 0.3379464285714286 0.44285714285714284 0.35654761904761906
1 0.5126861414223348 0.24939098324514994 0.020521763392857145 0.021577380952380952
0 0.7237723214285714 0.44873511904761904 0.44285714285714284 0.3308035714285714
1 0.512700092315192 0.35993992504409167 0.02054966517857143 0.021577380952380952
0 0.7237723214285714 0.5634672619047619 0.44285714285714284 0.3236607142857143
1 0.5126931168687634 0.47048886684303354 0.020535714285714286 0.021577380952380952
0 0.7237723214285714 0.6181547619047619 0.44285714285714284 0.22738095238095238
1 0.5126861414223348 0.5810378086419753 0.020521763392857145 0.021577380952380952
0 0.7237723214285714 0.7395833333333334 0.44285714285714284 0.20714285714285716
1 0.5126861414223348 0.6915867504409172 0.020521763392857145 0.021577380952380987
