0 0.2806919642857143 0.20907738095238096 0.44285714285714284 0.056845238095238095
1 0.06297304751642037 0.1388420414462081 0.007198660714285714 0.021577380952380952
0 0.2806919642857143 0.32924107142857145 0.44285714285714284 0.04479166666666667
1 0.06489827073070609 0.24939098324514994 0.011049107142857144 0.021577380952380952
0 0.2806919642857143 0.4498511904761905 0.44285714285714284 0.05416666666666667
1 0.0668234939449918 0.35993992504409167 0.014899553571428572 0.021577380952380952
0 0.2806919642857143 0.5627232142857143 0.44285714285714284 0.04389880952380952
1 0.07311534662356323 0.47048886684303354 0.027483258928571428 0.021577380952380952
0 0.2806919642857143 0.6543898809523809 0.44285714285714284 0.053422619047619045
1 0.07401517921284895 0.5810378086419753 0.029282924107142855 0.021577380952380952
0 0.2806919642857143 0.7772321428571428 0.44285714285714284 0.03333333333333333
1 0.07323392921284894 0.6915867504409172 0.027720424107142858 0.021577380952380987
0 0.7237723214285714 0.23415178571428572 0.44285714285714284 0.04657738095238095
1 0.5126861414223348 0.1388420414462081 0.020521763392857145 0.021577380952380952
0 0.7237723214285714 0.33816964285714285 0.44285714285714284 0.08258928571428571
1 0.5126861414223348 0.24939098324514994 0.020521763392857145 0.021577380952380952
0 0.7237723214285714 0.44300595238095236 0.44285714285714284 0.09523809523809523
1 0.512700092315192 0.35993992504409167 0.02054966517857143 0.021577380952380952
0 0.7237723214285714 0.5376488095238096 0.44285714285714284 0.11636904761904762
1 0.5126931168687634 0.47048886684303354 0.020535714285714286 0.021577380952380952
0 0.7237723214285714 0.6355654761904762 0.44285714285714284 0.1181547619047619
1 0.5126861414223348 0.5810378086419753 0.020521763392857145 0.021577380952380952
0 0.7237723214285714 0.7460565476190476 0.44285714285714284 0.09360119047619048
1 0.5126861414223348 0.6915867504409172 0.020521763392857145 0.021577380952380987
