0 0.16975446428571428 0.26860119047619047 0.22142857142857142 0.0875
1 0.06267091990985048 0.18095592403628116 0.007198660714285714 0.021577380952380952
0 0.16975446428571428 0.412797619047619 0.22142857142857142 0.06011904761904762
1 0.0645961431241362 0.3230902777777778 0.011049107142857144 0.021577380952380952
0 0.16975446428571428 0.5625 0.22142857142857142 0.05178571428571429
1 0.0665213663384219 0.4652246315192744 0.014899553571428572 0.021577380952380952
0 0.39140625 0.3003720238095238 0.22142857142857142 0.07038690476190476
1 0.2944842439573125 0.18095592403628116 0.027483258928571428 0.021577380952380952
0 0.39140625 0.4216517857142857 0.22142857142857142 0.06800595238095238
1 0.2953840765465982 0.3230902777777778 0.029282924107142855 0.021577380952380952
0 0.39140625 0.5649553571428572 0.22142857142857142 0.032589285714285716
1 0.2946028265465982 0.4652246315192744 0.027720424107142858 0.021577380952380952
0 0.6130580357142857 0.2550595238095238 0.22142857142857142 0.09017857142857143
1 0.5126745211297744 0.18095592403628116 0.020521763392857145 0.021577380952380952
0 0.6130580357142857 0.3990327380952381 0.22142857142857142 0.12485119047619048
1 0.5126745211297744 0.3230902777777778 0.020521763392857145 0.021577380952380952
0 0.6130580357142857 0.5245535714285714 0.22142857142857142 0.10982142857142857
1 0.5126884720226316 0.4652246315192744 0.02054966517857143 0.021577380952380952
0 0.8347098214285714 0.2375 0.22142857142857142 0.15654761904761905
1 0.7343525215165222 0.18095592403628116 0.020535714285714286 0.021577380952380952
0 0.8347098214285714 0.37596726190476193 0.22142857142857142 0.14866071428571428
1 0.7343455460700936 0.3230902777777778 0.020521763392857145 0.021577380952380952
0 0.8347098214285714 0.5453869047619048 0.22142857142857142 0.10267857142857142
1 0.7343455460700936 0.4652246315192744 0.020521763392857145 0.021577380952380952
0 0.49832589285714285 0.6973958333333333 0.8785714285714286 0.06860119047619048
1 0.0645961431241362 0.6073589852607709 0.011049107142857144 0.021577380952380952
