0 0.2806919642857143 0.19330357142857144 0.44285714285714284 0.10357142857142858
1 0.06297304751642037 0.1388420414462081 0.007198660714285714 0.021577380952380952
0 0.2806919642857143 0.2788690476190476 0.44285714285714284 0.14464285714285716
1 0.06489827073070609 0.24939098324514994 0.011049107142857144 0.021577380952380952
0 0.2806919642857143 0.41808035714285713 0.44285714285714284 0.0775297619047619
1 0.0668234939449918 0.35993992504409167 0.014899553571428572 0.021577380952380952
0 0.2806919642857143 0.5926339285714286 0.44285714285714284 0.12217261904761904
1 0.07311534662356323 0.47048886684303354 0.027483258928571428 0.021577380952380952
0 0.2806919642857143 0.6627232142857142 0.44285714285714284 0.038839285714285715
1 0.07401517921284895 0.5810378086419753 0.029282924107142855 0.021577380952380952
0 0.2806919642857143 0.7371279761904762 0.44285714285714284 0.10461309523809524
1 0.07323392921284894 0.6915867504409172 0.027720424107142858 0.021577380952380987
0 0.7237723214285714 0.24203869047619048 0.44285714285714284 0.090625
1 0.5126861414223348 0.1388420414462081 0.020521763392857145 0.021577380952380952
0 0.7237723214285714 0.3092261904761905 0.44285714285714284 0.21726190476190477
1 0.5126861414223348 0.24939098324514994 0.020521763392857145 0.021577380952380952
0 0.7237723214285714 0.3671875 0.44285714285714284 0.29776785714285714
1 0.512700092315192 0.35993992504409167 0.02054966517857143 0.021577380952380952
0 0.7237723214285714 0.4523065476190476 0.44285714285714284 0.30967261904761906
1 0.5126931168687634 0.47048886684303354 0.020535714285714286 0.021577380952380952
0 0.7237723214285714 0.5743303571428572 0.44285714285714284 0.2349702380952381
1 0.5126861414223348 0.5810378086419753 0.020521763392857145 0.021577380952380952
0 0.7237723214285714 0.7403273809523809 0.44285714285714284 0.47827380952380955
1 0.5126861414223348 0.6915867504409172 0.020521763392857145 0.021577380952380987
