0 0.16975446428571428 0.2314732142857143 0.22142857142857142 0.1549107142857143
1 0.06267091990985048 0.18095592403628116 0.007198660714285714 0.021577380952380952
0 0.16975446428571428 0.4017113095238095 0.22142857142857142 0.12098214285714286
1 0.0645961431241362 0.3230902777777778 0.011049107142857144 0.021577380952380952
0 0.16975446428571428 0.5851934523809523 0.22142857142857142 0.07276785714285715
1 0.0665213663384219 0.4652246315192744 0.014899553571428572 0.021577380952380952
0 0.39140625 0.3241815476190476 0.22142857142857142 0.134375
1 0.2944842439573125 0.18095592403628116 0.027483258928571428 0.021577380952380952
0 0.39140625 0.38913690476190477 0.22142857142857142 0.10357142857142858
1 0.2953840765465982 0.3230902777777778 0.029282924107142855 0.021577380952380952
0 0.39140625 0.56875 0.22142857142857142 0.05505952380952381
1 0.2946028265465982 0.4652246315192744 0.027720424107142858 0.021577380952380952
0 0.6130580357142857 0.3316220238095238 0.22142857142857142 0.2144345238095238
1 0.5126745211297744 0.18095592403628116 0.020521763392857145 0.021577380952380952
0 0.6130580357142857 0.40796130952380955 0.22142857142857142 0.34330357142857143
1 0.5126745211297744 0.3230902777777778 0.020521763392857145 0.021577380952380952
0 0.6130580357142857 0.49315476190476193 0.22142857142857142 0.3306547619047619
1 0.5126884720226316 0.4652246315192744 0.02054966517857143 0.021577380952380952
0 0.8347098214285714 0.17038690476190477 0.22142857142857142 0.29791666666666666
1 0.7343525215165222 0.18095592403628116 0.020535714285714286 0.021577380952380952
0 0.8347098214285714 0.35007440476190477 0.22142857142857142 0.19508928571428572
1 0.7343455460700936 0.3230902777777778 0.020521763392857145 0.021577380952380952
0 0.8347098214285714 0.520907738095238 0.22142857142857142 0.1438988095238095
1 0.7343455460700936 0.4652246315192744 0.020521763392857145 0.021577380952380952
0 0.49832589285714285 0.6722470238095238 0.8785714285714286 0.1480654761904762
1 0.0645961431241362 0.6073589852607709 0.011049107142857144 0.021577380952380952
