0 0.5022879464285714 0.10967261904761905 0.8856026785714286 0.06279761904761905
1 0.0631253166160081 0.07988260582010584 0.007198660714285714 0.021577380952380952
0 0.5022879464285714 0.17046130952380953 0.8856026785714286 0.0831845238095238
1 0.06505053983029382 0.1462119708994709 0.011049107142857144 0.021577380952380952
0 0.5022879464285714 0.25944940476190476 0.8856026785714286 0.03288690476190476
1 0.06697576304457953 0.21254133597883595 0.014899553571428572 0.021577380952380952
0 0.5022879464285714 0.35654761904761906 0.8856026785714286 0.07083333333333333
1 0.07326761572315096 0.27887070105820105 0.027483258928571428 0.021577380952380952
0 0.5022879464285714 0.3880952380952381 0.8856026785714286 0.03005952380952381
1 0.07416744831243667 0.3452000661375661 0.029282924107142855 0.021577380952380952
0 0.5022879464285714 0.44702380952380955 0.8856026785714286 0.056845238095238095
1 0.07338619831243667 0.41152943121693125 0.027720424107142858 0.021577380952380952
0 0.5022879464285714 0.5561011904761904 0.8856026785714286 0.07797619047619048
1 0.06978686795529382 0.4778587962962963 0.020521763392857145 0.021577380952380952
0 0.5022879464285714 0.6125 0.8856026785714286 0.07291666666666667
1 0.06978686795529382 0.5441881613756614 0.020521763392857145 0.021577380952380952
0 0.5022879464285714 0.684970238095238 0.8856026785714286 0.08720238095238095
1 0.06980081884815097 0.6105175264550264 0.02054966517857143 0.021577380952380952
0 0.5022879464285714 0.698139880952381 0.8856026785714286 0.1549107142857143
1 0.06979384340172239 0.6768468915343916 0.020535714285714286 0.021577380952380952
0 0.5022879464285714 0.7593005952380952 0.8856026785714286 0.10580357142857143
1 0.06978686795529382 0.7431762566137565 0.020521763392857145 0.021577380952380952
0 0.5022879464285714 0.8316220238095238 0.8856026785714286 0.0900297619047619
1 0.06978686795529382 0.8095056216931217 0.020521763392857145 0.021577380952380952
