0 0.5022879464285714 0.11748511904761905 0.8856026785714286 0.05163690476190476
1 0.0631253166160081 0.07988260582010584 0.007198660714285714 0.021577380952380952
0 0.5022879464285714 0.18586309523809524 0.8856026785714286 0.04672619047619048
1 0.06505053983029382 0.1462119708994709 0.011049107142857144 0.021577380952380952
0 0.5022879464285714 0.2654017857142857 0.8856026785714286 0.022767857142857142
1 0.06697576304457953 0.21254133597883595 0.014899553571428572 0.021577380952380952
0 0.5022879464285714 0.3450892857142857 0.8856026785714286 0.04523809523809524
1 0.07326761572315096 0.27887070105820105 0.027483258928571428 0.021577380952380952
0 0.5022879464285714 0.3899553571428571 0.8856026785714286 0.036458333333333336
1 0.07416744831243667 0.3452000661375661 0.029282924107142855 0.021577380952380952
0 0.5022879464285714 0.45922619047619045 0.8856026785714286 0.029166666666666667
1 0.07338619831243667 0.41152943121693125 0.027720424107142858 0.021577380952380952
0 0.5022879464285714 0.5449404761904761 0.8856026785714286 0.05119047619047619
1 0.06978686795529382 0.4778587962962963 0.020521763392857145 0.021577380952380952
0 0.5022879464285714 0.6080357142857142 0.8856026785714286 0.1523809523809524
1 0.06978686795529382 0.5441881613756614 0.020521763392857145 0.021577380952380952
0 0.5022879464285714 0.6468005952380952 0.8856026785714286 0.14925595238095238
1 0.06980081884815097 0.6105175264550264 0.02054966517857143 0.021577380952380952
0 0.5022879464285714 0.7140625 0.8856026785714286 0.14985119047619047
1 0.06979384340172239 0.6768468915343916 0.020535714285714286 0.021577380952380952
0 0.5022879464285714 0.7253720238095238 0.8856026785714286 0.18735119047619048
1 0.06978686795529382 0.7431762566137565 0.020521763392857145 0.021577380952380952
0 0.5022879464285714 0.8188244047619048 0.8856026785714286 0.121875
1 0.06978686795529382 0.8095056216931217 0.020521763392857145 0.021577380952380952
