0 0.2806919642857143 0.18095238095238095 0.44285714285714284 0.11726190476190476
1 0.06297304751642037 0.1388420414462081 0.007198660714285714 0.021577380952380952
0 0.2806919642857143 0.30044642857142856 0.44285714285714284 0.0880952380952381
1 0.06489827073070609 0.24939098324514994 0.011049107142857144 0.021577380952380952
0 0.2806919642857143 0.46339285714285716 0.44285714285714284 0.06577380952380953
1 0.0668234939449918 0.35993992504409167 0.014899553571428572 0.021577380952380952
0 0.2806919642857143 0.5882440476190476 0.44285714285714284 0.1
1 0.07311534662356323 0.47048886684303354 0.027483258928571428 0.021577380952380952
0 0.2806919642857143 0.635342261904762 0.44285714285714284 0.0849702380952381
1 0.07401517921284895 0.5810378086419753 0.029282924107142855 0.021577380952380952
0 0.2806919642857143 0.7700892857142857 0.44285714285714284 0.05505952380952381
1 0.07323392921284894 0.6915867504409172 0.027720424107142858 0.021577380952380987
0 0.7237723214285714 0.2733630952380952 0.44285714285714284 0.16577380952380952
1 0.5126861414223348 0.1388420414462081 0.020521763392857145 0.021577380952380952
0 0.7237723214285714 0.37016369047619047 0.44285714285714284 0.16681547619047618
1 0.5126861414223348 0.24939098324514994 0.020521763392857145 0.021577380952380952
0 0.7237723214285714 0.42157738095238095 0.44285714285714284 0.2005952380952381
1 0.512700092315192 0.35993992504409167 0.02054966517857143 0.021577380952380952
0 0.7237723214285714 0.525967261904762 0.44285714285714284 0.12782738095238094
1 0.5126931168687634 0.47048886684303354 0.020535714285714286 0.021577380952380952
0 0.7237723214285714 0.6336309523809524 0.44285714285714284 0.08898809523809524
1 0.5126861414223348 0.5810378086419753 0.020521763392857145 0.021577380952380952
0 0.7237723214285714 0.7576636904761904 0.44285714285714284 0.05520833333333333
1 0.5126861414223348 0.6915867504409172 0.020521763392857145 0.021577380952380987
