0 0.16975446428571428 0.24174107142857143 0.22142857142857142 0.10729166666666666
1 0.06267091990985048 0.18095592403628116 0.007198660714285714 0.021577380952380952
0 0.16975446428571428 0.3829613095238095 0.22142857142857142 0.1331845238095238
1 0.0645961431241362 0.3230902777777778 0.011049107142857144 0.021577380952380952
0 0.16975446428571428 0.5853422619047619 0.22142857142857142 0.07485119047619047
1 0.0665213663384219 0.4652246315192744 0.014899553571428572 0.021577380952380952
0 0.39140625 0.32864583333333336 0.22142857142857142 0.11264880952380953
1 0.2944842439573125 0.18095592403628116 0.027483258928571428 0.021577380952380952
0 0.39140625 0.4054315476190476 0.22142857142857142 0.0599702380952381
1 0.2953840765465982 0.3230902777777778 0.029282924107142855 0.021577380952380952
0 0.39140625 0.5552083333333333 0.22142857142857142 0.10386904761904762
1 0.2946028265465982 0.4652246315192744 0.027720424107142858 0.021577380952380952
0 0.6130580357142857 0.3236607142857143 0.22142857142857142 0.12857142857142856
1 0.5126745211297744 0.18095592403628116 0.020521763392857145 0.021577380952380952
0 0.6130580357142857 0.4558779761904762 0.22142857142857142 0.159375
1 0.5126745211297744 0.3230902777777778 0.020521763392857145 0.021577380952380952
0 0.6130580357142857 0.5802083333333333 0.22142857142857142 0.1699404761904762
1 0.5126884720226316 0.4652246315192744 0.02054966517857143 0.021577380952380952
0 0.8347098214285714 0.25379464285714287 0.22142857142857142 0.2138392857142857
1 0.7343525215165222 0.18095592403628116 0.020535714285714286 0.021577380952380952
0 0.8347098214285714 0.38236607142857143 0.22142857142857142 0.21413690476190475
1 0.7343455460700936 0.3230902777777778 0.020521763392857145 0.021577380952380952
0 0.8347098214285714 0.5172619047619048 0.22142857142857142 0.23214285714285715
1 0.7343455460700936 0.4652246315192744 0.020521763392857145 0.021577380952380952
0 0.49832589285714285 0.6671875 0.8785714285714286 0.1331845238095238
1 0.0645961431241362 0.6073589852607709 0.011049107142857144 0.021577380952380952
