0 0.16975446428571428 0.23846726190476192 0.22142857142857142 0.1293154761904762
1 0.06267091990985048 0.18095592403628116 0.007198660714285714 0.021577380952380952
0 0.16975446428571428 0.41063988095238096 0.22142857142857142 0.07663690476190477
1 0.0645961431241362 0.3230902777777778 0.011049107142857144 0.021577380952380952
0 0.16975446428571428 0.5922619047619048 0.22142857142857142 0.07678571428571429
1 0.0665213663384219 0.4652246315192744 0.014899553571428572 0.021577380952380952
0 0.39140625 0.31666666666666665 0.22142857142857142 0.09583333333333334
1 0.2944842439573125 0.18095592403628116 0.027483258928571428 0.021577380952380952
0 0.39140625 0.3900297619047619 0.22142857142857142 0.10029761904761905
1 0.2953840765465982 0.3230902777777778 0.029282924107142855 0.021577380952380952
0 0.39140625 0.5784970238095238 0.22142857142857142 0.05193452380952381
1 0.2946028265465982 0.4652246315192744 0.027720424107142858 0.021577380952380952
0 0.6130580357142857 0.32410714285714287 0.22142857142857142 0.12857142857142856
1 0.5126745211297744 0.18095592403628116 0.020521763392857145 0.021577380952380952
0 0.6130580357142857 0.4669642857142857 0.22142857142857142 0.16904761904761906
1 0.5126745211297744 0.3230902777777778 0.020521763392857145 0.021577380952380952
0 0.6130580357142857 0.6371279761904762 0.22142857142857142 0.22931547619047618
1 0.5126884720226316 0.4652246315192744 0.02054966517857143 0.021577380952380952
0 0.8347098214285714 0.29441964285714284 0.22142857142857142 0.21413690476190475
1 0.7343525215165222 0.18095592403628116 0.020535714285714286 0.021577380952380952
0 0.8347098214285714 0.40677083333333336 0.22142857142857142 0.16294642857142858
1 0.7343455460700936 0.3230902777777778 0.020521763392857145 0.021577380952380952
0 0.8347098214285714 0.555952380952381 0.22142857142857142 0.1255952380952381
1 0.7343455460700936 0.4652246315192744 0.020521763392857145 0.021577380952380952
0 0.49832589285714285 0.6945684523809523 0.8785714285714286 0.08675595238095238
1 0.0645961431241362 0.6073589852607709 0.011049107142857144 0.021577380952380952
