0 0.16975446428571428 0.26331845238095236 0.22142857142857142 0.07574404761904761
1 0.06267091990985048 0.18095592403628116 0.007198660714285714 0.021577380952380952
0 0.16975446428571428 0.40379464285714284 0.22142857142857142 0.09270833333333334
1 0.0645961431241362 0.3230902777777778 0.011049107142857144 0.021577380952380952
0 0.16975446428571428 0.5496279761904762 0.22142857142857142 0.06145833333333333
1 0.0665213663384219 0.4652246315192744 0.014899553571428572 0.021577380952380952
0 0.39140625 0.30498511904761905 0.22142857142857142 0.07931547619047619
1 0.2944842439573125 0.18095592403628116 0.027483258928571428 0.021577380952380952
0 0.39140625 0.42470238095238094 0.22142857142857142 0.054464285714285715
1 0.2953840765465982 0.3230902777777778 0.029282924107142855 0.021577380952380952
0 0.39140625 0.549404761904762 0.22142857142857142 0.07380952380952381
1 0.2946028265465982 0.4652246315192744 0.027720424107142858 0.021577380952380952
0 0.6130580357142857 0.3002232142857143 0.22142857142857142 0.103125
1 0.5126745211297744 0.18095592403628116 0.020521763392857145 0.021577380952380952
0 0.6130580357142857 0.4197916666666667 0.22142857142857142 0.23154761904761906
1 0.5126745211297744 0.3230902777777778 0.020521763392857145 0.021577380952380952
0 0.6130580357142857 0.5275297619047619 0.22142857142857142 0.21398809523809523
1 0.5126884720226316 0.4652246315192744 0.02054966517857143 0.021577380952380952
0 0.8347098214285714 0.22566964285714286 0.22142857142857142 0.1930059523809524
1 0.7343525215165222 0.18095592403628116 0.020535714285714286 0.021577380952380952
0 0.8347098214285714 0.37901785714285713 0.22142857142857142 0.1494047619047619
1 0.7343455460700936 0.3230902777777778 0.020521763392857145 0.021577380952380952
0 0.8347098214285714 0.5410714285714285 0.22142857142857142 0.10476190476190476
1 0.7343455460700936 0.4652246315192744 0.020521763392857145 0.021577380952380952
0 0.49832589285714285 0.6840773809523809 0.8785714285714286 0.10535714285714286
1 0.0645961431241362 0.6073589852607709 0.011049107142857144 0.021577380952380952
