0 0.5022879464285714 0.10989583333333333 0.8856026785714286 0.09241071428571429
1 0.0631253166160081 0.07988260582010584 0.007198660714285714 0.021577380952380952
0 0.5022879464285714 0.18571428571428572 0.8856026785714286 0.05089285714285714
1 0.06505053983029382 0.1462119708994709 0.011049107142857144 0.021577380952380952
0 0.5022879464285714 0.26808035714285716 0.8856026785714286 0.05907738095238095
1 0.06697576304457953 0.21254133597883595 0.014899553571428572 0.021577380952380952
0 0.5022879464285714 0.3517113095238095 0.8856026785714286 0.06741071428571428
1 0.07326761572315096 0.27887070105820105 0.027483258928571428 0.021577380952380952
0 0.5022879464285714 0.38444940476190476 0.8856026785714286 0.07455357142857143
1 0.07416744831243667 0.3452000661375661 0.029282924107142855 0.021577380952380952
0 0.5022879464285714 0.4602678571428571 0.8856026785714286 0.027976190476190477
1 0.07338619831243667 0.41152943121693125 0.027720424107142858 0.021577380952380952
0 0.5022879464285714 0.5402529761904762 0.8856026785714286 0.04925595238095238
1 0.06978686795529382 0.4778587962962963 0.020521763392857145 0.021577380952380952
0 0.5022879464285714 0.6019345238095238 0.8856026785714286 0.0693452380952381
1 0.06978686795529382 0.5441881613756614 0.020521763392857145 0.021577380952380952
0 0.5022879464285714 0.6613839285714286 0.8856026785714286 0.04389880952380952
1 0.06980081884815097 0.6105175264550264 0.02054966517857143 0.021577380952380952
0 0.5022879464285714 0.7223214285714286 0.8856026785714286 0.042261904761904764
1 0.06979384340172239 0.6768468915343916 0.020535714285714286 0.021577380952380952
0 0.5022879464285714 0.7866071428571428 0.8856026785714286 0.05
1 0.06978686795529382 0.7431762566137565 0.020521763392857145 0.021577380952380952
0 0.5022879464285714 0.8494791666666667 0.8856026785714286 0.0599702380952381
1 0.06978686795529382 0.8095056216931217 0.020521763392857145 0.021577380952380952
