0 0.16975446428571428 0.25171130952380955 0.22142857142857142 0.09538690476190476
1 0.06267091990985048 0.18095592403628116 0.007198660714285714 0.021577380952380952
0 0.16975446428571428 0.4162202380952381 0.22142857142857142 0.09107142857142857
1 0.0645961431241362 0.3230902777777778 0.011049107142857144 0.021577380952380952
0 0.16975446428571428 0.5819196428571428 0.22142857142857142 0.05520833333333333
1 0.0665213663384219 0.4652246315192744 0.014899553571428572 0.021577380952380952
0 0.39140625 0.3058779761904762 0.22142857142857142 0.09211309523809524
1 0.2944842439573125 0.18095592403628116 0.027483258928571428 0.021577380952380952
0 0.39140625 0.4060267857142857 0.22142857142857142 0.06651785714285714
1 0.2953840765465982 0.3230902777777778 0.029282924107142855 0.021577380952380952
0 0.39140625 0.5725446428571429 0.22142857142857142 0.05193452380952381
1 0.2946028265465982 0.4652246315192744 0.027720424107142858 0.021577380952380952
0 0.6130580357142857 0.3133184523809524 0.22142857142857142 0.10461309523809524
1 0.5126745211297744 0.18095592403628116 0.020521763392857145 0.021577380952380952
0 0.6130580357142857 0.4275297619047619 0.22142857142857142 0.16547619047619047
1 0.5126745211297744 0.3230902777777778 0.020521763392857145 0.021577380952380952
0 0.6130580357142857 0.5098214285714285 0.22142857142857142 0.23839285714285716
1 0.5126884720226316 0.4652246315192744 0.02054966517857143 0.021577380952380952
0 0.8347098214285714 0.1849702380952381 0.22142857142857142 0.31875
1 0.7343525215165222 0.18095592403628116 0.020535714285714286 0.021577380952380952
0 0.8347098214285714 0.3324404761904762 0.22142857142857142 0.2726190476190476
1 0.7343455460700936 0.3230902777777778 0.020521763392857145 0.021577380952380952
0 0.8347098214285714 0.49955357142857143 0.22142857142857142 0.18839285714285714
1 0.7343455460700936 0.4652246315192744 0.020521763392857145 0.021577380952380952
0 0.49832589285714285 0.6980654761904762 0.8785714285714286 0.10119047619047619
1 0.0645961431241362 0.6073589852607709 0.011049107142857144 0.021577380952380952
