0 0.5022879464285714 0.11197916666666667 0.8856026785714286 0.07544642857142857
1 0.0631253166160081 0.07988260582010584 0.007198660714285714 0.021577380952380952
0 0.5022879464285714 0.1924107142857143 0.8856026785714286 0.04017857142857143
1 0.06505053983029382 0.1462119708994709 0.011049107142857144 0.021577380952380952
0 0.5022879464285714 0.2787202380952381 0.8856026785714286 0.0556547619047619
1 0.06697576304457953 0.21254133597883595 0.014899553571428572 0.021577380952380952
0 0.5022879464285714 0.34419642857142857 0.8856026785714286 0.05238095238095238
1 0.07326761572315096 0.27887070105820105 0.027483258928571428 0.021577380952380952
0 0.5022879464285714 0.38058035714285715 0.8856026785714286 0.06502976190476191
1 0.07416744831243667 0.3452000661375661 0.029282924107142855 0.021577380952380952
0 0.5022879464285714 0.46629464285714284 0.8856026785714286 0.02693452380952381
1 0.07338619831243667 0.41152943121693125 0.027720424107142858 0.021577380952380952
0 0.5022879464285714 0.5421130952380953 0.8856026785714286 0.05416666666666667
1 0.06978686795529382 0.4778587962962963 0.020521763392857145 0.021577380952380952
0 0.5022879464285714 0.6078869047619048 0.8856026785714286 0.07142857142857142
1 0.06978686795529382 0.5441881613756614 0.020521763392857145 0.021577380952380952
0 0.5022879464285714 0.6725446428571429 0.8856026785714286 0.0662202380952381
1 0.06980081884815097 0.6105175264550264 0.02054966517857143 0.021577380952380952
0 0.5022879464285714 0.6998511904761905 0.8856026785714286 0.09761904761904762
1 0.06979384340172239 0.6768468915343916 0.020535714285714286 0.021577380952380952
0 0.5022879464285714 0.7783482142857143 0.8856026785714286 0.07663690476190477
1 0.06978686795529382 0.7431762566137565 0.020521763392857145 0.021577380952380952
0 0.5022879464285714 0.8351190476190476 0.8856026785714286 0.0869047619047619
1 0.06978686795529382 0.8095056216931217 0.020521763392857145 0.021577380952380952
