0 0.16975446428571428 0.24188988095238095 0.22142857142857142 0.1269345238095238
1 0.06267091990985048 0.18095592403628116 0.007198660714285714 0.021577380952380952
0 0.16975446428571428 0.41004464285714287 0.22142857142857142 0.134375
1 0.0645961431241362 0.3230902777777778 0.011049107142857144 0.021577380952380952
0 0.16975446428571428 0.5860119047619048 0.22142857142857142 0.05714285714285714
1 0.0665213663384219 0.4652246315192744 0.014899553571428572 0.021577380952380952
0 0.39140625 0.31294642857142857 0.22142857142857142 0.13005952380952382
1 0.2944842439573125 0.18095592403628116 0.027483258928571428 0.021577380952380952
0 0.39140625 0.3976190476190476 0.22142857142857142 0.0761904761904762
1 0.2953840765465982 0.3230902777777778 0.029282924107142855 0.021577380952380952
0 0.39140625 0.5707589285714286 0.22142857142857142 0.08258928571428571
1 0.2946028265465982 0.4652246315192744 0.027720424107142858 0.021577380952380952
0 0.6130580357142857 0.3165922619047619 0.22142857142857142 0.1474702380952381
1 0.5126745211297744 0.18095592403628116 0.020521763392857145 0.021577380952380952
0 0.6130580357142857 0.44360119047619045 0.22142857142857142 0.17023809523809524
1 0.5126745211297744 0.3230902777777778 0.020521763392857145 0.021577380952380952
0 0.6130580357142857 0.5676339285714286 0.22142857142857142 0.19032738095238094
1 0.5126884720226316 0.4652246315192744 0.02054966517857143 0.021577380952380952
0 0.8347098214285714 0.21331845238095237 0.22142857142857142 0.22514880952380953
1 0.7343525215165222 0.18095592403628116 0.020535714285714286 0.021577380952380952
0 0.8347098214285714 0.34657738095238094 0.22142857142857142 0.20625
1 0.7343455460700936 0.3230902777777778 0.020521763392857145 0.021577380952380952
0 0.8347098214285714 0.503125 0.22142857142857142 0.18125
1 0.7343455460700936 0.4652246315192744 0.020521763392857145 0.021577380952380952
0 0.49832589285714285 0.6816220238095239 0.8785714285714286 0.26532738095238095
1 0.0645961431241362 0.6073589852607709 0.011049107142857144 0.021577380952380952
