0 0.5022879464285714 0.1150297619047619 0.8856026785714286 0.06041666666666667
1 0.0631253166160081 0.07988260582010584 0.007198660714285714 0.021577380952380952
0 0.5022879464285714 0.17433035714285713 0.8856026785714286 0.0775297619047619
1 0.06505053983029382 0.1462119708994709 0.011049107142857144 0.021577380952380952
0 0.5022879464285714 0.2550595238095238 0.8856026785714286 0.04375
1 0.06697576304457953 0.21254133597883595 0.014899553571428572 0.021577380952380952
0 0.5022879464285714 0.35267857142857145 0.8856026785714286 0.0675595238095238
1 0.07326761572315096 0.27887070105820105 0.027483258928571428 0.021577380952380952
0 0.5022879464285714 0.39211309523809523 0.8856026785714286 0.035416666666666666
1 0.07416744831243667 0.3452000661375661 0.029282924107142855 0.021577380952380952
0 0.5022879464285714 0.4467261904761905 0.8856026785714286 0.05714285714285714
1 0.07338619831243667 0.41152943121693125 0.027720424107142858 0.021577380952380952
0 0.5022879464285714 0.5490327380952381 0.8856026785714286 0.07782738095238095
1 0.06978686795529382 0.4778587962962963 0.020521763392857145 0.021577380952380952
0 0.5022879464285714 0.6119791666666666 0.8856026785714286 0.11294642857142857
1 0.06978686795529382 0.5441881613756614 0.020521763392857145 0.021577380952380952
0 0.5022879464285714 0.6673363095238095 0.8856026785714286 0.10223214285714285
1 0.06980081884815097 0.6105175264550264 0.02054966517857143 0.021577380952380952
0 0.5022879464285714 0.7071428571428572 0.8856026785714286 0.11696428571428572
1 0.06979384340172239 0.6768468915343916 0.020535714285714286 0.021577380952380952
0 0.5022879464285714 0.752827380952381 0.8856026785714286 0.1193452380952381
1 0.06978686795529382 0.7431762566137565 0.020521763392857145 0.021577380952380952
0 0.5022879464285714 0.8302083333333333 0.8856026785714286 0.10327380952380952
1 0.06978686795529382 0.8095056216931217 0.020521763392857145 0.021577380952380952
