0 0.16975446428571428 0.25677083333333334 0.22142857142857142 0.07098214285714285
1 0.06267091990985048 0.18095592403628116 0.007198660714285714 0.021577380952380952
0 0.16975446428571428 0.3826636904761905 0.22142857142857142 0.11919642857142858
1 0.0645961431241362 0.3230902777777778 0.011049107142857144 0.021577380952380952
0 0.16975446428571428 0.5483630952380952 0.22142857142857142 0.07142857142857142
1 0.0665213663384219 0.4652246315192744 0.014899553571428572 0.021577380952380952
0 0.39140625 0.31979166666666664 0.22142857142857142 0.09464285714285714
1 0.2944842439573125 0.18095592403628116 0.027483258928571428 0.021577380952380952
0 0.39140625 0.4225446428571429 0.22142857142857142 0.028125
1 0.2953840765465982 0.3230902777777778 0.029282924107142855 0.021577380952380952
0 0.39140625 0.5386160714285714 0.22142857142857142 0.08943452380952381
1 0.2946028265465982 0.4652246315192744 0.027720424107142858 0.021577380952380952
0 0.6130580357142857 0.3144345238095238 0.22142857142857142 0.09851190476190476
1 0.5126745211297744 0.18095592403628116 0.020521763392857145 0.021577380952380952
0 0.6130580357142857 0.4629464285714286 0.22142857142857142 0.14732142857142858
1 0.5126745211297744 0.3230902777777778 0.020521763392857145 0.021577380952380952
0 0.6130580357142857 0.5808779761904762 0.22142857142857142 0.10818452380952381
1 0.5126884720226316 0.4652246315192744 0.02054966517857143 0.021577380952380952
0 0.8347098214285714 0.2532738095238095 0.22142857142857142 0.17946428571428572
1 0.7343525215165222 0.18095592403628116 0.020535714285714286 0.021577380952380952
0 0.8347098214285714 0.3748511904761905 0.22142857142857142 0.12708333333333333
1 0.7343455460700936 0.3230902777777778 0.020521763392857145 0.021577380952380952
0 0.8347098214285714 0.5322916666666667 0.22142857142857142 0.10267857142857142
1 0.7343455460700936 0.4652246315192744 0.020521763392857145 0.021577380952380952
0 0.49832589285714285 0.672172619047619 0.8785714285714286 0.12976190476190477
1 0.0645961431241362 0.6073589852607709 0.011049107142857144 0.021577380952380952
