0 0.2806919642857143 0.1884672619047619 0.44285714285714284 0.10848214285714286
1 0.06297304751642037 0.1388420414462081 0.007198660714285714 0.021577380952380952
0 0.2806919642857143 0.3181547619047619 0.44285714285714284 0.07083333333333333
1 0.06489827073070609 0.24939098324514994 0.011049107142857144 0.021577380952380952
0 0.2806919642857143 0.4636904761904762 0.44285714285714284 0.0931547619047619
1 0.0668234939449918 0.35993992504409167 0.014899553571428572 0.021577380952380952
0 0.2806919642857143 0.5739583333333333 0.44285714285714284 0.08214285714285714
1 0.07311534662356323 0.47048886684303354 0.027483258928571428 0.021577380952380952
0 0.2806919642857143 0.6388392857142857 0.44285714285714284 0.09166666666666666
1 0.07401517921284895 0.5810378086419753 0.029282924107142855 0.021577380952380952
0 0.2806919642857143 0.7811755952380952 0.44285714285714284 0.05520833333333333
1 0.07323392921284894 0.6915867504409172 0.027720424107142858 0.021577380952380987
0 0.7237723214285714 0.24017857142857144 0.44285714285714284 0.09910714285714285
1 0.5126861414223348 0.1388420414462081 0.020521763392857145 0.021577380952380952
0 0.7237723214285714 0.3669642857142857 0.44285714285714284 0.18541666666666667
1 0.5126861414223348 0.24939098324514994 0.020521763392857145 0.021577380952380952
0 0.7237723214285714 0.46845238095238095 0.44285714285714284 0.14345238095238094
1 0.512700092315192 0.35993992504409167 0.02054966517857143 0.021577380952380952
0 0.7237723214285714 0.5162946428571429 0.44285714285714284 0.15282738095238096
1 0.5126931168687634 0.47048886684303354 0.020535714285714286 0.021577380952380952
0 0.7237723214285714 0.6226190476190476 0.44285714285714284 0.13601190476190475
1 0.5126861414223348 0.5810378086419753 0.020521763392857145 0.021577380952380952
0 0.7237723214285714 0.7386904761904762 0.44285714285714284 0.13125
1 0.5126861414223348 0.6915867504409172 0.020521763392857145 0.021577380952380987
