0 0.2806919642857143 0.19873511904761904 0.44285714285714284 0.07336309523809524
1 0.06297304751642037 0.1388420414462081 0.007198660714285714 0.021577380952380952
0 0.2806919642857143 0.315625 0.44285714285714284 0.0625
1 0.06489827073070609 0.24939098324514994 0.011049107142857144 0.021577380952380952
0 0.2806919642857143 0.4523809523809524 0.44285714285714284 0.038392857142857145
1 0.0668234939449918 0.35993992504409167 0.014899553571428572 0.021577380952380952
0 0.2806919642857143 0.5725446428571429 0.44285714285714284 0.06235119047619048
1 0.07311534662356323 0.47048886684303354 0.027483258928571428 0.021577380952380952
0 0.2806919642857143 0.6482886904761904 0.44285714285714284 0.053125
1 0.07401517921284895 0.5810378086419753 0.029282924107142855 0.021577380952380952
0 0.2806919642857143 0.7723214285714286 0.44285714285714284 0.04136904761904762
1 0.07323392921284894 0.6915867504409172 0.027720424107142858 0.021577380952380987
0 0.7237723214285714 0.2453125 0.44285714285714284 0.07961309523809523
1 0.5126861414223348 0.1388420414462081 0.020521763392857145 0.021577380952380952
0 0.7237723214285714 0.3560267857142857 0.44285714285714284 0.08526785714285715
1 0.5126861414223348 0.24939098324514994 0.020521763392857145 0.021577380952380952
0 0.7237723214285714 0.4531994047619048 0.44285714285714284 0.1474702380952381
1 0.512700092315192 0.35993992504409167 0.02054966517857143 0.021577380952380952
0 0.7237723214285714 0.5133184523809524 0.44285714285714284 0.1956845238095238
1 0.5126931168687634 0.47048886684303354 0.020535714285714286 0.021577380952380952
0 0.7237723214285714 0.6298363095238095 0.44285714285714284 0.12961309523809525
1 0.5126861414223348 0.5810378086419753 0.020521763392857145 0.021577380952380952
0 0.7237723214285714 0.7543898809523809 0.44285714285714284 0.07544642857142857
1 0.5126861414223348 0.6915867504409172 0.020521763392857145 0.021577380952380987
