0 0.16975446428571428 0.23586309523809523 0.22142857142857142 0.13422619047619047
1 0.06267091990985048 0.18095592403628116 0.007198660714285714 0.021577380952380952
0 0.16975446428571428 0.404985119047619 0.22142857142857142 0.08110119047619048
1 0.0645961431241362 0.3230902777777778 0.011049107142857144 0.021577380952380952
0 0.16975446428571428 0.5931547619047619 0.22142857142857142 0.06964285714285715
1 0.0665213663384219 0.4652246315192744 0.014899553571428572 0.021577380952380952
0 0.39140625 0.31979166666666664 0.22142857142857142 0.10208333333333333
1 0.2944842439573125 0.18095592403628116 0.027483258928571428 0.021577380952380952
0 0.39140625 0.38950892857142855 0.22142857142857142 0.10133928571428572
1 0.2953840765465982 0.3230902777777778 0.029282924107142855 0.021577380952380952
0 0.39140625 0.5785714285714286 0.22142857142857142 0.04375
1 0.2946028265465982 0.4652246315192744 0.027720424107142858 0.021577380952380952
0 0.6130580357142857 0.30892857142857144 0.22142857142857142 0.11577380952380953
1 0.5126745211297744 0.18095592403628116 0.020521763392857145 0.021577380952380952
0 0.6130580357142857 0.44114583333333335 0.22142857142857142 0.10223214285714285
1 0.5126745211297744 0.3230902777777778 0.020521763392857145 0.021577380952380952
0 0.6130580357142857 0.5592261904761905 0.22142857142857142 0.1357142857142857
1 0.5126884720226316 0.4652246315192744 0.02054966517857143 0.021577380952380952
0 0.8347098214285714 0.2305059523809524 0.22142857142857142 0.20148809523809524
1 0.7343525215165222 0.18095592403628116 0.020535714285714286 0.021577380952380952
0 0.8347098214285714 0.36242559523809526 0.22142857142857142 0.1587797619047619
1 0.7343455460700936 0.3230902777777778 0.020521763392857145 0.021577380952380952
0 0.8347098214285714 0.5233630952380952 0.22142857142857142 0.12053571428571429
1 0.7343455460700936 0.4652246315192744 0.020521763392857145 0.021577380952380952
0 0.49832589285714285 0.6881696428571429 0.8785714285714286 0.08735119047619047
1 0.0645961431241362 0.6073589852607709 0.011049107142857144 0.021577380952380952
