0 0.5022879464285714 0.13467261904761904 0.8856026785714286 0.034523809523809526
1 0.0631253166160081 0.07988260582010584 0.007198660714285714 0.021577380952380952
0 0.5022879464285714 0.1816220238095238 0.8856026785714286 0.06473214285714286
1 0.06505053983029382 0.1462119708994709 0.011049107142857144 0.021577380952380952
0 0.5022879464285714 0.2502232142857143 0.8856026785714286 0.05282738095238095
1 0.06697576304457953 0.21254133597883595 0.014899553571428572 0.021577380952380952
0 0.5022879464285714 0.34017857142857144 0.8856026785714286 0.04494047619047619
1 0.07326761572315096 0.27887070105820105 0.027483258928571428 0.021577380952380952
0 0.5022879464285714 0.40267857142857144 0.8856026785714286 0.028273809523809524
1 0.07416744831243667 0.3452000661375661 0.029282924107142855 0.021577380952380952
0 0.5022879464285714 0.44761904761904764 0.8856026785714286 0.055357142857142855
1 0.07338619831243667 0.41152943121693125 0.027720424107142858 0.021577380952380952
0 0.5022879464285714 0.5527529761904761 0.8856026785714286 0.058779761904761904
1 0.06978686795529382 0.4778587962962963 0.020521763392857145 0.021577380952380952
0 0.5022879464285714 0.6292410714285714 0.8856026785714286 0.11324404761904762
1 0.06978686795529382 0.5441881613756614 0.020521763392857145 0.021577380952380952
0 0.5022879464285714 0.6621279761904761 0.8856026785714286 0.057886904761904764
1 0.06980081884815097 0.6105175264550264 0.02054966517857143 0.021577380952380952
0 0.5022879464285714 0.7087797619047619 0.8856026785714286 0.0875
1 0.06979384340172239 0.6768468915343916 0.020535714285714286 0.021577380952380952
0 0.5022879464285714 0.773139880952381 0.8856026785714286 0.07336309523809524
1 0.06978686795529382 0.7431762566137565 0.020521763392857145 0.021577380952380952
0 0.5022879464285714 0.8419642857142857 0.8856026785714286 0.06696428571428571
1 0.06978686795529382 0.8095056216931217 0.020521763392857145 0.021577380952380952
