0 0.16975446428571428 0.25186011904761907 0.22142857142857142 0.08675595238095238
1 0.06267091990985048 0.18095592403628116 0.007198660714285714 0.021577380952380952
0 0.16975446428571428 0.4055059523809524 0.22142857142857142 0.07113095238095238
1 0.0645961431241362 0.3230902777777778 0.011049107142857144 0.021577380952380952
0 0.16975446428571428 0.5758184523809524 0.22142857142857142 0.03080357142857143
1 0.0665213663384219 0.4652246315192744 0.014899553571428572 0.021577380952380952
0 0.39140625 0.31063988095238093 0.22142857142857142 0.07901785714285714
1 0.2944842439573125 0.18095592403628116 0.027483258928571428 0.021577380952380952
0 0.39140625 0.40625 0.22142857142857142 0.05714285714285714
1 0.2953840765465982 0.3230902777777778 0.029282924107142855 0.021577380952380952
0 0.39140625 0.5582589285714286 0.22142857142857142 0.041220238095238095
1 0.2946028265465982 0.4652246315192744 0.027720424107142858 0.021577380952380952
0 0.6130580357142857 0.3111607142857143 0.22142857142857142 0.09226190476190477
1 0.5126745211297744 0.18095592403628116 0.020521763392857145 0.021577380952380952
0 0.6130580357142857 0.4460565476190476 0.22142857142857142 0.1575892857142857
1 0.5126745211297744 0.3230902777777778 0.020521763392857145 0.021577380952380952
0 0.6130580357142857 0.586235119047619 0.22142857142857142 0.1611607142857143
1 0.5126884720226316 0.4652246315192744 0.02054966517857143 0.021577380952380952
0 0.8347098214285714 0.2784970238095238 0.22142857142857142 0.15610119047619048
1 0.7343525215165222 0.18095592403628116 0.020535714285714286 0.021577380952380952
0 0.8347098214285714 0.37075892857142856 0.22142857142857142 0.1680059523809524
1 0.7343455460700936 0.3230902777777778 0.020521763392857145 0.021577380952380952
0 0.8347098214285714 0.5098958333333333 0.22142857142857142 0.1724702380952381
1 0.7343455460700936 0.4652246315192744 0.020521763392857145 0.021577380952380952
0 0.49832589285714285 0.6837797619047619 0.8785714285714286 0.08720238095238095
1 0.0645961431241362 0.6073589852607709 0.011049107142857144 0.021577380952380952
