0 0.5022879464285714 0.11465773809523809 0.8856026785714286 0.056398809523809525
1 0.0631253166160081 0.07988260582010584 0.007198660714285714 0.021577380952380952
0 0.5022879464285714 0.16242559523809524 0.8856026785714286 0.11235119047619048
1 0.06505053983029382 0.1462119708994709 0.011049107142857144 0.021577380952380952
0 0.5022879464285714 0.24494047619047618 0.8856026785714286 0.07648809523809524
1 0.06697576304457953 0.21254133597883595 0.014899553571428572 0.021577380952380952
0 0.5022879464285714 0.3585565476190476 0.8856026785714286 0.08258928571428571
1 0.07326761572315096 0.27887070105820105 0.027483258928571428 0.021577380952380952
0 0.5022879464285714 0.4010416666666667 0.8856026785714286 0.029464285714285714
1 0.07416744831243667 0.3452000661375661 0.029282924107142855 0.021577380952380952
0 0.5022879464285714 0.43645833333333334 0.8856026785714286 0.09285714285714286
1 0.07338619831243667 0.41152943121693125 0.027720424107142858 0.021577380952380952
0 0.5022879464285714 0.5664434523809524 0.8856026785714286 0.11235119047619048
1 0.06978686795529382 0.4778587962962963 0.020521763392857145 0.021577380952380952
0 0.5022879464285714 0.6240327380952381 0.8856026785714286 0.11473214285714285
1 0.06978686795529382 0.5441881613756614 0.020521763392857145 0.021577380952380952
0 0.5022879464285714 0.6572916666666667 0.8856026785714286 0.03422619047619048
1 0.06980081884815097 0.6105175264550264 0.02054966517857143 0.021577380952380952
0 0.5022879464285714 0.7209821428571429 0.8856026785714286 0.03988095238095238
1 0.06979384340172239 0.6768468915343916 0.020535714285714286 0.021577380952380952
0 0.5022879464285714 0.7544642857142857 0.8856026785714286 0.11607142857142858
1 0.06978686795529382 0.7431762566137565 0.020521763392857145 0.021577380952380952
0 0.5022879464285714 0.8182291666666667 0.8856026785714286 0.12366071428571429
1 0.06978686795529382 0.8095056216931217 0.020521763392857145 0.021577380952380952
