0 0.16975446428571428 0.2575892857142857 0.22142857142857142 0.10178571428571428
1 0.06267091990985048 0.18095592403628116 0.007198660714285714 0.021577380952380952
0 0.16975446428571428 0.4329613095238095 0.22142857142857142 0.05758928571428571
1 0.0645961431241362 0.3230902777777778 0.011049107142857144 0.021577380952380952
0 0.16975446428571428 0.5932291666666667 0.22142857142857142 0.10818452380952381
1 0.0665213663384219 0.4652246315192744 0.014899553571428572 0.021577380952380952
0 0.39140625 0.29799107142857145 0.22142857142857142 0.056398809523809525
1 0.2944842439573125 0.18095592403628116 0.027483258928571428 0.021577380952380952
0 0.39140625 0.40074404761904764 0.22142857142857142 0.10357142857142858
1 0.2953840765465982 0.3230902777777778 0.029282924107142855 0.021577380952380952
0 0.39140625 0.5787202380952381 0.22142857142857142 0.0693452380952381
1 0.2946028265465982 0.4652246315192744 0.027720424107142858 0.021577380952380952
0 0.6130580357142857 0.33110119047619047 0.22142857142857142 0.1982142857142857
1 0.5126745211297744 0.18095592403628116 0.020521763392857145 0.021577380952380952
0 0.6130580357142857 0.46242559523809523 0.22142857142857142 0.2162202380952381
1 0.5126745211297744 0.3230902777777778 0.020521763392857145 0.021577380952380952
0 0.6130580357142857 0.6198660714285714 0.22142857142857142 0.2733630952380952
1 0.5126884720226316 0.4652246315192744 0.02054966517857143 0.021577380952380952
0 0.8347098214285714 0.3242559523809524 0.22142857142857142 0.1880952380952381
1 0.7343525215165222 0.18095592403628116 0.020535714285714286 0.021577380952380952
0 0.8347098214285714 0.44308035714285715 0.22142857142857142 0.1212797619047619
1 0.7343455460700936 0.3230902777777778 0.020521763392857145 0.021577380952380952
0 0.8347098214285714 0.5508184523809524 0.22142857142857142 0.11741071428571428
1 0.7343455460700936 0.4652246315192744 0.020521763392857145 0.021577380952380952
0 0.49832589285714285 0.7193452380952381 0.8785714285714286 0.07113095238095238
1 0.0645961431241362 0.6073589852607709 0.011049107142857144 0.021577380952380952
