0 0.16975446428571428 0.23898809523809525 0.22142857142857142 0.1392857142857143
1 0.06267091990985048 0.18095592403628116 0.007198660714285714 0.021577380952380952
0 0.16975446428571428 0.39561011904761906 0.22142857142857142 0.09151785714285714
1 0.0645961431241362 0.3230902777777778 0.011049107142857144 0.021577380952380952
0 0.16975446428571428 0.5793154761904762 0.22142857142857142 0.06041666666666667
1 0.0665213663384219 0.4652246315192744 0.014899553571428572 0.021577380952380952
0 0.39140625 0.32388392857142856 0.22142857142857142 0.11145833333333334
1 0.2944842439573125 0.18095592403628116 0.027483258928571428 0.021577380952380952
0 0.39140625 0.3983630952380952 0.22142857142857142 0.0994047619047619
1 0.2953840765465982 0.3230902777777778 0.029282924107142855 0.021577380952380952
0 0.39140625 0.5631696428571429 0.22142857142857142 0.03467261904761905
1 0.2946028265465982 0.4652246315192744 0.027720424107142858 0.021577380952380952
0 0.6130580357142857 0.3170386904761905 0.22142857142857142 0.10967261904761905
1 0.5126745211297744 0.18095592403628116 0.020521763392857145 0.021577380952380952
0 0.6130580357142857 0.46436011904761904 0.22142857142857142 0.1507440476190476
1 0.5126745211297744 0.3230902777777778 0.020521763392857145 0.021577380952380952
0 0.6130580357142857 0.5938988095238096 0.22142857142857142 0.11577380952380953
1 0.5126884720226316 0.4652246315192744 0.02054966517857143 0.021577380952380952
0 0.8347098214285714 0.26793154761904764 0.22142857142857142 0.07842261904761905
1 0.7343525215165222 0.18095592403628116 0.020535714285714286 0.021577380952380952
0 0.8347098214285714 0.38697916666666665 0.22142857142857142 0.11860119047619047
1 0.7343455460700936 0.3230902777777778 0.020521763392857145 0.021577380952380952
0 0.8347098214285714 0.5497767857142857 0.22142857142857142 0.09389880952380952
1 0.7343455460700936 0.4652246315192744 0.020521763392857145 0.021577380952380952
0 0.49832589285714285 0.6776041666666667 0.8785714285714286 0.103125
1 0.0645961431241362 0.6073589852607709 0.011049107142857144 0.021577380952380952
