0 0.2806919642857143 0.19211309523809525 0.44285714285714284 0.09285714285714286
1 0.06297304751642037 0.1388420414462081 0.007198660714285714 0.021577380952380952
0 0.2806919642857143 0.3222470238095238 0.44285714285714284 0.06711309523809524
1 0.06489827073070609 0.24939098324514994 0.011049107142857144 0.021577380952380952
0 0.2806919642857143 0.4616815476190476 0.44285714285714284 0.06413690476190476
1 0.0668234939449918 0.35993992504409167 0.014899553571428572 0.021577380952380952
0 0.2806919642857143 0.5709821428571429 0.44285714285714284 0.075
1 0.07311534662356323 0.47048886684303354 0.027483258928571428 0.021577380952380952
0 0.2806919642857143 0.6369047619047619 0.44285714285714284 0.0744047619047619
1 0.07401517921284895 0.5810378086419753 0.029282924107142855 0.021577380952380952
0 0.2806919642857143 0.7826636904761904 0.44285714285714284 0.04479166666666667
1 0.07323392921284894 0.6915867504409172 0.027720424107142858 0.021577380952380987
0 0.7237723214285714 0.2514136904761905 0.44285714285714284 0.08348214285714285
1 0.5126861414223348 0.1388420414462081 0.020521763392857145 0.021577380952380952
0 0.7237723214285714 0.3558779761904762 0.44285714285714284 0.1474702380952381
1 0.5126861414223348 0.24939098324514994 0.020521763392857145 0.021577380952380952
0 0.7237723214285714 0.4713541666666667 0.44285714285714284 0.16681547619047618
1 0.512700092315192 0.35993992504409167 0.02054966517857143 0.021577380952380952
0 0.7237723214285714 0.5743303571428572 0.44285714285714284 0.14657738095238096
1 0.5126931168687634 0.47048886684303354 0.020535714285714286 0.021577380952380952
0 0.7237723214285714 0.6847470238095238 0.44285714285714284 0.14717261904761905
1 0.5126861414223348 0.5810378086419753 0.020521763392857145 0.021577380952380952
0 0.7237723214285714 0.7835565476190476 0.44285714285714284 0.13110119047619048
1 0.5126861414223348 0.6915867504409172 0.020521763392857145 0.021577380952380987
