0 0.5022879464285714 0.1222470238095238 0.8856026785714286 0.061160714285714284
1 0.0631253166160081 0.07988260582010584 0.007198660714285714 0.021577380952380952
0 0.5022879464285714 0.1914434523809524 0.8856026785714286 0.03288690476190476
1 0.06505053983029382 0.1462119708994709 0.011049107142857144 0.021577380952380952
0 0.5022879464285714 0.26316964285714284 0.8856026785714286 0.04776785714285714
1 0.06697576304457953 0.21254133597883595 0.014899553571428572 0.021577380952380952
0 0.5022879464285714 0.34129464285714284 0.8856026785714286 0.042708333333333334
1 0.07326761572315096 0.27887070105820105 0.027483258928571428 0.021577380952380952
0 0.5022879464285714 0.39367559523809526 0.8856026785714286 0.05431547619047619
1 0.07416744831243667 0.3452000661375661 0.029282924107142855 0.021577380952380952
0 0.5022879464285714 0.4582589285714286 0.8856026785714286 0.021875
1 0.07338619831243667 0.41152943121693125 0.027720424107142858 0.021577380952380952
0 0.5022879464285714 0.5383928571428571 0.8856026785714286 0.030357142857142857
1 0.06978686795529382 0.4778587962962963 0.020521763392857145 0.021577380952380952
0 0.5022879464285714 0.6047619047619047 0.8856026785714286 0.05773809523809524
1 0.06978686795529382 0.5441881613756614 0.020521763392857145 0.021577380952380952
0 0.5022879464285714 0.6676339285714286 0.8856026785714286 0.054017857142857145
1 0.06980081884815097 0.6105175264550264 0.02054966517857143 0.021577380952380952
0 0.5022879464285714 0.7308035714285714 0.8856026785714286 0.055357142857142855
1 0.06979384340172239 0.6768468915343916 0.020535714285714286 0.021577380952380952
0 0.5022879464285714 0.7791666666666667 0.8856026785714286 0.07708333333333334
1 0.06978686795529382 0.7431762566137565 0.020521763392857145 0.021577380952380952
0 0.5022879464285714 0.8395089285714286 0.8856026785714286 0.08556547619047619
1 0.06978686795529382 0.8095056216931217 0.020521763392857145 0.021577380952380952
