0 0.16975446428571428 0.24322916666666666 0.22142857142857142 0.1462797619047619
1 0.06267091990985048 0.18095592403628116 0.007198660714285714 0.021577380952380952
0 0.16975446428571428 0.4529761904761905 0.22142857142857142 0.10714285714285714
1 0.0645961431241362 0.3230902777777778 0.011049107142857144 0.021577380952380952
0 0.16975446428571428 0.6347470238095239 0.22142857142857142 0.20342261904761905
1 0.0665213663384219 0.4652246315192744 0.014899553571428572 0.021577380952380952
0 0.39140625 0.29873511904761907 0.22142857142857142 0.06205357142857143
1 0.2944842439573125 0.18095592403628116 0.027483258928571428 0.021577380952380952
0 0.39140625 0.37544642857142857 0.22142857142857142 0.16726190476190475
1 0.2953840765465982 0.3230902777777778 0.029282924107142855 0.021577380952380952
0 0.39140625 0.6149553571428571 0.22142857142857142 0.1549107142857143
1 0.2946028265465982 0.4652246315192744 0.027720424107142858 0.021577380952380952
0 0.6130580357142857 0.3263392857142857 0.22142857142857142 0.11845238095238095
1 0.5126745211297744 0.18095592403628116 0.020521763392857145 0.021577380952380952
0 0.6130580357142857 0.5414434523809524 0.22142857142857142 0.3001488095238095
1 0.5126745211297744 0.3230902777777778 0.020521763392857145 0.021577380952380952
0 0.6130580357142857 0.6597470238095238 0.22142857142857142 0.24627976190476192
1 0.5126884720226316 0.4652246315192744 0.02054966517857143 0.021577380952380952
0 0.8347098214285714 0.33549107142857143 0.22142857142857142 0.171875
1 0.7343525215165222 0.18095592403628116 0.020535714285714286 0.021577380952380952
0 0.8347098214285714 0.4539434523809524 0.22142857142857142 0.13973214285714286
1 0.7343455460700936 0.3230902777777778 0.020521763392857145 0.021577380952380952
0 0.8347098214285714 0.5741815476190476 0.22142857142857142 0.14270833333333333
1 0.7343455460700936 0.4652246315192744 0.020521763392857145 0.021577380952380952
0 0.49832589285714285 0.7373511904761905 0.8785714285714286 0.10714285714285714
1 0.0645961431241362 0.6073589852607709 0.011049107142857144 0.021577380952380952
