0 0.16975446428571428 0.2484375 0.22142857142857142 0.1299107142857143
1 0.06267091990985048 0.18095592403628116 0.007198660714285714 0.021577380952380952
0 0.16975446428571428 0.4454613095238095 0.22142857142857142 0.184375
1 0.0645961431241362 0.3230902777777778 0.011049107142857144 0.021577380952380952
0 0.16975446428571428 0.6412202380952381 0.22142857142857142 0.2693452380952381
1 0.0665213663384219 0.4652246315192744 0.014899553571428572 0.021577380952380952
0 0.39140625 0.30625 0.22142857142857142 0.08392857142857142
1 0.2944842439573125 0.18095592403628116 0.027483258928571428 0.021577380952380952
0 0.39140625 0.3712797619047619 0.22142857142857142 0.19732142857142856
1 0.2953840765465982 0.3230902777777778 0.029282924107142855 0.021577380952380952
0 0.39140625 0.6183035714285714 0.22142857142857142 0.2175595238095238
1 0.2946028265465982 0.4652246315192744 0.027720424107142858 0.021577380952380952
0 0.6130580357142857 0.34404761904761905 0.22142857142857142 0.18154761904761904
1 0.5126745211297744 0.18095592403628116 0.020521763392857145 0.021577380952380952
0 0.6130580357142857 0.4901041666666667 0.22142857142857142 0.315625
1 0.5126745211297744 0.3230902777777778 0.020521763392857145 0.021577380952380952
0 0.6130580357142857 0.6055059523809524 0.22142857142857142 0.26517857142857143
1 0.5126884720226316 0.4652246315192744 0.02054966517857143 0.021577380952380952
0 0.8347098214285714 0.3320684523809524 0.22142857142857142 0.22514880952380953
1 0.7343525215165222 0.18095592403628116 0.020535714285714286 0.021577380952380952
0 0.8347098214285714 0.4494047619047619 0.22142857142857142 0.20684523809523808
1 0.7343455460700936 0.3230902777777778 0.020521763392857145 0.021577380952380952
0 0.8347098214285714 0.768154761904762 0.22142857142857142 0.5041666666666667
1 0.7343455460700936 0.4652246315192744 0.020521763392857145 0.021577380952380952
0 0.49832589285714285 0.7350446428571429 0.8785714285714286 0.19508928571428572
1 0.0645961431241362 0.6073589852607709 0.011049107142857144 0.021577380952380952
