0 0.16975446428571428 0.25052083333333336 0.22142857142857142 0.1438988095238095
1 0.06267091990985048 0.18095592403628116 0.007198660714285714 0.021577380952380952
0 0.16975446428571428 0.3965029761904762 0.22142857142857142 0.09330357142857143
1 0.0645961431241362 0.3230902777777778 0.011049107142857144 0.021577380952380952
0 0.16975446428571428 0.5680059523809524 0.22142857142857142 0.06696428571428571
1 0.0665213663384219 0.4652246315192744 0.014899553571428572 0.021577380952380952
0 0.39140625 0.31845238095238093 0.22142857142857142 0.11339285714285714
1 0.2944842439573125 0.18095592403628116 0.027483258928571428 0.021577380952380952
0 0.39140625 0.4101934523809524 0.22142857142857142 0.10461309523809524
1 0.2953840765465982 0.3230902777777778 0.029282924107142855 0.021577380952380952
0 0.39140625 0.5619791666666667 0.22142857142857142 0.03675595238095238
1 0.2946028265465982 0.4652246315192744 0.027720424107142858 0.021577380952380952
0 0.6130580357142857 0.3177083333333333 0.22142857142857142 0.08779761904761904
1 0.5126745211297744 0.18095592403628116 0.020521763392857145 0.021577380952380952
0 0.6130580357142857 0.4773065476190476 0.22142857142857142 0.19479166666666667
1 0.5126745211297744 0.3230902777777778 0.020521763392857145 0.021577380952380952
0 0.6130580357142857 0.5953869047619048 0.22142857142857142 0.20833333333333334
1 0.5126884720226316 0.4652246315192744 0.02054966517857143 0.021577380952380952
0 0.8347098214285714 0.2909970238095238 0.22142857142857142 0.1269345238095238
1 0.7343525215165222 0.18095592403628116 0.020535714285714286 0.021577380952380952
0 0.8347098214285714 0.4128720238095238 0.22142857142857142 0.1480654761904762
1 0.7343455460700936 0.3230902777777778 0.020521763392857145 0.021577380952380952
0 0.8347098214285714 0.5234375 0.22142857142857142 0.13348214285714285
1 0.7343455460700936 0.4652246315192744 0.020521763392857145 0.021577380952380952
0 0.49832589285714285 0.6762648809523809 0.8785714285714286 0.10223214285714285
1 0.0645961431241362 0.6073589852607709 0.011049107142857144 0.021577380952380952
