0 0.2806919642857143 0.17998511904761905 0.44285714285714284 0.13973214285714286
1 0.06297304751642037 0.1388420414462081 0.007198660714285714 0.021577380952380952
0 0.2806919642857143 0.30691964285714285 0.44285714285714284 0.10223214285714285
1 0.06489827073070609 0.24939098324514994 0.011049107142857144 0.021577380952380952
0 0.2806919642857143 0.4564732142857143 0.44285714285714284 0.05431547619047619
1 0.0668234939449918 0.35993992504409167 0.014899553571428572 0.021577380952380952
0 0.2806919642857143 0.5865327380952381 0.44285714285714284 0.11889880952380952
1 0.07311534662356323 0.47048886684303354 0.027483258928571428 0.021577380952380952
0 0.2806919642857143 0.6354166666666666 0.44285714285714284 0.09285714285714286
1 0.07401517921284895 0.5810378086419753 0.029282924107142855 0.021577380952380952
0 0.2806919642857143 0.7726190476190476 0.44285714285714284 0.04047619047619048
1 0.07323392921284894 0.6915867504409172 0.027720424107142858 0.021577380952380987
0 0.7237723214285714 0.2366815476190476 0.44285714285714284 0.06770833333333333
1 0.5126861414223348 0.1388420414462081 0.020521763392857145 0.021577380952380952
0 0.7237723214285714 0.3314732142857143 0.44285714285714284 0.12544642857142857
1 0.5126861414223348 0.24939098324514994 0.020521763392857145 0.021577380952380952
0 0.7237723214285714 0.423139880952381 0.44285714285714284 0.153125
1 0.512700092315192 0.35993992504409167 0.02054966517857143 0.021577380952380952
0 0.7237723214285714 0.5311755952380952 0.44285714285714284 0.11800595238095238
1 0.5126931168687634 0.47048886684303354 0.020535714285714286 0.021577380952380952
0 0.7237723214285714 0.6450148809523809 0.44285714285714284 0.08735119047619047
1 0.5126861414223348 0.5810378086419753 0.020521763392857145 0.021577380952380952
0 0.7237723214285714 0.7541666666666667 0.44285714285714284 0.06458333333333334
1 0.5126861414223348 0.6915867504409172 0.020521763392857145 0.021577380952380987
