0 0.5022879464285714 0.10632440476190476 0.8856026785714286 0.07485119047619047
1 0.0631253166160081 0.07988260582010584 0.007198660714285714 0.021577380952380952
0 0.5022879464285714 0.16413690476190476 0.8856026785714286 0.09613095238095239
1 0.06505053983029382 0.1462119708994709 0.011049107142857144 0.021577380952380952
0 0.5022879464285714 0.25342261904761904 0.8856026785714286 0.043154761904761904
1 0.06697576304457953 0.21254133597883595 0.014899553571428572 0.021577380952380952
0 0.5022879464285714 0.36242559523809526 0.8856026785714286 0.0849702380952381
1 0.07326761572315096 0.27887070105820105 0.027483258928571428 0.021577380952380952
0 0.5022879464285714 0.38973214285714286 0.8856026785714286 0.03184523809523809
1 0.07416744831243667 0.3452000661375661 0.029282924107142855 0.021577380952380952
0 0.5022879464285714 0.44226190476190474 0.8856026785714286 0.06607142857142857
1 0.07338619831243667 0.41152943121693125 0.027720424107142858 0.021577380952380952
0 0.5022879464285714 0.5671130952380953 0.8856026785714286 0.11904761904761904
1 0.06978686795529382 0.4778587962962963 0.020521763392857145 0.021577380952380952
0 0.5022879464285714 0.6229910714285715 0.8856026785714286 0.11711309523809524
1 0.06978686795529382 0.5441881613756614 0.020521763392857145 0.021577380952380952
0 0.5022879464285714 0.6594494047619047 0.8856026785714286 0.17217261904761905
1 0.06980081884815097 0.6105175264550264 0.02054966517857143 0.021577380952380952
0 0.5022879464285714 0.6948660714285714 0.8856026785714286 0.20729166666666668
1 0.06979384340172239 0.6768468915343916 0.020535714285714286 0.021577380952380952
0 0.5022879464285714 0.7283482142857143 0.8856026785714286 0.1930059523809524
1 0.06978686795529382 0.7431762566137565 0.020521763392857145 0.021577380952380952
0 0.5022879464285714 0.8276785714285714 0.8856026785714286 0.10922619047619048
1 0.06978686795529382 0.8095056216931217 0.020521763392857145 0.021577380952380952
