0 0.16975446428571428 0.24322916666666666 0.22142857142857142 0.10669642857142857
1 0.06267091990985048 0.18095592403628116 0.007198660714285714 0.021577380952380952
0 0.16975446428571428 0.3990327380952381 0.22142857142857142 0.10758928571428572
1 0.0645961431241362 0.3230902777777778 0.011049107142857144 0.021577380952380952
0 0.16975446428571428 0.5660714285714286 0.22142857142857142 0.0818452380952381
1 0.0665213663384219 0.4652246315192744 0.014899553571428572 0.021577380952380952
0 0.39140625 0.3203869047619048 0.22142857142857142 0.10327380952380952
1 0.2944842439573125 0.18095592403628116 0.027483258928571428 0.021577380952380952
0 0.39140625 0.41049107142857144 0.22142857142857142 0.08050595238095239
1 0.2953840765465982 0.3230902777777778 0.029282924107142855 0.021577380952380952
0 0.39140625 0.554985119047619 0.22142857142857142 0.07842261904761905
1 0.2946028265465982 0.4652246315192744 0.027720424107142858 0.021577380952380952
0 0.6130580357142857 0.3068452380952381 0.22142857142857142 0.0875
1 0.5126745211297744 0.18095592403628116 0.020521763392857145 0.021577380952380952
0 0.6130580357142857 0.444047619047619 0.22142857142857142 0.1601190476190476
1 0.5126745211297744 0.3230902777777778 0.020521763392857145 0.021577380952380952
0 0.6130580357142857 0.5431547619047619 0.22142857142857142 0.14077380952380952
1 0.5126884720226316 0.4652246315192744 0.02054966517857143 0.021577380952380952
0 0.8347098214285714 0.24583333333333332 0.22142857142857142 0.1244047619047619
1 0.7343525215165222 0.18095592403628116 0.020535714285714286 0.021577380952380952
0 0.8347098214285714 0.38452380952380955 0.22142857142857142 0.12857142857142856
1 0.7343455460700936 0.3230902777777778 0.020521763392857145 0.021577380952380952
0 0.8347098214285714 0.5357142857142857 0.22142857142857142 0.10089285714285715
1 0.7343455460700936 0.4652246315192744 0.020521763392857145 0.021577380952380952
0 0.49832589285714285 0.6794642857142857 0.8785714285714286 0.11964285714285715
1 0.0645961431241362 0.6073589852607709 0.011049107142857144 0.021577380952380952
