0 0.2806919642857143 0.21956845238095238 0.44285714285714284 0.06383928571428571
1 0.06297304751642037 0.1388420414462081 0.007198660714285714 0.021577380952380952
0 0.2806919642857143 0.28348214285714285 0.44285714285714284 0.12678571428571428
1 0.06489827073070609 0.24939098324514994 0.011049107142857144 0.021577380952380952
0 0.2806919642857143 0.4015625 0.44285714285714284 0.10788690476190477
1 0.0668234939449918 0.35993992504409167 0.014899553571428572 0.021577380952380952
0 0.2806919642857143 0.577827380952381 0.44285714285714284 0.09166666666666666
1 0.07311534662356323 0.47048886684303354 0.027483258928571428 0.021577380952380952
0 0.2806919642857143 0.6765625 0.44285714285714284 0.053125
1 0.07401517921284895 0.5810378086419753 0.029282924107142855 0.021577380952380952
0 0.2806919642857143 0.7287202380952381 0.44285714285714284 0.11577380952380953
1 0.07323392921284894 0.6915867504409172 0.027720424107142858 0.021577380952380987
0 0.7237723214285714 0.24553571428571427 0.44285714285714284 0.09255952380952381
1 0.5126861414223348 0.1388420414462081 0.020521763392857145 0.021577380952380952
0 0.7237723214285714 0.3580357142857143 0.44285714285714284 0.21696428571428572
1 0.5126861414223348 0.24939098324514994 0.020521763392857145 0.021577380952380952
0 0.7237723214285714 0.44717261904761907 0.44285714285714284 0.1425595238095238
1 0.512700092315192 0.35993992504409167 0.02054966517857143 0.021577380952380952
0 0.7237723214285714 0.515922619047619 0.44285714285714284 0.17916666666666667
1 0.5126931168687634 0.47048886684303354 0.020535714285714286 0.021577380952380952
0 0.7237723214285714 0.6199404761904762 0.44285714285714284 0.1625
1 0.5126861414223348 0.5810378086419753 0.020521763392857145 0.021577380952380952
0 0.7237723214285714 0.735639880952381 0.44285714285714284 0.1269345238095238
1 0.5126861414223348 0.6915867504409172 0.020521763392857145 0.021577380952380987
