0 0.16975446428571428 0.23936011904761906 0.22142857142857142 0.10788690476190477
1 0.06267091990985048 0.18095592403628116 0.007198660714285714 0.021577380952380952
0 0.16975446428571428 0.4063988095238095 0.22142857142857142 0.05416666666666667
1 0.0645961431241362 0.3230902777777778 0.011049107142857144 0.021577380952380952
0 0.16975446428571428 0.586235119047619 0.22142857142857142 0.09806547619047619
1 0.0665213663384219 0.4652246315192744 0.014899553571428572 0.021577380952380952
0 0.39140625 0.3150297619047619 0.22142857142857142 0.07529761904761904
1 0.2944842439573125 0.18095592403628116 0.027483258928571428 0.021577380952380952
0 0.39140625 0.39441964285714287 0.22142857142857142 0.0974702380952381
1 0.2953840765465982 0.3230902777777778 0.029282924107142855 0.021577380952380952
0 0.39140625 0.5670386904761905 0.22142857142857142 0.06502976190476191
1 0.2946028265465982 0.4652246315192744 0.027720424107142858 0.021577380952380952
0 0.6130580357142857 0.3413690476190476 0.22142857142857142 0.15
1 0.5126745211297744 0.18095592403628116 0.020521763392857145 0.021577380952380952
0 0.6130580357142857 0.5016369047619048 0.22142857142857142 0.27589285714285716
1 0.5126745211297744 0.3230902777777778 0.020521763392857145 0.021577380952380952
0 0.6130580357142857 0.601860119047619 0.22142857142857142 0.2644345238095238
1 0.5126884720226316 0.4652246315192744 0.02054966517857143 0.021577380952380952
0 0.8347098214285714 0.1793154761904762 0.22142857142857142 0.3449404761904762
1 0.7343525215165222 0.18095592403628116 0.020535714285714286 0.021577380952380952
0 0.8347098214285714 0.2863095238095238 0.22142857142857142 0.36755952380952384
1 0.7343455460700936 0.3230902777777778 0.020521763392857145 0.021577380952380952
0 0.8347098214285714 0.4740327380952381 0.22142857142857142 0.24389880952380952
1 0.7343455460700936 0.4652246315192744 0.020521763392857145 0.021577380952380952
0 0.49832589285714285 0.702827380952381 0.8785714285714286 0.1199404761904762
1 0.0645961431241362 0.6073589852607709 0.011049107142857144 0.021577380952380952
