0 0.16975446428571428 0.20148809523809524 0.22142857142857142 0.14404761904761904
1 0.06267091990985048 0.18095592403628116 0.007198660714285714 0.021577380952380952
0 0.16975446428571428 0.42916666666666664 0.22142857142857142 0.10267857142857142
1 0.0645961431241362 0.3230902777777778 0.011049107142857144 0.021577380952380952
0 0.16975446428571428 0.6226190476190476 0.22142857142857142 0.1318452380952381
1 0.0665213663384219 0.4652246315192744 0.014899553571428572 0.021577380952380952
0 0.39140625 0.3263392857142857 0.22142857142857142 0.10714285714285714
1 0.2944842439573125 0.18095592403628116 0.027483258928571428 0.021577380952380952
0 0.39140625 0.3543154761904762 0.22142857142857142 0.13095238095238096
1 0.2953840765465982 0.3230902777777778 0.029282924107142855 0.021577380952380952
0 0.39140625 0.5950892857142858 0.22142857142857142 0.10595238095238095
1 0.2946028265465982 0.4652246315192744 0.027720424107142858 0.021577380952380952
0 0.6130580357142857 0.3194940476190476 0.22142857142857142 0.20208333333333334
1 0.5126745211297744 0.18095592403628116 0.020521763392857145 0.021577380952380952
0 0.6130580357142857 0.39680059523809524 0.22142857142857142 0.3171130952380952
1 0.5126745211297744 0.3230902777777778 0.020521763392857145 0.021577380952380952
0 0.6130580357142857 0.5585565476190476 0.22142857142857142 0.28229166666666666
1 0.5126884720226316 0.4652246315192744 0.02054966517857143 0.021577380952380952
0 0.8347098214285714 0.22388392857142858 0.22142857142857142 0.19895833333333332
1 0.7343525215165222 0.18095592403628116 0.020535714285714286 0.021577380952380952
0 0.8347098214285714 0.3489583333333333 0.22142857142857142 0.1913690476190476
1 0.7343455460700936 0.3230902777777778 0.020521763392857145 0.021577380952380952
0 0.8347098214285714 0.49962797619047616 0.22142857142857142 0.18407738095238096
1 0.7343455460700936 0.4652246315192744 0.020521763392857145 0.021577380952380952
0 0.49832589285714285 0.7086309523809524 0.8785714285714286 0.1494047619047619
1 0.0645961431241362 0.6073589852607709 0.011049107142857144 0.021577380952380952
