0 0.2806919642857143 0.1966517857142857 0.44285714285714284 0.09895833333333333
1 0.06297304751642037 0.1388420414462081 0.007198660714285714 0.021577380952380952
0 0.2806919642857143 0.3169642857142857 0.44285714285714284 0.11696428571428572
1 0.06489827073070609 0.24939098324514994 0.011049107142857144 0.021577380952380952
0 0.2806919642857143 0.4484375 0.44285714285714284 0.09389880952380952
1 0.0668234939449918 0.35993992504409167 0.014899553571428572 0.021577380952380952
0 0.2806919642857143 0.5726934523809524 0.44285714285714284 0.10104166666666667
1 0.07311534662356323 0.47048886684303354 0.027483258928571428 0.021577380952380952
0 0.2806919642857143 0.6515625 0.44285714285714284 0.0730654761904762
1 0.07401517921284895 0.5810378086419753 0.029282924107142855 0.021577380952380952
0 0.2806919642857143 0.7697172619047619 0.44285714285714284 0.09389880952380952
1 0.07323392921284894 0.6915867504409172 0.027720424107142858 0.021577380952380987
0 0.7237723214285714 0.22901785714285713 0.44285714285714284 0.07053571428571428
1 0.5126861414223348 0.1388420414462081 0.020521763392857145 0.021577380952380952
0 0.7237723214285714 0.2990327380952381 0.44285714285714284 0.20907738095238096
1 0.5126861414223348 0.24939098324514994 0.020521763392857145 0.021577380952380952
0 0.7237723214285714 0.3878720238095238 0.44285714285714284 0.2775297619047619
1 0.512700092315192 0.35993992504409167 0.02054966517857143 0.021577380952380952
0 0.7237723214285714 0.49709821428571427 0.44285714285714284 0.23735119047619047
1 0.5126931168687634 0.47048886684303354 0.020535714285714286 0.021577380952380952
0 0.7237723214285714 0.6229910714285715 0.44285714285714284 0.16919642857142858
1 0.5126861414223348 0.5810378086419753 0.020521763392857145 0.021577380952380952
0 0.7237723214285714 0.7514136904761904 0.44285714285714284 0.11383928571428571
1 0.5126861414223348 0.6915867504409172 0.020521763392857145 0.021577380952380987
