0 0.5022879464285714 0.12358630952380953 0.8856026785714286 0.05699404761904762
1 0.0631253166160081 0.07988260582010584 0.007198660714285714 0.021577380952380952
0 0.5022879464285714 0.1927827380952381 0.8856026785714286 0.04449404761904762
1 0.06505053983029382 0.1462119708994709 0.011049107142857144 0.021577380952380952
0 0.5022879464285714 0.27098214285714284 0.8856026785714286 0.04672619047619048
1 0.06697576304457953 0.21254133597883595 0.014899553571428572 0.021577380952380952
0 0.5022879464285714 0.33779761904761907 0.8856026785714286 0.04672619047619048
1 0.07326761572315096 0.27887070105820105 0.027483258928571428 0.021577380952380952
0 0.5022879464285714 0.3892857142857143 0.8856026785714286 0.04345238095238095
1 0.07416744831243667 0.3452000661375661 0.029282924107142855 0.021577380952380952
0 0.5022879464285714 0.4625 0.8856026785714286 0.03511904761904762
1 0.07338619831243667 0.41152943121693125 0.027720424107142858 0.021577380952380952
0 0.5022879464285714 0.540327380952381 0.8856026785714286 0.04702380952380952
1 0.06978686795529382 0.4778587962962963 0.020521763392857145 0.021577380952380952
0 0.5022879464285714 0.6140625 0.8856026785714286 0.11800595238095238
1 0.06978686795529382 0.5441881613756614 0.020521763392857145 0.021577380952380952
0 0.5022879464285714 0.66875 0.8856026785714286 0.1363095238095238
1 0.06980081884815097 0.6105175264550264 0.02054966517857143 0.021577380952380952
0 0.5022879464285714 0.7348958333333333 0.8856026785714286 0.3361607142857143
1 0.06979384340172239 0.6768468915343916 0.020535714285714286 0.021577380952380952
0 0.5022879464285714 0.8003720238095238 0.8856026785714286 0.18377976190476192
1 0.06978686795529382 0.7431762566137565 0.020521763392857145 0.021577380952380952
0 0.5022879464285714 0.8546130952380953 0.8856026785714286 0.09523809523809523
1 0.06978686795529382 0.8095056216931217 0.020521763392857145 0.021577380952380952
