0 0.16975446428571428 0.2584077380952381 0.22142857142857142 0.09300595238095238
1 0.06267091990985048 0.18095592403628116 0.007198660714285714 0.021577380952380952
0 0.16975446428571428 0.3947172619047619 0.22142857142857142 0.11294642857142857
1 0.0645961431241362 0.3230902777777778 0.011049107142857144 0.021577380952380952
0 0.16975446428571428 0.561235119047619 0.22142857142857142 0.03467261904761905
1 0.0665213663384219 0.4652246315192744 0.014899553571428572 0.021577380952380952
0 0.39140625 0.3132440476190476 0.22142857142857142 0.10208333333333333
1 0.2944842439573125 0.18095592403628116 0.027483258928571428 0.021577380952380952
0 0.39140625 0.4193452380952381 0.22142857142857142 0.044642857142857144
1 0.2953840765465982 0.3230902777777778 0.029282924107142855 0.021577380952380952
0 0.39140625 0.5494791666666666 0.22142857142857142 0.07098214285714285
1 0.2946028265465982 0.4652246315192744 0.027720424107142858 0.021577380952380952
0 0.6130580357142857 0.29196428571428573 0.22142857142857142 0.11607142857142858
1 0.5126745211297744 0.18095592403628116 0.020521763392857145 0.021577380952380952
0 0.6130580357142857 0.4160714285714286 0.22142857142857142 0.22380952380952382
1 0.5126745211297744 0.3230902777777778 0.020521763392857145 0.021577380952380952
0 0.6130580357142857 0.5340029761904762 0.22142857142857142 0.26532738095238095
1 0.5126884720226316 0.4652246315192744 0.02054966517857143 0.021577380952380952
0 0.8347098214285714 0.2308779761904762 0.22142857142857142 0.23080357142857144
1 0.7343525215165222 0.18095592403628116 0.020535714285714286 0.021577380952380952
0 0.8347098214285714 0.37976190476190474 0.22142857142857142 0.13214285714285715
1 0.7343455460700936 0.3230902777777778 0.020521763392857145 0.021577380952380952
0 0.8347098214285714 0.534375 0.22142857142857142 0.09732142857142857
1 0.7343455460700936 0.4652246315192744 0.020521763392857145 0.021577380952380952
0 0.49832589285714285 0.6801339285714286 0.8785714285714286 0.12157738095238095
1 0.0645961431241362 0.6073589852607709 0.011049107142857144 0.021577380952380952
