0 0.2806919642857143 0.20758928571428573 0.44285714285714284 0.05416666666666667
1 0.06297304751642037 0.1388420414462081 0.007198660714285714 0.021577380952380952
0 0.2806919642857143 0.2994047619047619 0.44285714285714284 0.17767857142857144
1 0.06489827073070609 0.24939098324514994 0.011049107142857144 0.021577380952380952
0 0.2806919642857143 0.42671130952380953 0.44285714285714284 0.13467261904761904
1 0.0668234939449918 0.35993992504409167 0.014899553571428572 0.021577380952380952
0 0.2806919642857143 0.5770833333333333 0.44285714285714284 0.1125
1 0.07311534662356323 0.47048886684303354 0.027483258928571428 0.021577380952380952
0 0.2806919642857143 0.666592261904762 0.44285714285714284 0.06205357142857143
1 0.07401517921284895 0.5810378086419753 0.029282924107142855 0.021577380952380952
0 0.2806919642857143 0.7500744047619048 0.44285714285714284 0.15610119047619048
1 0.07323392921284894 0.6915867504409172 0.027720424107142858 0.021577380952380987
0 0.7237723214285714 0.2777529761904762 0.44285714285714284 0.14866071428571428
1 0.5126861414223348 0.1388420414462081 0.020521763392857145 0.021577380952380952
0 0.7237723214285714 0.3860863095238095 0.44285714285714284 0.165625
1 0.5126861414223348 0.24939098324514994 0.020521763392857145 0.021577380952380952
0 0.7237723214285714 0.46830357142857143 0.44285714285714284 0.13214285714285715
1 0.512700092315192 0.35993992504409167 0.02054966517857143 0.021577380952380952
0 0.7237723214285714 0.5329613095238095 0.44285714285714284 0.196875
1 0.5126931168687634 0.47048886684303354 0.020535714285714286 0.021577380952380952
0 0.7237723214285714 0.6290922619047619 0.44285714285714284 0.1956845238095238
1 0.5126861414223348 0.5810378086419753 0.020521763392857145 0.021577380952380952
0 0.7237723214285714 0.7375744047619047 0.44285714285714284 0.14270833333333333
1 0.5126861414223348 0.6915867504409172 0.020521763392857145 0.021577380952380987
