0 0.5022879464285714 0.11964285714285715 0.8856026785714286 0.045535714285714284
1 0.0631253166160081 0.07988260582010584 0.007198660714285714 0.021577380952380952
0 0.5022879464285714 0.1941220238095238 0.8856026785714286 0.03050595238095238
1 0.06505053983029382 0.1462119708994709 0.011049107142857144 0.021577380952380952
0 0.5022879464285714 0.27313988095238095 0.8856026785714286 0.03824404761904762
1 0.06697576304457953 0.21254133597883595 0.014899553571428572 0.021577380952380952
0 0.5022879464285714 0.33995535714285713 0.8856026785714286 0.0337797619047619
1 0.07326761572315096 0.27887070105820105 0.027483258928571428 0.021577380952380952
0 0.5022879464285714 0.3867559523809524 0.8856026785714286 0.03898809523809524
1 0.07416744831243667 0.3452000661375661 0.029282924107142855 0.021577380952380952
0 0.5022879464285714 0.46473214285714287 0.8856026785714286 0.027976190476190477
1 0.07338619831243667 0.41152943121693125 0.027720424107142858 0.021577380952380952
0 0.5022879464285714 0.5512648809523809 0.8856026785714286 0.06532738095238096
1 0.06978686795529382 0.4778587962962963 0.020521763392857145 0.021577380952380952
0 0.5022879464285714 0.6214285714285714 0.8856026785714286 0.10803571428571429
1 0.06978686795529382 0.5441881613756614 0.020521763392857145 0.021577380952380952
0 0.5022879464285714 0.6743303571428572 0.8856026785714286 0.12842261904761904
1 0.06980081884815097 0.6105175264550264 0.02054966517857143 0.021577380952380952
0 0.5022879464285714 0.7232886904761905 0.8856026785714286 0.09895833333333333
1 0.06979384340172239 0.6768468915343916 0.020535714285714286 0.021577380952380952
0 0.5022879464285714 0.7852678571428572 0.8856026785714286 0.04672619047619048
1 0.06978686795529382 0.7431762566137565 0.020521763392857145 0.021577380952380952
0 0.5022879464285714 0.853125 0.8856026785714286 0.03273809523809524
1 0.06978686795529382 0.8095056216931217 0.020521763392857145 0.021577380952380952
