0 0.16975446428571428 0.23742559523809523 0.22142857142857142 0.1394345238095238
1 0.06267091990985048 0.18095592403628116 0.007198660714285714 0.021577380952380952
0 0.16975446428571428 0.38876488095238093 0.22142857142857142 0.11651785714285715
1 0.0645961431241362 0.3230902777777778 0.011049107142857144 0.021577380952380952
0 0.16975446428571428 0.5754464285714286 0.22142857142857142 0.03898809523809524
1 0.0665213663384219 0.4652246315192744 0.014899553571428572 0.021577380952380952
0 0.39140625 0.3255952380952381 0.22142857142857142 0.12678571428571428
1 0.2944842439573125 0.18095592403628116 0.027483258928571428 0.021577380952380952
0 0.39140625 0.39791666666666664 0.22142857142857142 0.08452380952380953
1 0.2953840765465982 0.3230902777777778 0.029282924107142855 0.021577380952380952
0 0.39140625 0.5533482142857142 0.22142857142857142 0.06056547619047619
1 0.2946028265465982 0.4652246315192744 0.027720424107142858 0.021577380952380952
0 0.6130580357142857 0.32529761904761906 0.22142857142857142 0.1982142857142857
1 0.5126745211297744 0.18095592403628116 0.020521763392857145 0.021577380952380952
0 0.6130580357142857 0.40669642857142857 0.22142857142857142 0.23779761904761904
1 0.5126745211297744 0.3230902777777778 0.020521763392857145 0.021577380952380952
0 0.6130580357142857 0.5124255952380953 0.22142857142857142 0.35907738095238095
1 0.5126884720226316 0.4652246315192744 0.02054966517857143 0.021577380952380952
0 0.8347098214285714 0.20818452380952382 0.22142857142857142 0.2386904761904762
1 0.7343525215165222 0.18095592403628116 0.020535714285714286 0.021577380952380952
0 0.8347098214285714 0.36748511904761905 0.22142857142857142 0.17336309523809523
1 0.7343455460700936 0.3230902777777778 0.020521763392857145 0.021577380952380952
0 0.8347098214285714 0.5023065476190476 0.22142857142857142 0.18794642857142857
1 0.7343455460700936 0.4652246315192744 0.020521763392857145 0.021577380952380952
0 0.49832589285714285 0.6740327380952381 0.8785714285714286 0.12008928571428572
1 0.0645961431241362 0.6073589852607709 0.011049107142857144 0.021577380952380952
