0 0.2806919642857143 0.21495535714285716 0.44285714285714284 0.06800595238095238
1 0.06297304751642037 0.1388420414462081 0.007198660714285714 0.021577380952380952
0 0.2806919642857143 0.3253720238095238 0.44285714285714284 0.0849702380952381
1 0.06489827073070609 0.24939098324514994 0.011049107142857144 0.021577380952380952
0 0.2806919642857143 0.4413690476190476 0.44285714285714284 0.04196428571428571
1 0.0668234939449918 0.35993992504409167 0.014899553571428572 0.021577380952380952
0 0.2806919642857143 0.5598214285714286 0.44285714285714284 0.06904761904761905
1 0.07311534662356323 0.47048886684303354 0.027483258928571428 0.021577380952380952
0 0.2806919642857143 0.6634672619047619 0.44285714285714284 0.04925595238095238
1 0.07401517921284895 0.5810378086419753 0.029282924107142855 0.021577380952380952
0 0.2806919642857143 0.7716517857142857 0.44285714285714284 0.06056547619047619
1 0.07323392921284894 0.6915867504409172 0.027720424107142858 0.021577380952380987
0 0.7237723214285714 0.2288690476190476 0.44285714285714284 0.06577380952380953
1 0.5126861414223348 0.1388420414462081 0.020521763392857145 0.021577380952380952
0 0.7237723214285714 0.34933035714285715 0.44285714285714284 0.2870535714285714
1 0.5126861414223348 0.24939098324514994 0.020521763392857145 0.021577380952380952
0 0.7237723214285714 0.3997767857142857 0.44285714285714284 0.35967261904761905
1 0.512700092315192 0.35993992504409167 0.02054966517857143 0.021577380952380952
0 0.7237723214285714 0.5127232142857143 0.44285714285714284 0.21413690476190475
1 0.5126931168687634 0.47048886684303354 0.020535714285714286 0.021577380952380952
0 0.7237723214285714 0.6337053571428571 0.44285714285714284 0.1337797619047619
1 0.5126861414223348 0.5810378086419753 0.020521763392857145 0.021577380952380952
0 0.7237723214285714 0.7599702380952381 0.44285714285714284 0.09523809523809523
1 0.5126861414223348 0.6915867504409172 0.020521763392857145 0.021577380952380987
