0 0.5022879464285714 0.12604166666666666 0.8856026785714286 0.03601190476190476
1 0.0631253166160081 0.07988260582010584 0.007198660714285714 0.021577380952380952
0 0.5022879464285714 0.1924107142857143 0.8856026785714286 0.04523809523809524
1 0.06505053983029382 0.1462119708994709 0.011049107142857144 0.021577380952380952
0 0.5022879464285714 0.2640625 0.8856026785714286 0.025744047619047618
1 0.06697576304457953 0.21254133597883595 0.014899553571428572 0.021577380952380952
0 0.5022879464285714 0.3379464285714286 0.8856026785714286 0.038392857142857145
1 0.07326761572315096 0.27887070105820105 0.027483258928571428 0.021577380952380952
0 0.5022879464285714 0.3952380952380952 0.8856026785714286 0.025297619047619048
1 0.07416744831243667 0.3452000661375661 0.029282924107142855 0.021577380952380952
0 0.5022879464285714 0.4608630952380952 0.8856026785714286 0.033035714285714286
1 0.07338619831243667 0.41152943121693125 0.027720424107142858 0.021577380952380952
0 0.5022879464285714 0.5515625 0.8856026785714286 0.06919642857142858
1 0.06978686795529382 0.4778587962962963 0.020521763392857145 0.021577380952380952
0 0.5022879464285714 0.6169642857142857 0.8856026785714286 0.10267857142857142
1 0.06978686795529382 0.5441881613756614 0.020521763392857145 0.021577380952380952
0 0.5022879464285714 0.6526785714285714 0.8856026785714286 0.08214285714285714
1 0.06980081884815097 0.6105175264550264 0.02054966517857143 0.021577380952380952
0 0.5022879464285714 0.7053571428571429 0.8856026785714286 0.12767857142857142
1 0.06979384340172239 0.6768468915343916 0.020535714285714286 0.021577380952380952
0 0.5022879464285714 0.78125 0.8856026785714286 0.0800595238095238
1 0.06978686795529382 0.7431762566137565 0.020521763392857145 0.021577380952380952
0 0.5022879464285714 0.85 0.8856026785714286 0.07023809523809524
1 0.06978686795529382 0.8095056216931217 0.020521763392857145 0.021577380952380952
