0 0.16975446428571428 0.24241071428571428 0.22142857142857142 0.14107142857142857
1 0.06267091990985048 0.18095592403628116 0.007198660714285714 0.021577380952380952
0 0.16975446428571428 0.41242559523809524 0.22142857142857142 0.08824404761904762
1 0.0645961431241362 0.3230902777777778 0.011049107142857144 0.021577380952380952
0 0.16975446428571428 0.5860119047619048 0.22142857142857142 0.09702380952380953
1 0.0665213663384219 0.4652246315192744 0.014899553571428572 0.021577380952380952
0 0.39140625 0.3169642857142857 0.22142857142857142 0.10476190476190476
1 0.2944842439573125 0.18095592403628116 0.027483258928571428 0.021577380952380952
0 0.39140625 0.39873511904761905 0.22142857142857142 0.11354166666666667
1 0.2953840765465982 0.3230902777777778 0.029282924107142855 0.021577380952380952
0 0.39140625 0.5717261904761904 0.22142857142857142 0.04732142857142857
1 0.2946028265465982 0.4652246315192744 0.027720424107142858 0.021577380952380952
0 0.6130580357142857 0.3033482142857143 0.22142857142857142 0.13794642857142858
1 0.5126745211297744 0.18095592403628116 0.020521763392857145 0.021577380952380952
0 0.6130580357142857 0.4340029761904762 0.22142857142857142 0.15907738095238094
1 0.5126745211297744 0.3230902777777778 0.020521763392857145 0.021577380952380952
0 0.6130580357142857 0.5711309523809524 0.22142857142857142 0.15773809523809523
1 0.5126884720226316 0.4652246315192744 0.02054966517857143 0.021577380952380952
0 0.8347098214285714 0.24069940476190477 0.22142857142857142 0.19122023809523808
1 0.7343525215165222 0.18095592403628116 0.020535714285714286 0.021577380952380952
0 0.8347098214285714 0.37061011904761904 0.22142857142857142 0.16979166666666667
1 0.7343455460700936 0.3230902777777778 0.020521763392857145 0.021577380952380952
0 0.8347098214285714 0.5189732142857143 0.22142857142857142 0.11741071428571428
1 0.7343455460700936 0.4652246315192744 0.020521763392857145 0.021577380952380952
0 0.49832589285714285 0.6891369047619048 0.8785714285714286 0.10327380952380952
1 0.0645961431241362 0.6073589852607709 0.011049107142857144 0.021577380952380952
