0 0.2806919642857143 0.2040922619047619 0.44285714285714284 0.059375
1 0.06297304751642037 0.1388420414462081 0.007198660714285714 0.021577380952380952
0 0.2806919642857143 0.31138392857142855 0.44285714285714284 0.058779761904761904
1 0.06489827073070609 0.24939098324514994 0.011049107142857144 0.021577380952380952
0 0.2806919642857143 0.4354166666666667 0.44285714285714284 0.03422619047619048
1 0.0668234939449918 0.35993992504409167 0.014899553571428572 0.021577380952380952
0 0.2806919642857143 0.5725446428571429 0.44285714285714284 0.05520833333333333
1 0.07311534662356323 0.47048886684303354 0.027483258928571428 0.021577380952380952
0 0.2806919642857143 0.6601190476190476 0.44285714285714284 0.04285714285714286
1 0.07401517921284895 0.5810378086419753 0.029282924107142855 0.021577380952380952
0 0.2806919642857143 0.7629464285714286 0.44285714285714284 0.03958333333333333
1 0.07323392921284894 0.6915867504409172 0.027720424107142858 0.021577380952380987
0 0.7237723214285714 0.2550595238095238 0.44285714285714284 0.1056547619047619
1 0.5126861414223348 0.1388420414462081 0.020521763392857145 0.021577380952380952
0 0.7237723214285714 0.3699404761904762 0.44285714285714284 0.14464285714285716
1 0.5126861414223348 0.24939098324514994 0.020521763392857145 0.021577380952380952
0 0.7237723214285714 0.46644345238095236 0.44285714285714284 0.15967261904761904
1 0.512700092315192 0.35993992504409167 0.02054966517857143 0.021577380952380952
0 0.7237723214285714 0.5566220238095239 0.44285714285714284 0.10639880952380952
1 0.5126931168687634 0.47048886684303354 0.020535714285714286 0.021577380952380952
0 0.7237723214285714 0.6305803571428571 0.44285714285714284 0.14538690476190477
1 0.5126861414223348 0.5810378086419753 0.020521763392857145 0.021577380952380952
0 0.7237723214285714 0.7381696428571428 0.44285714285714284 0.0974702380952381
1 0.5126861414223348 0.6915867504409172 0.020521763392857145 0.021577380952380987
