0 0.5022879464285714 0.10505952380952381 0.8856026785714286 0.07142857142857142
1 0.0631253166160081 0.07988260582010584 0.007198660714285714 0.021577380952380952
0 0.5022879464285714 0.19791666666666666 0.8856026785714286 0.05327380952380952
1 0.06505053983029382 0.1462119708994709 0.011049107142857144 0.021577380952380952
0 0.5022879464285714 0.2857142857142857 0.8856026785714286 0.06339285714285714
1 0.06697576304457953 0.21254133597883595 0.014899553571428572 0.021577380952380952
0 0.5022879464285714 0.34739583333333335 0.8856026785714286 0.056398809523809525
1 0.07326761572315096 0.27887070105820105 0.027483258928571428 0.021577380952380952
0 0.5022879464285714 0.3758184523809524 0.8856026785714286 0.06264880952380952
1 0.07416744831243667 0.3452000661375661 0.029282924107142855 0.021577380952380952
0 0.5022879464285714 0.47566964285714286 0.8856026785714286 0.040327380952380955
1 0.07338619831243667 0.41152943121693125 0.027720424107142858 0.021577380952380952
0 0.5022879464285714 0.5442708333333334 0.8856026785714286 0.053125
1 0.06978686795529382 0.4778587962962963 0.020521763392857145 0.021577380952380952
0 0.5022879464285714 0.5949404761904762 0.8856026785714286 0.08511904761904762
1 0.06978686795529382 0.5441881613756614 0.020521763392857145 0.021577380952380952
0 0.5022879464285714 0.6671130952380953 0.8856026785714286 0.07678571428571429
1 0.06980081884815097 0.6105175264550264 0.02054966517857143 0.021577380952380952
0 0.5022879464285714 0.7197172619047619 0.8856026785714286 0.08883928571428572
1 0.06979384340172239 0.6768468915343916 0.020535714285714286 0.021577380952380952
0 0.5022879464285714 0.7805803571428571 0.8856026785714286 0.0787202380952381
1 0.06978686795529382 0.7431762566137565 0.020521763392857145 0.021577380952380952
0 0.5022879464285714 0.846577380952381 0.8856026785714286 0.08333333333333333
1 0.06978686795529382 0.8095056216931217 0.020521763392857145 0.021577380952380952
