0 0.16975446428571428 0.2603422619047619 0.22142857142857142 0.07366071428571429
1 0.06267091990985048 0.18095592403628116 0.007198660714285714 0.021577380952380952
0 0.16975446428571428 0.40721726190476193 0.22142857142857142 0.06383928571428571
1 0.0645961431241362 0.3230902777777778 0.011049107142857144 0.021577380952380952
0 0.16975446428571428 0.5685267857142857 0.22142857142857142 0.049553571428571426
1 0.0665213663384219 0.4652246315192744 0.014899553571428572 0.021577380952380952
0 0.39140625 0.30565476190476193 0.22142857142857142 0.06875
1 0.2944842439573125 0.18095592403628116 0.027483258928571428 0.021577380952380952
0 0.39140625 0.4107142857142857 0.22142857142857142 0.05386904761904762
1 0.2953840765465982 0.3230902777777778 0.029282924107142855 0.021577380952380952
0 0.39140625 0.5570684523809524 0.22142857142857142 0.03794642857142857
1 0.2946028265465982 0.4652246315192744 0.027720424107142858 0.021577380952380952
0 0.6130580357142857 0.35193452380952384 0.22142857142857142 0.19970238095238096
1 0.5126745211297744 0.18095592403628116 0.020521763392857145 0.021577380952380952
0 0.6130580357142857 0.4758928571428571 0.22142857142857142 0.19642857142857142
1 0.5126745211297744 0.3230902777777778 0.020521763392857145 0.021577380952380952
0 0.6130580357142857 0.6610119047619047 0.22142857142857142 0.2494047619047619
1 0.5126884720226316 0.4652246315192744 0.02054966517857143 0.021577380952380952
0 0.8347098214285714 0.29851190476190476 0.22142857142857142 0.10119047619047619
1 0.7343525215165222 0.18095592403628116 0.020535714285714286 0.021577380952380952
0 0.8347098214285714 0.3048363095238095 0.22142857142857142 0.3123511904761905
1 0.7343455460700936 0.3230902777777778 0.020521763392857145 0.021577380952380952
0 0.8347098214285714 0.49717261904761906 0.22142857142857142 0.18958333333333333
1 0.7343455460700936 0.4652246315192744 0.020521763392857145 0.021577380952380952
0 0.49832589285714285 0.6929315476190476 0.8785714285714286 0.07098214285714285
1 0.0645961431241362 0.6073589852607709 0.011049107142857144 0.021577380952380952
