0 0.16975446428571428 0.2601934523809524 0.22142857142857142 0.08943452380952381
1 0.06267091990985048 0.18095592403628116 0.007198660714285714 0.021577380952380952
0 0.16975446428571428 0.373735119047619 0.22142857142857142 0.178125
1 0.0645961431241362 0.3230902777777778 0.011049107142857144 0.021577380952380952
0 0.16975446428571428 0.5396577380952381 0.22142857142857142 0.103125
1 0.0665213663384219 0.4652246315192744 0.014899553571428572 0.021577380952380952
0 0.39140625 0.3220982142857143 0.22142857142857142 0.1331845238095238
1 0.2944842439573125 0.18095592403628116 0.027483258928571428 0.021577380952380952
0 0.39140625 0.4276785714285714 0.22142857142857142 0.03571428571428571
1 0.2953840765465982 0.3230902777777778 0.029282924107142855 0.021577380952380952
0 0.39140625 0.5279761904761905 0.22142857142857142 0.13720238095238096
1 0.2946028265465982 0.4652246315192744 0.027720424107142858 0.021577380952380952
0 0.6130580357142857 0.3230654761904762 0.22142857142857142 0.20238095238095238
1 0.5126745211297744 0.18095592403628116 0.020521763392857145 0.021577380952380952
0 0.6130580357142857 0.46264880952380955 0.22142857142857142 0.256547619047619
1 0.5126745211297744 0.3230902777777778 0.020521763392857145 0.021577380952380952
0 0.6130580357142857 0.5475446428571429 0.22142857142857142 0.24241071428571428
1 0.5126884720226316 0.4652246315192744 0.02054966517857143 0.021577380952380952
0 0.8347098214285714 0.20074404761904763 0.22142857142857142 0.29404761904761906
1 0.7343525215165222 0.18095592403628116 0.020535714285714286 0.021577380952380952
0 0.8347098214285714 0.3421875 0.22142857142857142 0.2355654761904762
1 0.7343455460700936 0.3230902777777778 0.020521763392857145 0.021577380952380952
0 0.8347098214285714 0.5055803571428571 0.22142857142857142 0.16324404761904762
1 0.7343455460700936 0.4652246315192744 0.020521763392857145 0.021577380952380952
0 0.49832589285714285 0.6558779761904762 0.8785714285714286 0.19449404761904762
1 0.0645961431241362 0.6073589852607709 0.011049107142857144 0.021577380952380952
