0 0.5022879464285714 0.11160714285714286 0.8856026785714286 0.08363095238095238
1 0.0631253166160081 0.07988260582010584 0.007198660714285714 0.021577380952380952
0 0.5022879464285714 0.19017857142857142 0.8856026785714286 0.04851190476190476
1 0.06505053983029382 0.1462119708994709 0.011049107142857144 0.021577380952380952
0 0.5022879464285714 0.2726934523809524 0.8856026785714286 0.0724702380952381
1 0.06697576304457953 0.21254133597883595 0.014899553571428572 0.021577380952380952
0 0.5022879464285714 0.34754464285714287 0.8856026785714286 0.060267857142857144
1 0.07326761572315096 0.27887070105820105 0.027483258928571428 0.021577380952380952
0 0.5022879464285714 0.3836309523809524 0.8856026785714286 0.07797619047619048
1 0.07416744831243667 0.3452000661375661 0.029282924107142855 0.021577380952380952
0 0.5022879464285714 0.4617559523809524 0.8856026785714286 0.03660714285714286
1 0.07338619831243667 0.41152943121693125 0.027720424107142858 0.021577380952380952
0 0.5022879464285714 0.5417410714285714 0.8856026785714286 0.04479166666666667
1 0.06978686795529382 0.4778587962962963 0.020521763392857145 0.021577380952380952
0 0.5022879464285714 0.6162202380952381 0.8856026785714286 0.09672619047619048
1 0.06978686795529382 0.5441881613756614 0.020521763392857145 0.021577380952380952
0 0.5022879464285714 0.6582589285714285 0.8856026785714286 0.11175595238095239
1 0.06980081884815097 0.6105175264550264 0.02054966517857143 0.021577380952380952
0 0.5022879464285714 0.723735119047619 0.8856026785714286 0.08824404761904762
1 0.06979384340172239 0.6768468915343916 0.020535714285714286 0.021577380952380952
0 0.5022879464285714 0.7801339285714286 0.8856026785714286 0.08258928571428571
1 0.06978686795529382 0.7431762566137565 0.020521763392857145 0.021577380952380952
0 0.5022879464285714 0.8426339285714286 0.8856026785714286 0.06532738095238096
1 0.06978686795529382 0.8095056216931217 0.020521763392857145 0.021577380952380952
