0 0.16975446428571428 0.2531994047619048 0.22142857142857142 0.10133928571428572
1 0.06267091990985048 0.18095592403628116 0.007198660714285714 0.021577380952380952
0 0.16975446428571428 0.4232142857142857 0.22142857142857142 0.08363095238095238
1 0.0645961431241362 0.3230902777777778 0.011049107142857144 0.021577380952380952
0 0.16975446428571428 0.5979166666666667 0.22142857142857142 0.12470238095238095
1 0.0665213663384219 0.4652246315192744 0.014899553571428572 0.021577380952380952
0 0.39140625 0.2974702380952381 0.22142857142857142 0.08422619047619048
1 0.2944842439573125 0.18095592403628116 0.027483258928571428 0.021577380952380952
0 0.39140625 0.3956845238095238 0.22142857142857142 0.09583333333333334
1 0.2953840765465982 0.3230902777777778 0.029282924107142855 0.021577380952380952
0 0.39140625 0.5826636904761905 0.22142857142857142 0.09836309523809524
1 0.2946028265465982 0.4652246315192744 0.027720424107142858 0.021577380952380952
0 0.6130580357142857 0.3202380952380952 0.22142857142857142 0.15863095238095237
1 0.5126745211297744 0.18095592403628116 0.020521763392857145 0.021577380952380952
0 0.6130580357142857 0.4779017857142857 0.22142857142857142 0.2700892857142857
1 0.5126745211297744 0.3230902777777778 0.020521763392857145 0.021577380952380952
0 0.6130580357142857 0.6125 0.22142857142857142 0.20714285714285716
1 0.5126884720226316 0.4652246315192744 0.02054966517857143 0.021577380952380952
0 0.8347098214285714 0.2859375 0.22142857142857142 0.12098214285714286
1 0.7343525215165222 0.18095592403628116 0.020535714285714286 0.021577380952380952
0 0.8347098214285714 0.2831845238095238 0.22142857142857142 0.5101190476190476
1 0.7343455460700936 0.3230902777777778 0.020521763392857145 0.021577380952380952
0 0.8347098214285714 0.6398065476190476 0.22142857142857142 0.4105654761904762
1 0.7343455460700936 0.4652246315192744 0.020521763392857145 0.021577380952380952
0 0.49832589285714285 0.7111607142857143 0.8785714285714286 0.09107142857142857
1 0.0645961431241362 0.6073589852607709 0.011049107142857144 0.021577380952380952
