0 0.16975446428571428 0.26071428571428573 0.22142857142857142 0.07976190476190476
1 0.06267091990985048 0.18095592403628116 0.007198660714285714 0.021577380952380952
0 0.16975446428571428 0.4094494047619048 0.22142857142857142 0.09985119047619048
1 0.0645961431241362 0.3230902777777778 0.011049107142857144 0.021577380952380952
0 0.16975446428571428 0.5693452380952381 0.22142857142857142 0.052083333333333336
1 0.0665213663384219 0.4652246315192744 0.014899553571428572 0.021577380952380952
0 0.39140625 0.30424107142857143 0.22142857142857142 0.08586309523809524
1 0.2944842439573125 0.18095592403628116 0.027483258928571428 0.021577380952380952
0 0.39140625 0.4146577380952381 0.22142857142857142 0.05133928571428571
1 0.2953840765465982 0.3230902777777778 0.029282924107142855 0.021577380952380952
0 0.39140625 0.5620535714285714 0.22142857142857142 0.07142857142857142
1 0.2946028265465982 0.4652246315192744 0.027720424107142858 0.021577380952380952
0 0.6130580357142857 0.3072172619047619 0.22142857142857142 0.10461309523809524
1 0.5126745211297744 0.18095592403628116 0.020521763392857145 0.021577380952380952
0 0.6130580357142857 0.43720238095238095 0.22142857142857142 0.10089285714285715
1 0.5126745211297744 0.3230902777777778 0.020521763392857145 0.021577380952380952
0 0.6130580357142857 0.5561011904761904 0.22142857142857142 0.20297619047619048
1 0.5126884720226316 0.4652246315192744 0.02054966517857143 0.021577380952380952
0 0.8347098214285714 0.24732142857142858 0.22142857142857142 0.1931547619047619
1 0.7343525215165222 0.18095592403628116 0.020535714285714286 0.021577380952380952
0 0.8347098214285714 0.3970238095238095 0.22142857142857142 0.14226190476190476
1 0.7343455460700936 0.3230902777777778 0.020521763392857145 0.021577380952380952
0 0.8347098214285714 0.5412202380952381 0.22142857142857142 0.1113095238095238
1 0.7343455460700936 0.4652246315192744 0.020521763392857145 0.021577380952380952
0 0.49832589285714285 0.6970982142857143 0.8785714285714286 0.10818452380952381
1 0.0645961431241362 0.6073589852607709 0.011049107142857144 0.021577380952380952
