0 0.16975446428571428 0.22805059523809523 0.22142857142857142 0.16741071428571427
1 0.06267091990985048 0.18095592403628116 0.007198660714285714 0.021577380952380952
0 0.16975446428571428 0.38110119047619045 0.22142857142857142 0.14285714285714285
1 0.0645961431241362 0.3230902777777778 0.011049107142857144 0.021577380952380952
0 0.16975446428571428 0.586235119047619 0.22142857142857142 0.09776785714285714
1 0.0665213663384219 0.4652246315192744 0.014899553571428572 0.021577380952380952
0 0.39140625 0.3372767857142857 0.22142857142857142 0.14479166666666668
1 0.2944842439573125 0.18095592403628116 0.027483258928571428 0.021577380952380952
0 0.39140625 0.3912202380952381 0.22142857142857142 0.12589285714285714
1 0.2953840765465982 0.3230902777777778 0.029282924107142855 0.021577380952380952
0 0.39140625 0.5607886904761905 0.22142857142857142 0.08556547619047619
1 0.2946028265465982 0.4652246315192744 0.027720424107142858 0.021577380952380952
0 0.6130580357142857 0.3351190476190476 0.22142857142857142 0.16220238095238096
1 0.5126745211297744 0.18095592403628116 0.020521763392857145 0.021577380952380952
0 0.6130580357142857 0.43921130952380955 0.22142857142857142 0.1275297619047619
1 0.5126745211297744 0.3230902777777778 0.020521763392857145 0.021577380952380952
0 0.6130580357142857 0.5531994047619048 0.22142857142857142 0.1474702380952381
1 0.5126884720226316 0.4652246315192744 0.02054966517857143 0.021577380952380952
0 0.8347098214285714 0.19427083333333334 0.22142857142857142 0.25967261904761907
1 0.7343525215165222 0.18095592403628116 0.020535714285714286 0.021577380952380952
0 0.8347098214285714 0.32001488095238095 0.22142857142857142 0.29598214285714286
1 0.7343455460700936 0.3230902777777778 0.020521763392857145 0.021577380952380952
0 0.8347098214285714 0.4973214285714286 0.22142857142857142 0.1943452380952381
1 0.7343455460700936 0.4652246315192744 0.020521763392857145 0.021577380952380952
0 0.49832589285714285 0.6664434523809524 0.8785714285714286 0.14479166666666668
1 0.0645961431241362 0.6073589852607709 0.011049107142857144 0.021577380952380952
