0 0.2806919642857143 0.20394345238095238 0.44285714285714284 0.07336309523809524
1 0.06297304751642037 0.1388420414462081 0.007198660714285714 0.021577380952380952
0 0.2806919642857143 0.33824404761904764 0.44285714285714284 0.12321428571428572
1 0.06489827073070609 0.24939098324514994 0.011049107142857144 0.021577380952380952
0 0.2806919642857143 0.47120535714285716 0.44285714285714284 0.11532738095238096
1 0.0668234939449918 0.35993992504409167 0.014899553571428572 0.021577380952380952
0 0.2806919642857143 0.565029761904762 0.44285714285714284 0.07738095238095238
1 0.07311534662356323 0.47048886684303354 0.027483258928571428 0.021577380952380952
0 0.2806919642857143 0.643452380952381 0.44285714285714284 0.07470238095238095
1 0.07401517921284895 0.5810378086419753 0.029282924107142855 0.021577380952380952
0 0.2806919642857143 0.7942708333333334 0.44285714285714284 0.11383928571428571
1 0.07323392921284894 0.6915867504409172 0.027720424107142858 0.021577380952380987
0 0.7237723214285714 0.26808035714285716 0.44285714285714284 0.159375
1 0.5126861414223348 0.1388420414462081 0.020521763392857145 0.021577380952380952
0 0.7237723214285714 0.39151785714285714 0.44285714285714284 0.2175595238095238
1 0.5126861414223348 0.24939098324514994 0.020521763392857145 0.021577380952380952
0 0.7237723214285714 0.5008928571428571 0.44285714285714284 0.1982142857142857
1 0.512700092315192 0.35993992504409167 0.02054966517857143 0.021577380952380952
0 0.7237723214285714 0.5635416666666667 0.44285714285714284 0.055952380952380955
1 0.5126931168687634 0.47048886684303354 0.020535714285714286 0.021577380952380952
0 0.7237723214285714 0.641889880952381 0.44285714285714284 0.10163690476190476
1 0.5126861414223348 0.5810378086419753 0.020521763392857145 0.021577380952380952
0 0.7237723214285714 0.7374255952380953 0.44285714285714284 0.1269345238095238
1 0.5126861414223348 0.6915867504409172 0.020521763392857145 0.021577380952380987
