0 0.2806919642857143 0.19441964285714286 0.44285714285714284 0.09955357142857142
1 0.06297304751642037 0.1388420414462081 0.007198660714285714 0.021577380952380952
0 0.2806919642857143 0.31741071428571427 0.44285714285714284 0.07261904761904762
1 0.06489827073070609 0.24939098324514994 0.011049107142857144 0.021577380952380952
0 0.2806919642857143 0.4642113095238095 0.44285714285714284 0.08645833333333333
1 0.0668234939449918 0.35993992504409167 0.014899553571428572 0.021577380952380952
0 0.2806919642857143 0.575 0.44285714285714284 0.07410714285714286
1 0.07311534662356323 0.47048886684303354 0.027483258928571428 0.021577380952380952
0 0.2806919642857143 0.6415178571428571 0.44285714285714284 0.08630952380952381
1 0.07401517921284895 0.5810378086419753 0.029282924107142855 0.021577380952380952
0 0.2806919642857143 0.7796130952380952 0.44285714285714284 0.06577380952380953
1 0.07323392921284894 0.6915867504409172 0.027720424107142858 0.021577380952380987
0 0.7237723214285714 0.24308035714285714 0.44285714285714284 0.14211309523809523
1 0.5126861414223348 0.1388420414462081 0.020521763392857145 0.021577380952380952
0 0.7237723214285714 0.29776785714285714 0.44285714285714284 0.25
1 0.5126861414223348 0.24939098324514994 0.020521763392857145 0.021577380952380952
0 0.7237723214285714 0.38913690476190477 0.44285714285714284 0.27976190476190477
1 0.512700092315192 0.35993992504409167 0.02054966517857143 0.021577380952380952
0 0.7237723214285714 0.4888392857142857 0.44285714285714284 0.24166666666666667
1 0.5126931168687634 0.47048886684303354 0.020535714285714286 0.021577380952380952
0 0.7237723214285714 0.6071428571428571 0.44285714285714284 0.16041666666666668
1 0.5126861414223348 0.5810378086419753 0.020521763392857145 0.021577380952380952
0 0.7237723214285714 0.734672619047619 0.44285714285714284 0.11398809523809524
1 0.5126861414223348 0.6915867504409172 0.020521763392857145 0.021577380952380987
