0 0.16975446428571428 0.2688988095238095 0.22142857142857142 0.10089285714285715
1 0.06267091990985048 0.18095592403628116 0.007198660714285714 0.021577380952380952
0 0.16975446428571428 0.397172619047619 0.22142857142857142 0.09255952380952381
1 0.0645961431241362 0.3230902777777778 0.011049107142857144 0.021577380952380952
0 0.16975446428571428 0.5609375 0.22142857142857142 0.06235119047619048
1 0.0665213663384219 0.4652246315192744 0.014899553571428572 0.021577380952380952
0 0.39140625 0.30870535714285713 0.22142857142857142 0.08913690476190476
1 0.2944842439573125 0.18095592403628116 0.027483258928571428 0.021577380952380952
0 0.39140625 0.42872023809523807 0.22142857142857142 0.06785714285714285
1 0.2953840765465982 0.3230902777777778 0.029282924107142855 0.021577380952380952
0 0.39140625 0.5552083333333333 0.22142857142857142 0.06369047619047619
1 0.2946028265465982 0.4652246315192744 0.027720424107142858 0.021577380952380952
0 0.6130580357142857 0.27046130952380953 0.22142857142857142 0.1037202380952381
1 0.5126745211297744 0.18095592403628116 0.020521763392857145 0.021577380952380952
0 0.6130580357142857 0.4164434523809524 0.22142857142857142 0.09538690476190476
1 0.5126745211297744 0.3230902777777778 0.020521763392857145 0.021577380952380952
0 0.6130580357142857 0.5277529761904762 0.22142857142857142 0.17842261904761905
1 0.5126884720226316 0.4652246315192744 0.02054966517857143 0.021577380952380952
0 0.8347098214285714 0.21785714285714286 0.22142857142857142 0.2244047619047619
1 0.7343525215165222 0.18095592403628116 0.020535714285714286 0.021577380952380952
0 0.8347098214285714 0.36302083333333335 0.22142857142857142 0.22217261904761904
1 0.7343455460700936 0.3230902777777778 0.020521763392857145 0.021577380952380952
0 0.8347098214285714 0.524702380952381 0.22142857142857142 0.14761904761904762
1 0.7343455460700936 0.4652246315192744 0.020521763392857145 0.021577380952380952
0 0.49832589285714285 0.6827380952380953 0.8785714285714286 0.09523809523809523
1 0.0645961431241362 0.6073589852607709 0.011049107142857144 0.021577380952380952
