0 0.5022879464285714 0.12708333333333333 0.8856026785714286 0.05119047619047619
1 0.0631253166160081 0.07988260582010584 0.007198660714285714 0.021577380952380952
0 0.5022879464285714 0.1931547619047619 0.8856026785714286 0.033035714285714286
1 0.06505053983029382 0.1462119708994709 0.011049107142857144 0.021577380952380952
0 0.5022879464285714 0.26473214285714286 0.8856026785714286 0.03869047619047619
1 0.06697576304457953 0.21254133597883595 0.014899553571428572 0.021577380952380952
0 0.5022879464285714 0.3385416666666667 0.8856026785714286 0.037797619047619045
1 0.07326761572315096 0.27887070105820105 0.027483258928571428 0.021577380952380952
0 0.5022879464285714 0.3965029761904762 0.8856026785714286 0.04211309523809524
1 0.07416744831243667 0.3452000661375661 0.029282924107142855 0.021577380952380952
0 0.5022879464285714 0.46391369047619047 0.8856026785714286 0.027529761904761904
1 0.07338619831243667 0.41152943121693125 0.027720424107142858 0.021577380952380952
0 0.5022879464285714 0.5479910714285714 0.8856026785714286 0.05848214285714286
1 0.06978686795529382 0.4778587962962963 0.020521763392857145 0.021577380952380952
0 0.5022879464285714 0.6209821428571428 0.8856026785714286 0.08511904761904762
1 0.06978686795529382 0.5441881613756614 0.020521763392857145 0.021577380952380952
0 0.5022879464285714 0.6654017857142858 0.8856026785714286 0.07574404761904761
1 0.06980081884815097 0.6105175264550264 0.02054966517857143 0.021577380952380952
0 0.5022879464285714 0.7227678571428572 0.8856026785714286 0.07053571428571428
1 0.06979384340172239 0.6768468915343916 0.020535714285714286 0.021577380952380952
0 0.5022879464285714 0.7848214285714286 0.8856026785714286 0.05327380952380952
1 0.06978686795529382 0.7431762566137565 0.020521763392857145 0.021577380952380952
0 0.5022879464285714 0.8500744047619048 0.8856026785714286 0.09389880952380952
1 0.06978686795529382 0.8095056216931217 0.020521763392857145 0.021577380952380952
