0 0.16975446428571428 0.22299107142857144 0.22142857142857142 0.16145833333333334
1 0.06267091990985048 0.18095592403628116 0.007198660714285714 0.021577380952380952
0 0.16975446428571428 0.3962797619047619 0.22142857142857142 0.10952380952380952
1 0.0645961431241362 0.3230902777777778 0.011049107142857144 0.021577380952380952
0 0.16975446428571428 0.5959077380952381 0.22142857142857142 0.13616071428571427
1 0.0665213663384219 0.4652246315192744 0.014899553571428572 0.021577380952380952
0 0.39140625 0.3306547619047619 0.22142857142857142 0.11577380952380953
1 0.2944842439573125 0.18095592403628116 0.027483258928571428 0.021577380952380952
0 0.39140625 0.3865327380952381 0.22142857142857142 0.13973214285714286
1 0.2953840765465982 0.3230902777777778 0.029282924107142855 0.021577380952380952
0 0.39140625 0.5683779761904761 0.22142857142857142 0.08229166666666667
1 0.2946028265465982 0.4652246315192744 0.027720424107142858 0.021577380952380952
0 0.6130580357142857 0.3098214285714286 0.22142857142857142 0.2005952380952381
1 0.5126745211297744 0.18095592403628116 0.020521763392857145 0.021577380952380952
0 0.6130580357142857 0.428125 0.22142857142857142 0.1636904761904762
1 0.5126745211297744 0.3230902777777778 0.020521763392857145 0.021577380952380952
0 0.6130580357142857 0.5233630952380952 0.22142857142857142 0.18482142857142858
1 0.5126884720226316 0.4652246315192744 0.02054966517857143 0.021577380952380952
0 0.8347098214285714 0.22827380952380952 0.22142857142857142 0.20357142857142857
1 0.7343525215165222 0.18095592403628116 0.020535714285714286 0.021577380952380952
0 0.8347098214285714 0.37157738095238096 0.22142857142857142 0.17470238095238094
1 0.7343455460700936 0.3230902777777778 0.020521763392857145 0.021577380952380952
0 0.8347098214285714 0.49813988095238093 0.22142857142857142 0.11800595238095238
1 0.7343455460700936 0.4652246315192744 0.020521763392857145 0.021577380952380952
0 0.49832589285714285 0.6835565476190476 0.8785714285714286 0.21026785714285715
1 0.0645961431241362 0.6073589852607709 0.011049107142857144 0.021577380952380952
