0 0.2806919642857143 0.21428571428571427 0.44285714285714284 0.04107142857142857
1 0.06297304751642037 0.1388420414462081 0.007198660714285714 0.021577380952380952
0 0.2806919642857143 0.33958333333333335 0.44285714285714284 0.047619047619047616
1 0.06489827073070609 0.24939098324514994 0.011049107142857144 0.021577380952380952
0 0.2806919642857143 0.44776785714285716 0.44285714285714284 0.04404761904761905
1 0.0668234939449918 0.35993992504409167 0.014899553571428572 0.021577380952380952
0 0.2806919642857143 0.5526041666666667 0.44285714285714284 0.04092261904761905
1 0.07311534662356323 0.47048886684303354 0.027483258928571428 0.021577380952380952
0 0.2806919642857143 0.6558035714285714 0.44285714285714284 0.037797619047619045
1 0.07401517921284895 0.5810378086419753 0.029282924107142855 0.021577380952380952
0 0.2806919642857143 0.780952380952381 0.44285714285714284 0.042261904761904764
1 0.07323392921284894 0.6915867504409172 0.027720424107142858 0.021577380952380987
0 0.7237723214285714 0.2408482142857143 0.44285714285714284 0.07842261904761905
1 0.5126861414223348 0.1388420414462081 0.020521763392857145 0.021577380952380952
0 0.7237723214285714 0.3295386904761905 0.44285714285714284 0.053422619047619045
1 0.5126861414223348 0.24939098324514994 0.020521763392857145 0.021577380952380952
0 0.7237723214285714 0.4348958333333333 0.44285714285714284 0.121875
1 0.512700092315192 0.35993992504409167 0.02054966517857143 0.021577380952380952
0 0.7237723214285714 0.5583333333333333 0.44285714285714284 0.16607142857142856
1 0.5126931168687634 0.47048886684303354 0.020535714285714286 0.021577380952380952
0 0.7237723214285714 0.6592261904761905 0.44285714285714284 0.24285714285714285
1 0.5126861414223348 0.5810378086419753 0.020521763392857145 0.021577380952380952
0 0.7237723214285714 0.7678571428571429 0.44285714285714284 0.24107142857142858
1 0.5126861414223348 0.6915867504409172 0.020521763392857145 0.021577380952380987
