0 0.16975446428571428 0.28020833333333334 0.22142857142857142 0.049107142857142856
1 0.06267091990985048 0.18095592403628116 0.007198660714285714 0.021577380952380952
0 0.16975446428571428 0.40133928571428573 0.22142857142857142 0.1306547619047619
1 0.0645961431241362 0.3230902777777778 0.011049107142857144 0.021577380952380952
0 0.16975446428571428 0.5565476190476191 0.22142857142857142 0.10892857142857143
1 0.0665213663384219 0.4652246315192744 0.014899553571428572 0.021577380952380952
0 0.39140625 0.3008184523809524 0.22142857142857142 0.0837797619047619
1 0.2944842439573125 0.18095592403628116 0.027483258928571428 0.021577380952380952
0 0.39140625 0.42671130952380953 0.22142857142857142 0.04925595238095238
1 0.2953840765465982 0.3230902777777778 0.029282924107142855 0.021577380952380952
0 0.39140625 0.5500744047619047 0.22142857142857142 0.11919642857142858
1 0.2946028265465982 0.4652246315192744 0.027720424107142858 0.021577380952380952
0 0.6130580357142857 0.3423363095238095 0.22142857142857142 0.2355654761904762
1 0.5126745211297744 0.18095592403628116 0.020521763392857145 0.021577380952380952
0 0.6130580357142857 0.5583333333333333 0.22142857142857142 0.6464285714285715
1 0.5126745211297744 0.3230902777777778 0.020521763392857145 0.021577380952380952
0 0.6130580357142857 0.48333333333333334 0.22142857142857142 0.9324404761904762
1 0.5126884720226316 0.4652246315192744 0.02054966517857143 0.021577380952380952
0 0.8347098214285714 0.2732886904761905 0.22142857142857142 0.3379464285714286
1 0.7343525215165222 0.18095592403628116 0.020535714285714286 0.021577380952380952
0 0.8347098214285714 0.4081845238095238 0.22142857142857142 0.15357142857142858
1 0.7343455460700936 0.3230902777777778 0.020521763392857145 0.021577380952380952
0 0.8347098214285714 0.5493303571428572 0.22142857142857142 0.1150297619047619
1 0.7343455460700936 0.4652246315192744 0.020521763392857145 0.021577380952380952
0 0.49832589285714285 0.6968005952380952 0.8785714285714286 0.16741071428571427
1 0.0645961431241362 0.6073589852607709 0.011049107142857144 0.021577380952380952
