0 0.2806919642857143 0.18340773809523808 0.44285714285714284 0.10610119047619047
1 0.06297304751642037 0.1388420414462081 0.007198660714285714 0.021577380952380952
0 0.2806919642857143 0.3302827380952381 0.44285714285714284 0.06502976190476191
1 0.06489827073070609 0.24939098324514994 0.011049107142857144 0.021577380952380952
0 0.2806919642857143 0.4733630952380952 0.44285714285714284 0.09136904761904761
1 0.0668234939449918 0.35993992504409167 0.014899553571428572 0.021577380952380952
0 0.2806919642857143 0.5743303571428572 0.44285714285714284 0.071875
1 0.07311534662356323 0.47048886684303354 0.027483258928571428 0.021577380952380952
0 0.2806919642857143 0.6297619047619047 0.44285714285714284 0.09583333333333334
1 0.07401517921284895 0.5810378086419753 0.029282924107142855 0.021577380952380952
0 0.2806919642857143 0.7890625 0.44285714285714284 0.05758928571428571
1 0.07323392921284894 0.6915867504409172 0.027720424107142858 0.021577380952380987
0 0.7237723214285714 0.25342261904761904 0.44285714285714284 0.0988095238095238
1 0.5126861414223348 0.1388420414462081 0.020521763392857145 0.021577380952380952
0 0.7237723214285714 0.34873511904761906 0.44285714285714284 0.14360119047619047
1 0.5126861414223348 0.24939098324514994 0.020521763392857145 0.021577380952380952
0 0.7237723214285714 0.4688988095238095 0.44285714285714284 0.12589285714285714
1 0.512700092315192 0.35993992504409167 0.02054966517857143 0.021577380952380952
0 0.7237723214285714 0.5316964285714286 0.44285714285714284 0.16041666666666668
1 0.5126931168687634 0.47048886684303354 0.020535714285714286 0.021577380952380952
0 0.7237723214285714 0.6284970238095238 0.44285714285714284 0.1507440476190476
1 0.5126861414223348 0.5810378086419753 0.020521763392857145 0.021577380952380952
0 0.7237723214285714 0.7492559523809523 0.44285714285714284 0.08541666666666667
1 0.5126861414223348 0.6915867504409172 0.020521763392857145 0.021577380952380987
