0 0.2806919642857143 0.19166666666666668 0.44285714285714284 0.10595238095238095
1 0.06297304751642037 0.1388420414462081 0.007198660714285714 0.021577380952380952
0 0.2806919642857143 0.3119047619047619 0.44285714285714284 0.06517857142857143
1 0.06489827073070609 0.24939098324514994 0.011049107142857144 0.021577380952380952
0 0.2806919642857143 0.4523065476190476 0.44285714285714284 0.06264880952380952
1 0.0668234939449918 0.35993992504409167 0.014899553571428572 0.021577380952380952
0 0.2806919642857143 0.5767113095238096 0.44285714285714284 0.08258928571428571
1 0.07311534662356323 0.47048886684303354 0.027483258928571428 0.021577380952380952
0 0.2806919642857143 0.6438244047619047 0.44285714285714284 0.08348214285714285
1 0.07401517921284895 0.5810378086419753 0.029282924107142855 0.021577380952380952
0 0.2806919642857143 0.7649553571428571 0.44285714285714284 0.03913690476190476
1 0.07323392921284894 0.6915867504409172 0.027720424107142858 0.021577380952380987
0 0.7237723214285714 0.25944940476190476 0.44285714285714284 0.11116071428571428
1 0.5126861414223348 0.1388420414462081 0.020521763392857145 0.021577380952380952
0 0.7237723214285714 0.37194940476190474 0.44285714285714284 0.1519345238095238
1 0.5126861414223348 0.24939098324514994 0.020521763392857145 0.021577380952380952
0 0.7237723214285714 0.47351190476190474 0.44285714285714284 0.13660714285714284
1 0.512700092315192 0.35993992504409167 0.02054966517857143 0.021577380952380952
0 0.7237723214285714 0.5616071428571429 0.44285714285714284 0.1
1 0.5126931168687634 0.47048886684303354 0.020535714285714286 0.021577380952380952
0 0.7237723214285714 0.6689732142857143 0.44285714285714284 0.1025297619047619
1 0.5126861414223348 0.5810378086419753 0.020521763392857145 0.021577380952380952
0 0.7237723214285714 0.7723214285714286 0.44285714285714284 0.09761904761904762
1 0.5126861414223348 0.6915867504409172 0.020521763392857145 0.021577380952380987
