0 0.5022879464285714 0.11331845238095238 0.8856026785714286 0.06056547619047619
1 0.0631253166160081 0.07988260582010584 0.007198660714285714 0.021577380952380952
0 0.5022879464285714 0.1953125 0.8856026785714286 0.04241071428571429
1 0.06505053983029382 0.1462119708994709 0.011049107142857144 0.021577380952380952
0 0.5022879464285714 0.2747767857142857 0.8856026785714286 0.044196428571428574
1 0.06697576304457953 0.21254133597883595 0.014899553571428572 0.021577380952380952
0 0.5022879464285714 0.3438244047619048 0.8856026785714286 0.04747023809523809
1 0.07326761572315096 0.27887070105820105 0.027483258928571428 0.021577380952380952
0 0.5022879464285714 0.38377976190476193 0.8856026785714286 0.05029761904761905
1 0.07416744831243667 0.3452000661375661 0.029282924107142855 0.021577380952380952
0 0.5022879464285714 0.46837797619047616 0.8856026785714286 0.029613095238095237
1 0.07338619831243667 0.41152943121693125 0.027720424107142858 0.021577380952380952
0 0.5022879464285714 0.5399553571428571 0.8856026785714286 0.04598214285714286
1 0.06978686795529382 0.4778587962962963 0.020521763392857145 0.021577380952380952
0 0.5022879464285714 0.6075148809523809 0.8856026785714286 0.06264880952380952
1 0.06978686795529382 0.5441881613756614 0.020521763392857145 0.021577380952380952
0 0.5022879464285714 0.6703869047619048 0.8856026785714286 0.05625
1 0.06980081884815097 0.6105175264550264 0.02054966517857143 0.021577380952380952
0 0.5022879464285714 0.721279761904762 0.8856026785714286 0.06279761904761905
1 0.06979384340172239 0.6768468915343916 0.020535714285714286 0.021577380952380952
0 0.5022879464285714 0.7869791666666667 0.8856026785714286 0.061755952380952384
1 0.06978686795529382 0.7431762566137565 0.020521763392857145 0.021577380952380952
0 0.5022879464285714 0.8510416666666667 0.8856026785714286 0.048214285714285716
1 0.06978686795529382 0.8095056216931217 0.020521763392857145 0.021577380952380952
