0 0.16975446428571428 0.2502232142857143 0.22142857142857142 0.09806547619047619
1 0.06267091990985048 0.18095592403628116 0.007198660714285714 0.021577380952380952
0 0.16975446428571428 0.38973214285714286 0.22142857142857142 0.10476190476190476
1 0.0645961431241362 0.3230902777777778 0.011049107142857144 0.021577380952380952
0 0.16975446428571428 0.5610119047619048 0.22142857142857142 0.048214285714285716
1 0.0665213663384219 0.4652246315192744 0.014899553571428572 0.021577380952380952
0 0.39140625 0.31919642857142855 0.22142857142857142 0.1005952380952381
1 0.2944842439573125 0.18095592403628116 0.027483258928571428 0.021577380952380952
0 0.39140625 0.41309523809523807 0.22142857142857142 0.054464285714285715
1 0.2953840765465982 0.3230902777777778 0.029282924107142855 0.021577380952380952
0 0.39140625 0.5485119047619048 0.22142857142857142 0.06696428571428571
1 0.2946028265465982 0.4652246315192744 0.027720424107142858 0.021577380952380952
0 0.6130580357142857 0.21138392857142857 0.22142857142857142 0.41889880952380953
1 0.5126745211297744 0.18095592403628116 0.020521763392857145 0.021577380952380952
0 0.6130580357142857 0.41517857142857145 0.22142857142857142 0.4029761904761905
1 0.5126745211297744 0.3230902777777778 0.020521763392857145 0.021577380952380952
0 0.6130580357142857 0.5255208333333333 0.22142857142857142 0.4537202380952381
1 0.5126884720226316 0.4652246315192744 0.02054966517857143 0.021577380952380952
0 0.8347098214285714 0.26904761904761904 0.22142857142857142 0.2193452380952381
1 0.7343525215165222 0.18095592403628116 0.020535714285714286 0.021577380952380952
0 0.8347098214285714 0.3885416666666667 0.22142857142857142 0.21279761904761904
1 0.7343455460700936 0.3230902777777778 0.020521763392857145 0.021577380952380952
0 0.8347098214285714 0.5242559523809524 0.22142857142857142 0.1556547619047619
1 0.7343455460700936 0.4652246315192744 0.020521763392857145 0.021577380952380952
0 0.49832589285714285 0.6789434523809523 0.8785714285714286 0.11473214285714285
1 0.0645961431241362 0.6073589852607709 0.011049107142857144 0.021577380952380952
