0 0.16975446428571428 0.2383184523809524 0.22142857142857142 0.15520833333333334
1 0.06267091990985048 0.18095592403628116 0.007198660714285714 0.021577380952380952
0 0.16975446428571428 0.4398809523809524 0.22142857142857142 0.08839285714285715
1 0.0645961431241362 0.3230902777777778 0.011049107142857144 0.021577380952380952
0 0.16975446428571428 0.6215773809523809 0.22142857142857142 0.20238095238095238
1 0.0665213663384219 0.4652246315192744 0.014899553571428572 0.021577380952380952
0 0.39140625 0.3072172619047619 0.22142857142857142 0.09836309523809524
1 0.2944842439573125 0.18095592403628116 0.027483258928571428 0.021577380952380952
0 0.39140625 0.37782738095238094 0.22142857142857142 0.16666666666666666
1 0.2953840765465982 0.3230902777777778 0.029282924107142855 0.021577380952380952
0 0.39140625 0.5996279761904761 0.22142857142857142 0.13913690476190477
1 0.2946028265465982 0.4652246315192744 0.027720424107142858 0.021577380952380952
0 0.6130580357142857 0.31339285714285714 0.22142857142857142 0.11607142857142858
1 0.5126745211297744 0.18095592403628116 0.020521763392857145 0.021577380952380952
0 0.6130580357142857 0.40922619047619047 0.22142857142857142 0.13690476190476192
1 0.5126745211297744 0.3230902777777778 0.020521763392857145 0.021577380952380952
0 0.6130580357142857 0.554985119047619 0.22142857142857142 0.11324404761904762
1 0.5126884720226316 0.4652246315192744 0.02054966517857143 0.021577380952380952
0 0.8347098214285714 0.2400297619047619 0.22142857142857142 0.16220238095238096
1 0.7343525215165222 0.18095592403628116 0.020535714285714286 0.021577380952380952
0 0.8347098214285714 0.3716517857142857 0.22142857142857142 0.2474702380952381
1 0.7343455460700936 0.3230902777777778 0.020521763392857145 0.021577380952380952
0 0.8347098214285714 0.4920386904761905 0.22142857142857142 0.21979166666666666
1 0.7343455460700936 0.4652246315192744 0.020521763392857145 0.021577380952380952
0 0.49832589285714285 0.7241071428571428 0.8785714285714286 0.08839285714285715
1 0.0645961431241362 0.6073589852607709 0.011049107142857144 0.021577380952380952
