0 0.2806919642857143 0.19285714285714287 0.44285714285714284 0.08898809523809524
1 0.06297304751642037 0.1388420414462081 0.007198660714285714 0.021577380952380952
0 0.2806919642857143 0.3287946428571429 0.44285714285714284 0.096875
1 0.06489827073070609 0.24939098324514994 0.011049107142857144 0.021577380952380952
0 0.2806919642857143 0.46398809523809526 0.44285714285714284 0.15357142857142858
1 0.0668234939449918 0.35993992504409167 0.014899553571428572 0.021577380952380952
0 0.2806919642857143 0.5671130952380953 0.44285714285714284 0.08630952380952381
1 0.07311534662356323 0.47048886684303354 0.027483258928571428 0.021577380952380952
0 0.2806919642857143 0.6371279761904762 0.44285714285714284 0.11919642857142858
1 0.07401517921284895 0.5810378086419753 0.029282924107142855 0.021577380952380952
0 0.2806919642857143 0.7801339285714286 0.44285714285714284 0.11413690476190476
1 0.07323392921284894 0.6915867504409172 0.027720424107142858 0.021577380952380987
0 0.7237723214285714 0.23846726190476192 0.44285714285714284 0.08407738095238096
1 0.5126861414223348 0.1388420414462081 0.020521763392857145 0.021577380952380952
0 0.7237723214285714 0.3465029761904762 0.44285714285714284 0.10639880952380952
1 0.5126861414223348 0.24939098324514994 0.020521763392857145 0.021577380952380952
0 0.7237723214285714 0.4408482142857143 0.44285714285714284 0.08735119047619047
1 0.512700092315192 0.35993992504409167 0.02054966517857143 0.021577380952380952
0 0.7237723214285714 0.5384672619047619 0.44285714285714284 0.07217261904761904
1 0.5126931168687634 0.47048886684303354 0.020535714285714286 0.021577380952380952
0 0.7237723214285714 0.6493303571428571 0.44285714285714284 0.06205357142857143
1 0.5126861414223348 0.5810378086419753 0.020521763392857145 0.021577380952380952
0 0.7237723214285714 0.7615327380952381 0.44285714285714284 0.06354166666666666
1 0.5126861414223348 0.6915867504409172 0.020521763392857145 0.021577380952380987
