0 0.5022879464285714 0.125 0.8856026785714286 0.055952380952380955
1 0.0631253166160081 0.07988260582010584 0.007198660714285714 0.021577380952380952
0 0.5022879464285714 0.16889880952380953 0.8856026785714286 0.10267857142857142
1 0.06505053983029382 0.1462119708994709 0.011049107142857144 0.021577380952380952
0 0.5022879464285714 0.24345238095238095 0.8856026785714286 0.09553571428571428
1 0.06697576304457953 0.21254133597883595 0.014899553571428572 0.021577380952380952
0 0.5022879464285714 0.34970238095238093 0.8856026785714286 0.07410714285714286
1 0.07326761572315096 0.27887070105820105 0.027483258928571428 0.021577380952380952
0 0.5022879464285714 0.403125 0.8856026785714286 0.058333333333333334
1 0.07416744831243667 0.3452000661375661 0.029282924107142855 0.021577380952380952
0 0.5022879464285714 0.43846726190476193 0.8856026785714286 0.09389880952380952
1 0.07338619831243667 0.41152943121693125 0.027720424107142858 0.021577380952380952
0 0.5022879464285714 0.5668154761904762 0.8856026785714286 0.10625
1 0.06978686795529382 0.4778587962962963 0.020521763392857145 0.021577380952380952
0 0.5022879464285714 0.6472470238095238 0.8856026785714286 0.21294642857142856
1 0.06978686795529382 0.5441881613756614 0.020521763392857145 0.021577380952380952
0 0.5022879464285714 0.6764880952380953 0.8856026785714286 0.1351190476190476
1 0.06980081884815097 0.6105175264550264 0.02054966517857143 0.021577380952380952
0 0.5022879464285714 0.7008928571428571 0.8856026785714286 0.15714285714285714
1 0.06979384340172239 0.6768468915343916 0.020535714285714286 0.021577380952380952
0 0.5022879464285714 0.760639880952381 0.8856026785714286 0.13199404761904762
1 0.06978686795529382 0.7431762566137565 0.020521763392857145 0.021577380952380952
0 0.5022879464285714 0.8337797619047619 0.8856026785714286 0.09970238095238096
1 0.06978686795529382 0.8095056216931217 0.020521763392857145 0.021577380952380952
