0 0.16975446428571428 0.2650297619047619 0.22142857142857142 0.09404761904761905
1 0.06267091990985048 0.18095592403628116 0.007198660714285714 0.021577380952380952
0 0.16975446428571428 0.4275297619047619 0.22142857142857142 0.05773809523809524
1 0.0645961431241362 0.3230902777777778 0.011049107142857144 0.021577380952380952
0 0.16975446428571428 0.590922619047619 0.22142857142857142 0.11577380952380953
1 0.0665213663384219 0.4652246315192744 0.014899553571428572 0.021577380952380952
0 0.39140625 0.3000744047619048 0.22142857142857142 0.05848214285714286
1 0.2944842439573125 0.18095592403628116 0.027483258928571428 0.021577380952380952
0 0.39140625 0.4078125 0.22142857142857142 0.09598214285714286
1 0.2953840765465982 0.3230902777777778 0.029282924107142855 0.021577380952380952
0 0.39140625 0.583407738095238 0.22142857142857142 0.08050595238095239
1 0.2946028265465982 0.4652246315192744 0.027720424107142858 0.021577380952380952
0 0.6130580357142857 0.33883928571428573 0.22142857142857142 0.1976190476190476
1 0.5126745211297744 0.18095592403628116 0.020521763392857145 0.021577380952380952
0 0.6130580357142857 0.49769345238095236 0.22142857142857142 0.27842261904761906
1 0.5126745211297744 0.3230902777777778 0.020521763392857145 0.021577380952380952
0 0.6130580357142857 0.6726190476190477 0.22142857142857142 0.34970238095238093
1 0.5126884720226316 0.4652246315192744 0.02054966517857143 0.021577380952380952
0 0.8347098214285714 0.31421130952380955 0.22142857142857142 0.10282738095238095
1 0.7343525215165222 0.18095592403628116 0.020535714285714286 0.021577380952380952
0 0.8347098214285714 0.40319940476190474 0.22142857142857142 0.10401785714285715
1 0.7343455460700936 0.3230902777777778 0.020521763392857145 0.021577380952380952
0 0.8347098214285714 0.5447172619047619 0.22142857142857142 0.0974702380952381
1 0.7343455460700936 0.4652246315192744 0.020521763392857145 0.021577380952380952
0 0.49832589285714285 0.721875 0.8785714285714286 0.07797619047619048
1 0.0645961431241362 0.6073589852607709 0.011049107142857144 0.021577380952380952
