0 0.2806919642857143 0.17924107142857143 0.44285714285714284 0.12038690476190476
1 0.06297304751642037 0.1388420414462081 0.007198660714285714 0.021577380952380952
0 0.2806919642857143 0.3073660714285714 0.44285714285714284 0.07514880952380952
1 0.06489827073070609 0.24939098324514994 0.011049107142857144 0.021577380952380952
0 0.2806919642857143 0.4587797619047619 0.44285714285714284 0.06190476190476191
1 0.0668234939449918 0.35993992504409167 0.014899553571428572 0.021577380952380952
0 0.2806919642857143 0.5858630952380952 0.44285714285714284 0.09702380952380953
1 0.07311534662356323 0.47048886684303354 0.027483258928571428 0.021577380952380952
0 0.2806919642857143 0.6335565476190477 0.44285714285714284 0.08943452380952381
1 0.07401517921284895 0.5810378086419753 0.029282924107142855 0.021577380952380952
0 0.2806919642857143 0.7689732142857143 0.44285714285714284 0.022470238095238095
1 0.07323392921284894 0.6915867504409172 0.027720424107142858 0.021577380952380987
0 0.7237723214285714 0.2376488095238095 0.44285714285714284 0.06607142857142857
1 0.5126861414223348 0.1388420414462081 0.020521763392857145 0.021577380952380952
0 0.7237723214285714 0.3152529761904762 0.44285714285714284 0.103125
1 0.5126861414223348 0.24939098324514994 0.020521763392857145 0.021577380952380952
0 0.7237723214285714 0.4113095238095238 0.44285714285714284 0.10148809523809524
1 0.512700092315192 0.35993992504409167 0.02054966517857143 0.021577380952380952
0 0.7237723214285714 0.5194940476190476 0.44285714285714284 0.09196428571428572
1 0.5126931168687634 0.47048886684303354 0.020535714285714286 0.021577380952380952
0 0.7237723214285714 0.6447916666666667 0.44285714285714284 0.09553571428571428
1 0.5126861414223348 0.5810378086419753 0.020521763392857145 0.021577380952380952
0 0.7237723214285714 0.749702380952381 0.44285714285714284 0.07410714285714286
1 0.5126861414223348 0.6915867504409172 0.020521763392857145 0.021577380952380987
