0 0.16975446428571428 0.25491071428571427 0.22142857142857142 0.0943452380952381
1 0.06267091990985048 0.18095592403628116 0.007198660714285714 0.021577380952380952
0 0.16975446428571428 0.40476190476190477 0.22142857142857142 0.13273809523809524
1 0.0645961431241362 0.3230902777777778 0.011049107142857144 0.021577380952380952
0 0.16975446428571428 0.5761160714285715 0.22142857142857142 0.09776785714285714
1 0.0665213663384219 0.4652246315192744 0.014899553571428572 0.021577380952380952
0 0.39140625 0.3131696428571429 0.22142857142857142 0.09985119047619048
1 0.2944842439573125 0.18095592403628116 0.027483258928571428 0.021577380952380952
0 0.39140625 0.4120535714285714 0.22142857142857142 0.07351190476190476
1 0.2953840765465982 0.3230902777777778 0.029282924107142855 0.021577380952380952
0 0.39140625 0.5631696428571429 0.22142857142857142 0.10848214285714286
1 0.2946028265465982 0.4652246315192744 0.027720424107142858 0.021577380952380952
0 0.6130580357142857 0.3275297619047619 0.22142857142857142 0.18095238095238095
1 0.5126745211297744 0.18095592403628116 0.020521763392857145 0.021577380952380952
0 0.6130580357142857 0.4660714285714286 0.22142857142857142 0.26726190476190476
1 0.5126745211297744 0.3230902777777778 0.020521763392857145 0.021577380952380952
0 0.6130580357142857 0.5853422619047619 0.22142857142857142 0.22901785714285713
1 0.5126884720226316 0.4652246315192744 0.02054966517857143 0.021577380952380952
0 0.8347098214285714 0.23482142857142857 0.22142857142857142 0.25892857142857145
1 0.7343525215165222 0.18095592403628116 0.020535714285714286 0.021577380952380952
0 0.8347098214285714 0.3573660714285714 0.22142857142857142 0.2200892857142857
1 0.7343455460700936 0.3230902777777778 0.020521763392857145 0.021577380952380952
0 0.8347098214285714 0.4985863095238095 0.22142857142857142 0.15550595238095238
1 0.7343455460700936 0.4652246315192744 0.020521763392857145 0.021577380952380952
0 0.49832589285714285 0.6764136904761905 0.8785714285714286 0.1575892857142857
1 0.0645961431241362 0.6073589852607709 0.011049107142857144 0.021577380952380952
