0 0.16975446428571428 0.25669642857142855 0.22142857142857142 0.09642857142857143
1 0.06267091990985048 0.18095592403628116 0.007198660714285714 0.021577380952380952
0 0.16975446428571428 0.41123511904761906 0.22142857142857142 0.0730654761904762
1 0.0645961431241362 0.3230902777777778 0.011049107142857144 0.021577380952380952
0 0.16975446428571428 0.5839285714285715 0.22142857142857142 0.052083333333333336
1 0.0665213663384219 0.4652246315192744 0.014899553571428572 0.021577380952380952
0 0.39140625 0.30625 0.22142857142857142 0.08154761904761905
1 0.2944842439573125 0.18095592403628116 0.027483258928571428 0.021577380952380952
0 0.39140625 0.40729166666666666 0.22142857142857142 0.06726190476190476
1 0.2953840765465982 0.3230902777777778 0.029282924107142855 0.021577380952380952
0 0.39140625 0.5740327380952381 0.22142857142857142 0.04241071428571429
1 0.2946028265465982 0.4652246315192744 0.027720424107142858 0.021577380952380952
0 0.6130580357142857 0.2982142857142857 0.22142857142857142 0.11428571428571428
1 0.5126745211297744 0.18095592403628116 0.020521763392857145 0.021577380952380952
0 0.6130580357142857 0.4289434523809524 0.22142857142857142 0.16741071428571427
1 0.5126745211297744 0.3230902777777778 0.020521763392857145 0.021577380952380952
0 0.6130580357142857 0.536235119047619 0.22142857142857142 0.26860119047619047
1 0.5126884720226316 0.4652246315192744 0.02054966517857143 0.021577380952380952
0 0.8347098214285714 0.24248511904761905 0.22142857142857142 0.19508928571428572
1 0.7343525215165222 0.18095592403628116 0.020535714285714286 0.021577380952380952
0 0.8347098214285714 0.3826636904761905 0.22142857142857142 0.19479166666666667
1 0.7343455460700936 0.3230902777777778 0.020521763392857145 0.021577380952380952
0 0.8347098214285714 0.5372767857142857 0.22142857142857142 0.11145833333333334
1 0.7343455460700936 0.4652246315192744 0.020521763392857145 0.021577380952380952
0 0.49832589285714285 0.6985119047619047 0.8785714285714286 0.08541666666666667
1 0.0645961431241362 0.6073589852607709 0.011049107142857144 0.021577380952380952
