0 0.16975446428571428 0.25535714285714284 0.22142857142857142 0.1193452380952381
1 0.06267091990985048 0.18095592403628116 0.007198660714285714 0.021577380952380952
0 0.16975446428571428 0.40855654761904764 0.22142857142857142 0.09479166666666666
1 0.0645961431241362 0.3230902777777778 0.011049107142857144 0.021577380952380952
0 0.16975446428571428 0.5742559523809524 0.22142857142857142 0.05505952380952381
1 0.0665213663384219 0.4652246315192744 0.014899553571428572 0.021577380952380952
0 0.39140625 0.30892857142857144 0.22142857142857142 0.10386904761904762
1 0.2944842439573125 0.18095592403628116 0.027483258928571428 0.021577380952380952
0 0.39140625 0.40773809523809523 0.22142857142857142 0.07708333333333334
1 0.2953840765465982 0.3230902777777778 0.029282924107142855 0.021577380952380952
0 0.39140625 0.5648065476190476 0.22142857142857142 0.050148809523809526
1 0.2946028265465982 0.4652246315192744 0.027720424107142858 0.021577380952380952
0 0.6130580357142857 0.33683035714285714 0.22142857142857142 0.15014880952380952
1 0.5126745211297744 0.18095592403628116 0.020521763392857145 0.021577380952380952
0 0.6130580357142857 0.4730654761904762 0.22142857142857142 0.1494047619047619
1 0.5126745211297744 0.3230902777777778 0.020521763392857145 0.021577380952380952
0 0.6130580357142857 0.6177083333333333 0.22142857142857142 0.14345238095238094
1 0.5126884720226316 0.4652246315192744 0.02054966517857143 0.021577380952380952
0 0.8347098214285714 0.3423363095238095 0.22142857142857142 0.1855654761904762
1 0.7343525215165222 0.18095592403628116 0.020535714285714286 0.021577380952380952
0 0.8347098214285714 0.409375 0.22142857142857142 0.1767857142857143
1 0.7343455460700936 0.3230902777777778 0.020521763392857145 0.021577380952380952
0 0.8347098214285714 0.5006696428571429 0.22142857142857142 0.18169642857142856
1 0.7343455460700936 0.4652246315192744 0.020521763392857145 0.021577380952380952
0 0.49832589285714285 0.6817708333333333 0.8785714285714286 0.11711309523809524
1 0.0645961431241362 0.6073589852607709 0.011049107142857144 0.021577380952380952
