0 0.2806919642857143 0.2148065476190476 0.44285714285714284 0.04627976190476191
1 0.06297304751642037 0.1388420414462081 0.007198660714285714 0.021577380952380952
0 0.2806919642857143 0.31145833333333334 0.44285714285714284 0.06875
1 0.06489827073070609 0.24939098324514994 0.011049107142857144 0.021577380952380952
0 0.2806919642857143 0.42589285714285713 0.44285714285714284 0.0625
1 0.0668234939449918 0.35993992504409167 0.014899553571428572 0.021577380952380952
0 0.2806919642857143 0.565327380952381 0.44285714285714284 0.052976190476190475
1 0.07311534662356323 0.47048886684303354 0.027483258928571428 0.021577380952380952
0 0.2806919642857143 0.6688244047619047 0.44285714285714284 0.03794642857142857
1 0.07401517921284895 0.5810378086419753 0.029282924107142855 0.021577380952380952
0 0.2806919642857143 0.7572916666666667 0.44285714285714284 0.06220238095238095
1 0.07323392921284894 0.6915867504409172 0.027720424107142858 0.021577380952380987
0 0.7237723214285714 0.22730654761904762 0.44285714285714284 0.052529761904761905
1 0.5126861414223348 0.1388420414462081 0.020521763392857145 0.021577380952380952
0 0.7237723214285714 0.3459077380952381 0.44285714285714284 0.09985119047619048
1 0.5126861414223348 0.24939098324514994 0.020521763392857145 0.021577380952380952
0 0.7237723214285714 0.44501488095238095 0.44285714285714284 0.15520833333333334
1 0.512700092315192 0.35993992504409167 0.02054966517857143 0.021577380952380952
0 0.7237723214285714 0.5226934523809523 0.44285714285714284 0.12276785714285714
1 0.5126931168687634 0.47048886684303354 0.020535714285714286 0.021577380952380952
0 0.7237723214285714 0.632514880952381 0.44285714285714284 0.10193452380952381
1 0.5126861414223348 0.5810378086419753 0.020521763392857145 0.021577380952380952
0 0.7237723214285714 0.7485863095238096 0.44285714285714284 0.09151785714285714
1 0.5126861414223348 0.6915867504409172 0.020521763392857145 0.021577380952380987
