0 0.16975446428571428 0.2702380952380952 0.22142857142857142 0.06130952380952381
1 0.06267091990985048 0.18095592403628116 0.007198660714285714 0.021577380952380952
0 0.16975446428571428 0.4113839285714286 0.22142857142857142 0.11681547619047619
1 0.0645961431241362 0.3230902777777778 0.011049107142857144 0.021577380952380952
0 0.16975446428571428 0.5741815476190476 0.22142857142857142 0.08943452380952381
1 0.0665213663384219 0.4652246315192744 0.014899553571428572 0.021577380952380952
0 0.39140625 0.3020089285714286 0.22142857142857142 0.08229166666666667
1 0.2944842439573125 0.18095592403628116 0.027483258928571428 0.021577380952380952
0 0.39140625 0.41711309523809526 0.22142857142857142 0.041666666666666664
1 0.2953840765465982 0.3230902777777778 0.029282924107142855 0.021577380952380952
0 0.39140625 0.5657738095238095 0.22142857142857142 0.09910714285714285
1 0.2946028265465982 0.4652246315192744 0.027720424107142858 0.021577380952380952
0 0.6130580357142857 0.3274553571428571 0.22142857142857142 0.12098214285714286
1 0.5126745211297744 0.18095592403628116 0.020521763392857145 0.021577380952380952
0 0.6130580357142857 0.4557291666666667 0.22142857142857142 0.1373511904761905
1 0.5126745211297744 0.3230902777777778 0.020521763392857145 0.021577380952380952
0 0.6130580357142857 0.5992559523809524 0.22142857142857142 0.12738095238095237
1 0.5126884720226316 0.4652246315192744 0.02054966517857143 0.021577380952380952
0 0.8347098214285714 0.27098214285714284 0.22142857142857142 0.14583333333333334
1 0.7343525215165222 0.18095592403628116 0.020535714285714286 0.021577380952380952
0 0.8347098214285714 0.40014880952380955 0.22142857142857142 0.11071428571428571
1 0.7343455460700936 0.3230902777777778 0.020521763392857145 0.021577380952380952
0 0.8347098214285714 0.5453869047619048 0.22142857142857142 0.07648809523809524
1 0.7343455460700936 0.4652246315192744 0.020521763392857145 0.021577380952380952
0 0.49832589285714285 0.6936755952380952 0.8785714285714286 0.12068452380952381
1 0.0645961431241362 0.6073589852607709 0.011049107142857144 0.021577380952380952
