0 0.2806919642857143 0.1972470238095238 0.44285714285714284 0.08348214285714285
1 0.06297304751642037 0.1388420414462081 0.007198660714285714 0.021577380952380952
0 0.2806919642857143 0.2845982142857143 0.44285714285714284 0.134375
1 0.06489827073070609 0.24939098324514994 0.011049107142857144 0.021577380952380952
0 0.2806919642857143 0.4158482142857143 0.44285714285714284 0.09627976190476191
1 0.0668234939449918 0.35993992504409167 0.014899553571428572 0.021577380952380952
0 0.2806919642857143 0.5866071428571429 0.44285714285714284 0.10089285714285715
1 0.07311534662356323 0.47048886684303354 0.027483258928571428 0.021577380952380952
0 0.2806919642857143 0.6673363095238095 0.44285714285714284 0.06860119047619048
1 0.07401517921284895 0.5810378086419753 0.029282924107142855 0.021577380952380952
0 0.2806919642857143 0.7383184523809524 0.44285714285714284 0.10520833333333333
1 0.07323392921284894 0.6915867504409172 0.027720424107142858 0.021577380952380987
0 0.7237723214285714 0.23958333333333334 0.44285714285714284 0.1
1 0.5126861414223348 0.1388420414462081 0.020521763392857145 0.021577380952380952
0 0.7237723214285714 0.3508184523809524 0.44285714285714284 0.1400297619047619
1 0.5126861414223348 0.24939098324514994 0.020521763392857145 0.021577380952380952
0 0.7237723214285714 0.43936011904761907 0.44285714285714284 0.1400297619047619
1 0.512700092315192 0.35993992504409167 0.02054966517857143 0.021577380952380952
0 0.7237723214285714 0.5167410714285714 0.44285714285714284 0.12901785714285716
1 0.5126931168687634 0.47048886684303354 0.020535714285714286 0.021577380952380952
0 0.7237723214285714 0.6115327380952381 0.44285714285714284 0.18110119047619047
1 0.5126861414223348 0.5810378086419753 0.020521763392857145 0.021577380952380952
0 0.7237723214285714 0.8030505952380952 0.44285714285714284 0.26145833333333335
1 0.5126861414223348 0.6915867504409172 0.020521763392857145 0.021577380952380987
