0 0.16975446428571428 0.25104166666666666 0.22142857142857142 0.0943452380952381
1 0.06267091990985048 0.18095592403628116 0.007198660714285714 0.021577380952380952
0 0.16975446428571428 0.40736607142857145 0.22142857142857142 0.08735119047619047
1 0.0645961431241362 0.3230902777777778 0.011049107142857144 0.021577380952380952
0 0.16975446428571428 0.588764880952381 0.22142857142857142 0.06651785714285714
1 0.0665213663384219 0.4652246315192744 0.014899553571428572 0.021577380952380952
0 0.39140625 0.3122767857142857 0.22142857142857142 0.08348214285714285
1 0.2944842439573125 0.18095592403628116 0.027483258928571428 0.021577380952380952
0 0.39140625 0.4011160714285714 0.22142857142857142 0.07693452380952381
1 0.2953840765465982 0.3230902777777778 0.029282924107142855 0.021577380952380952
0 0.39140625 0.575297619047619 0.22142857142857142 0.06428571428571428
1 0.2946028265465982 0.4652246315192744 0.027720424107142858 0.021577380952380952
0 0.6130580357142857 0.3009672619047619 0.22142857142857142 0.0900297619047619
1 0.5126745211297744 0.18095592403628116 0.020521763392857145 0.021577380952380952
0 0.6130580357142857 0.42470238095238094 0.22142857142857142 0.13095238095238096
1 0.5126745211297744 0.3230902777777778 0.020521763392857145 0.021577380952380952
0 0.6130580357142857 0.565327380952381 0.22142857142857142 0.18779761904761905
1 0.5126884720226316 0.4652246315192744 0.02054966517857143 0.021577380952380952
0 0.8347098214285714 0.2494047619047619 0.22142857142857142 0.2357142857142857
1 0.7343525215165222 0.18095592403628116 0.020535714285714286 0.021577380952380952
0 0.8347098214285714 0.3706845238095238 0.22142857142857142 0.12291666666666666
1 0.7343455460700936 0.3230902777777778 0.020521763392857145 0.021577380952380952
0 0.8347098214285714 0.5349702380952381 0.22142857142857142 0.09791666666666667
1 0.7343455460700936 0.4652246315192744 0.020521763392857145 0.021577380952380952
0 0.49832589285714285 0.6939732142857142 0.8785714285714286 0.09211309523809524
1 0.0645961431241362 0.6073589852607709 0.011049107142857144 0.021577380952380952
