0 0.2806919642857143 0.20223214285714286 0.44285714285714284 0.08273809523809524
1 0.06297304751642037 0.1388420414462081 0.007198660714285714 0.021577380952380952
0 0.2806919642857143 0.30825892857142856 0.44285714285714284 0.08645833333333333
1 0.06489827073070609 0.24939098324514994 0.011049107142857144 0.021577380952380952
0 0.2806919642857143 0.4485863095238095 0.44285714285714284 0.05848214285714286
1 0.0668234939449918 0.35993992504409167 0.014899553571428572 0.021577380952380952
0 0.2806919642857143 0.5714285714285714 0.44285714285714284 0.0800595238095238
1 0.07311534662356323 0.47048886684303354 0.027483258928571428 0.021577380952380952
0 0.2806919642857143 0.6485863095238096 0.44285714285714284 0.05669642857142857
1 0.07401517921284895 0.5810378086419753 0.029282924107142855 0.021577380952380952
0 0.2806919642857143 0.759077380952381 0.44285714285714284 0.06011904761904762
1 0.07323392921284894 0.6915867504409172 0.027720424107142858 0.021577380952380987
0 0.7237723214285714 0.25952380952380955 0.44285714285714284 0.12202380952380952
1 0.5126861414223348 0.1388420414462081 0.020521763392857145 0.021577380952380952
0 0.7237723214285714 0.35766369047619045 0.44285714285714284 0.1924107142857143
1 0.5126861414223348 0.24939098324514994 0.020521763392857145 0.021577380952380952
0 0.7237723214285714 0.4160714285714286 0.44285714285714284 0.24583333333333332
1 0.512700092315192 0.35993992504409167 0.02054966517857143 0.021577380952380952
0 0.7237723214285714 0.501264880952381 0.44285714285714284 0.1480654761904762
1 0.5126931168687634 0.47048886684303354 0.020535714285714286 0.021577380952380952
0 0.7237723214285714 0.6110119047619048 0.44285714285714284 0.14821428571428572
1 0.5126861414223348 0.5810378086419753 0.020521763392857145 0.021577380952380952
0 0.7237723214285714 0.7435267857142858 0.44285714285714284 0.109375
1 0.5126861414223348 0.6915867504409172 0.020521763392857145 0.021577380952380987
