0 0.16975446428571428 0.28407738095238094 0.22142857142857142 0.0761904761904762
1 0.06267091990985048 0.18095592403628116 0.007198660714285714 0.021577380952380952
0 0.16975446428571428 0.3952380952380952 0.22142857142857142 0.11577380952380953
1 0.0645961431241362 0.3230902777777778 0.011049107142857144 0.021577380952380952
0 0.16975446428571428 0.5438988095238095 0.22142857142857142 0.1005952380952381
1 0.0665213663384219 0.4652246315192744 0.014899553571428572 0.021577380952380952
0 0.39140625 0.29933035714285716 0.22142857142857142 0.08258928571428571
1 0.2944842439573125 0.18095592403628116 0.027483258928571428 0.021577380952380952
0 0.39140625 0.43898809523809523 0.22142857142857142 0.05952380952380952
1 0.2953840765465982 0.3230902777777778 0.029282924107142855 0.021577380952380952
0 0.39140625 0.5419642857142857 0.22142857142857142 0.10297619047619047
1 0.2946028265465982 0.4652246315192744 0.027720424107142858 0.021577380952380952
0 0.6130580357142857 0.30558035714285714 0.22142857142857142 0.08526785714285715
1 0.5126745211297744 0.18095592403628116 0.020521763392857145 0.021577380952380952
0 0.6130580357142857 0.47604166666666664 0.22142857142857142 0.21279761904761904
1 0.5126745211297744 0.3230902777777778 0.020521763392857145 0.021577380952380952
0 0.6130580357142857 0.5921875 0.22142857142857142 0.16294642857142858
1 0.5126884720226316 0.4652246315192744 0.02054966517857143 0.021577380952380952
0 0.8347098214285714 0.22648809523809524 0.22142857142857142 0.2794642857142857
1 0.7343525215165222 0.18095592403628116 0.020535714285714286 0.021577380952380952
0 0.8347098214285714 0.3659970238095238 0.22142857142857142 0.2212797619047619
1 0.7343455460700936 0.3230902777777778 0.020521763392857145 0.021577380952380952
0 0.8347098214285714 0.5270089285714286 0.22142857142857142 0.13616071428571427
1 0.7343455460700936 0.4652246315192744 0.020521763392857145 0.021577380952380952
0 0.49832589285714285 0.6796130952380952 0.8785714285714286 0.11577380952380953
1 0.0645961431241362 0.6073589852607709 0.011049107142857144 0.021577380952380952
