0 0.2806919642857143 0.20305059523809524 0.44285714285714284 0.0662202380952381
1 0.06297304751642037 0.1388420414462081 0.007198660714285714 0.021577380952380952
0 0.2806919642857143 0.30044642857142856 0.44285714285714284 0.17648809523809525
1 0.06489827073070609 0.24939098324514994 0.011049107142857144 0.021577380952380952
0 0.2806919642857143 0.42552083333333335 0.44285714285714284 0.13169642857142858
1 0.0668234939449918 0.35993992504409167 0.014899553571428572 0.021577380952380952
0 0.2806919642857143 0.578422619047619 0.44285714285714284 0.11904761904761904
1 0.07311534662356323 0.47048886684303354 0.027483258928571428 0.021577380952380952
0 0.2806919642857143 0.6646577380952381 0.44285714285714284 0.0537202380952381
1 0.07401517921284895 0.5810378086419753 0.029282924107142855 0.021577380952380952
0 0.2806919642857143 0.7506696428571429 0.44285714285714284 0.15223214285714284
1 0.07323392921284894 0.6915867504409172 0.027720424107142858 0.021577380952380987
0 0.7237723214285714 0.24129464285714286 0.44285714285714284 0.10699404761904761
1 0.5126861414223348 0.1388420414462081 0.020521763392857145 0.021577380952380952
0 0.7237723214285714 0.3542410714285714 0.44285714285714284 0.13199404761904762
1 0.5126861414223348 0.24939098324514994 0.020521763392857145 0.021577380952380952
0 0.7237723214285714 0.4297619047619048 0.44285714285714284 0.11964285714285715
1 0.512700092315192 0.35993992504409167 0.02054966517857143 0.021577380952380952
0 0.7237723214285714 0.49449404761904764 0.44285714285714284 0.17113095238095238
1 0.5126931168687634 0.47048886684303354 0.020535714285714286 0.021577380952380952
0 0.7237723214285714 0.6232142857142857 0.44285714285714284 0.12916666666666668
1 0.5126861414223348 0.5810378086419753 0.020521763392857145 0.021577380952380952
0 0.7237723214285714 0.746875 0.44285714285714284 0.09553571428571428
1 0.5126861414223348 0.6915867504409172 0.020521763392857145 0.021577380952380987
