0 0.2806919642857143 0.21793154761904762 0.44285714285714284 0.029017857142857144
1 0.06297304751642037 0.1388420414462081 0.007198660714285714 0.021577380952380952
0 0.2806919642857143 0.33125 0.44285714285714284 0.09672619047619048
1 0.06489827073070609 0.24939098324514994 0.011049107142857144 0.021577380952380952
0 0.2806919642857143 0.43779761904761905 0.44285714285714284 0.09464285714285714
1 0.0668234939449918 0.35993992504409167 0.014899553571428572 0.021577380952380952
0 0.2806919642857143 0.5505952380952381 0.44285714285714284 0.05178571428571429
1 0.07311534662356323 0.47048886684303354 0.027483258928571428 0.021577380952380952
0 0.2806919642857143 0.6657738095238095 0.44285714285714284 0.05178571428571429
1 0.07401517921284895 0.5810378086419753 0.029282924107142855 0.021577380952380952
0 0.2806919642857143 0.7712797619047619 0.44285714285714284 0.09523809523809523
1 0.07323392921284894 0.6915867504409172 0.027720424107142858 0.021577380952380987
0 0.7237723214285714 0.2203125 0.44285714285714284 0.06205357142857143
1 0.5126861414223348 0.1388420414462081 0.020521763392857145 0.021577380952380952
0 0.7237723214285714 0.337202380952381 0.44285714285714284 0.06904761904761905
1 0.5126861414223348 0.24939098324514994 0.020521763392857145 0.021577380952380952
0 0.7237723214285714 0.4850446428571429 0.44285714285714284 0.13645833333333332
1 0.512700092315192 0.35993992504409167 0.02054966517857143 0.021577380952380952
0 0.7237723214285714 0.5770833333333333 0.44285714285714284 0.14910714285714285
1 0.5126931168687634 0.47048886684303354 0.020535714285714286 0.021577380952380952
0 0.7237723214285714 0.6595982142857143 0.44285714285714284 0.17038690476190477
1 0.5126861414223348 0.5810378086419753 0.020521763392857145 0.021577380952380952
0 0.7237723214285714 0.7616071428571428 0.44285714285714284 0.26011904761904764
1 0.5126861414223348 0.6915867504409172 0.020521763392857145 0.021577380952380987
