0 0.5022879464285714 0.11904761904761904 0.8856026785714286 0.04375
1 0.0631253166160081 0.07988260582010584 0.007198660714285714 0.021577380952380952
0 0.5022879464285714 0.16711309523809523 0.8856026785714286 0.08958333333333333
1 0.06505053983029382 0.1462119708994709 0.011049107142857144 0.021577380952380952
0 0.5022879464285714 0.23802083333333332 0.8856026785714286 0.08020833333333334
1 0.06697576304457953 0.21254133597883595 0.014899553571428572 0.021577380952380952
0 0.5022879464285714 0.34866071428571427 0.8856026785714286 0.05505952380952381
1 0.07326761572315096 0.27887070105820105 0.027483258928571428 0.021577380952380952
0 0.5022879464285714 0.4016369047619048 0.8856026785714286 0.05386904761904762
1 0.07416744831243667 0.3452000661375661 0.029282924107142855 0.021577380952380952
0 0.5022879464285714 0.43392857142857144 0.8856026785714286 0.08303571428571428
1 0.07338619831243667 0.41152943121693125 0.027720424107142858 0.021577380952380952
0 0.5022879464285714 0.5614583333333333 0.8856026785714286 0.11190476190476191
1 0.06978686795529382 0.4778587962962963 0.020521763392857145 0.021577380952380952
0 0.5022879464285714 0.6332589285714286 0.8856026785714286 0.1605654761904762
1 0.06978686795529382 0.5441881613756614 0.020521763392857145 0.021577380952380952
0 0.5022879464285714 0.6957589285714286 0.8856026785714286 0.1575892857142857
1 0.06980081884815097 0.6105175264550264 0.02054966517857143 0.021577380952380952
0 0.5022879464285714 0.6886904761904762 0.8856026785714286 0.11011904761904762
1 0.06979384340172239 0.6768468915343916 0.020535714285714286 0.021577380952380952
0 0.5022879464285714 0.7576636904761904 0.8856026785714286 0.1043154761904762
1 0.06978686795529382 0.7431762566137565 0.020521763392857145 0.021577380952380952
0 0.5022879464285714 0.8347470238095238 0.8856026785714286 0.08258928571428571
1 0.06978686795529382 0.8095056216931217 0.020521763392857145 0.021577380952380952
