0 0.16975446428571428 0.2714285714285714 0.22142857142857142 0.04880952380952381
1 0.06267091990985048 0.18095592403628116 0.007198660714285714 0.021577380952380952
0 0.16975446428571428 0.4005208333333333 0.22142857142857142 0.08139880952380953
1 0.0645961431241362 0.3230902777777778 0.011049107142857144 0.021577380952380952
0 0.16975446428571428 0.5561011904761904 0.22142857142857142 0.04583333333333333
1 0.0665213663384219 0.4652246315192744 0.014899553571428572 0.021577380952380952
0 0.39140625 0.30431547619047616 0.22142857142857142 0.0625
1 0.2944842439573125 0.18095592403628116 0.027483258928571428 0.021577380952380952
0 0.39140625 0.42872023809523807 0.22142857142857142 0.02261904761904762
1 0.2953840765465982 0.3230902777777778 0.029282924107142855 0.021577380952380952
0 0.39140625 0.5499255952380953 0.22142857142857142 0.061755952380952384
1 0.2946028265465982 0.4652246315192744 0.027720424107142858 0.021577380952380952
0 0.6130580357142857 0.3074404761904762 0.22142857142857142 0.0744047619047619
1 0.5126745211297744 0.18095592403628116 0.020521763392857145 0.021577380952380952
0 0.6130580357142857 0.4636904761904762 0.22142857142857142 0.11785714285714285
1 0.5126745211297744 0.3230902777777778 0.020521763392857145 0.021577380952380952
0 0.6130580357142857 0.6166666666666667 0.22142857142857142 0.14851190476190476
1 0.5126884720226316 0.4652246315192744 0.02054966517857143 0.021577380952380952
0 0.8347098214285714 0.2761160714285714 0.22142857142857142 0.1956845238095238
1 0.7343525215165222 0.18095592403628116 0.020535714285714286 0.021577380952380952
0 0.8347098214285714 0.39375 0.22142857142857142 0.12232142857142857
1 0.7343455460700936 0.3230902777777778 0.020521763392857145 0.021577380952380952
0 0.8347098214285714 0.5382440476190476 0.22142857142857142 0.09047619047619047
1 0.7343455460700936 0.4652246315192744 0.020521763392857145 0.021577380952380952
0 0.49832589285714285 0.6886904761904762 0.8785714285714286 0.09077380952380952
1 0.0645961431241362 0.6073589852607709 0.011049107142857144 0.021577380952380952
