0 0.5022879464285714 0.11220238095238096 0.8856026785714286 0.06279761904761905
1 0.0631253166160081 0.07988260582010584 0.007198660714285714 0.021577380952380952
0 0.5022879464285714 0.1871279761904762 0.8856026785714286 0.046875
1 0.06505053983029382 0.1462119708994709 0.011049107142857144 0.021577380952380952
0 0.5022879464285714 0.2702380952380952 0.8856026785714286 0.03273809523809524
1 0.06697576304457953 0.21254133597883595 0.014899553571428572 0.021577380952380952
0 0.5022879464285714 0.3476190476190476 0.8856026785714286 0.052083333333333336
1 0.07326761572315096 0.27887070105820105 0.027483258928571428 0.021577380952380952
0 0.5022879464285714 0.384375 0.8856026785714286 0.046130952380952384
1 0.07416744831243667 0.3452000661375661 0.029282924107142855 0.021577380952380952
0 0.5022879464285714 0.4608630952380952 0.8856026785714286 0.025892857142857145
1 0.07338619831243667 0.41152943121693125 0.027720424107142858 0.021577380952380952
0 0.5022879464285714 0.5630208333333333 0.8856026785714286 0.10223214285714285
1 0.06978686795529382 0.4778587962962963 0.020521763392857145 0.021577380952380952
0 0.5022879464285714 0.6243303571428571 0.8856026785714286 0.14241071428571428
1 0.06978686795529382 0.5441881613756614 0.020521763392857145 0.021577380952380952
0 0.5022879464285714 0.6680059523809524 0.8856026785714286 0.07857142857142857
1 0.06980081884815097 0.6105175264550264 0.02054966517857143 0.021577380952380952
0 0.5022879464285714 0.7243303571428571 0.8856026785714286 0.056398809523809525
1 0.06979384340172239 0.6768468915343916 0.020535714285714286 0.021577380952380952
0 0.5022879464285714 0.7774553571428572 0.8856026785714286 0.05818452380952381
1 0.06978686795529382 0.7431762566137565 0.020521763392857145 0.021577380952380952
0 0.5022879464285714 0.8428571428571429 0.8856026785714286 0.059226190476190474
1 0.06978686795529382 0.8095056216931217 0.020521763392857145 0.021577380952380952
