0 0.16975446428571428 0.25052083333333336 0.22142857142857142 0.08467261904761905
1 0.06267091990985048 0.18095592403628116 0.007198660714285714 0.021577380952380952
0 0.16975446428571428 0.42626488095238096 0.22142857142857142 0.08883928571428572
1 0.0645961431241362 0.3230902777777778 0.011049107142857144 0.021577380952380952
0 0.16975446428571428 0.5873511904761904 0.22142857142857142 0.07589285714285714
1 0.0665213663384219 0.4652246315192744 0.014899553571428572 0.021577380952380952
0 0.39140625 0.3027529761904762 0.22142857142857142 0.0730654761904762
1 0.2944842439573125 0.18095592403628116 0.027483258928571428 0.021577380952380952
0 0.39140625 0.40029761904761907 0.22142857142857142 0.07380952380952381
1 0.2953840765465982 0.3230902777777778 0.029282924107142855 0.021577380952380952
0 0.39140625 0.5818452380952381 0.22142857142857142 0.07291666666666667
1 0.2946028265465982 0.4652246315192744 0.027720424107142858 0.021577380952380952
0 0.6130580357142857 0.3265625 0.22142857142857142 0.146875
1 0.5126745211297744 0.18095592403628116 0.020521763392857145 0.021577380952380952
0 0.6130580357142857 0.48125 0.22142857142857142 0.23660714285714285
1 0.5126745211297744 0.3230902777777778 0.020521763392857145 0.021577380952380952
0 0.6130580357142857 0.5825148809523809 0.22142857142857142 0.1337797619047619
1 0.5126884720226316 0.4652246315192744 0.02054966517857143 0.021577380952380952
0 0.8347098214285714 0.2780505952380952 0.22142857142857142 0.1212797619047619
1 0.7343525215165222 0.18095592403628116 0.020535714285714286 0.021577380952380952
0 0.8347098214285714 0.41026785714285713 0.22142857142857142 0.08422619047619048
1 0.7343455460700936 0.3230902777777778 0.020521763392857145 0.021577380952380952
0 0.8347098214285714 0.5464285714285714 0.22142857142857142 0.060714285714285714
1 0.7343455460700936 0.4652246315192744 0.020521763392857145 0.021577380952380952
0 0.49832589285714285 0.7104910714285714 0.8785714285714286 0.08883928571428572
1 0.0645961431241362 0.6073589852607709 0.011049107142857144 0.021577380952380952
