0 0.2806919642857143 0.1907738095238095 0.44285714285714284 0.09851190476190476
1 0.06297304751642037 0.1388420414462081 0.007198660714285714 0.021577380952380952
0 0.2806919642857143 0.27938988095238093 0.44285714285714284 0.14508928571428573
1 0.06489827073070609 0.24939098324514994 0.011049107142857144 0.021577380952380952
0 0.2806919642857143 0.4244047619047619 0.44285714285714284 0.07738095238095238
1 0.0668234939449918 0.35993992504409167 0.014899553571428572 0.021577380952380952
0 0.2806919642857143 0.5921875 0.44285714285714284 0.1162202380952381
1 0.07311534662356323 0.47048886684303354 0.027483258928571428 0.021577380952380952
0 0.2806919642857143 0.6551339285714286 0.44285714285714284 0.04806547619047619
1 0.07401517921284895 0.5810378086419753 0.029282924107142855 0.021577380952380952
0 0.2806919642857143 0.7388392857142857 0.44285714285714284 0.1113095238095238
1 0.07323392921284894 0.6915867504409172 0.027720424107142858 0.021577380952380987
0 0.7237723214285714 0.27633928571428573 0.44285714285714284 0.1455357142857143
1 0.5126861414223348 0.1388420414462081 0.020521763392857145 0.021577380952380952
0 0.7237723214285714 0.41688988095238094 0.44285714285714284 0.25610119047619045
1 0.5126861414223348 0.24939098324514994 0.020521763392857145 0.021577380952380952
0 0.7237723214285714 0.47745535714285714 0.44285714285714284 0.13348214285714285
1 0.512700092315192 0.35993992504409167 0.02054966517857143 0.021577380952380952
0 0.7237723214285714 0.5343005952380953 0.44285714285714284 0.10342261904761904
1 0.5126931168687634 0.47048886684303354 0.020535714285714286 0.021577380952380952
0 0.7237723214285714 0.6225446428571428 0.44285714285714284 0.12901785714285716
1 0.5126861414223348 0.5810378086419753 0.020521763392857145 0.021577380952380952
0 0.7237723214285714 0.7230654761904762 0.44285714285714284 0.13720238095238096
1 0.5126861414223348 0.6915867504409172 0.020521763392857145 0.021577380952380987
