0 0.5022879464285714 0.12425595238095238 0.8856026785714286 0.049107142857142856
1 0.0631253166160081 0.07988260582010584 0.007198660714285714 0.021577380952380952
0 0.5022879464285714 0.17507440476190475 0.8856026785714286 0.0787202380952381
1 0.06505053983029382 0.1462119708994709 0.011049107142857144 0.021577380952380952
0 0.5022879464285714 0.24627976190476192 0.8856026785714286 0.06279761904761905
1 0.06697576304457953 0.21254133597883595 0.014899553571428572 0.021577380952380952
0 0.5022879464285714 0.3482142857142857 0.8856026785714286 0.05476190476190476
1 0.07326761572315096 0.27887070105820105 0.027483258928571428 0.021577380952380952
0 0.5022879464285714 0.4043154761904762 0.8856026785714286 0.03988095238095238
1 0.07416744831243667 0.3452000661375661 0.029282924107142855 0.021577380952380952
0 0.5022879464285714 0.4429315476190476 0.8856026785714286 0.07008928571428572
1 0.07338619831243667 0.41152943121693125 0.027720424107142858 0.021577380952380952
0 0.5022879464285714 0.5480654761904762 0.8856026785714286 0.07559523809523809
1 0.06978686795529382 0.4778587962962963 0.020521763392857145 0.021577380952380952
0 0.5022879464285714 0.6283482142857143 0.8856026785714286 0.12217261904761904
1 0.06978686795529382 0.5441881613756614 0.020521763392857145 0.021577380952380952
0 0.5022879464285714 0.6755208333333333 0.8856026785714286 0.0918154761904762
1 0.06980081884815097 0.6105175264550264 0.02054966517857143 0.021577380952380952
0 0.5022879464285714 0.7029761904761904 0.8856026785714286 0.11041666666666666
1 0.06979384340172239 0.6768468915343916 0.020535714285714286 0.021577380952380952
0 0.5022879464285714 0.7540178571428572 0.8856026785714286 0.11755952380952381
1 0.06978686795529382 0.7431762566137565 0.020521763392857145 0.021577380952380952
0 0.5022879464285714 0.8291666666666667 0.8856026785714286 0.09702380952380953
1 0.06978686795529382 0.8095056216931217 0.020521763392857145 0.021577380952380952
