0 0.16975446428571428 0.246875 0.22142857142857142 0.09285714285714286
1 0.06267091990985048 0.18095592403628116 0.007198660714285714 0.021577380952380952
0 0.16975446428571428 0.39538690476190474 0.22142857142857142 0.07410714285714286
1 0.0645961431241362 0.3230902777777778 0.011049107142857144 0.021577380952380952
0 0.16975446428571428 0.5742559523809524 0.22142857142857142 0.02976190476190476
1 0.0665213663384219 0.4652246315192744 0.014899553571428572 0.021577380952380952
0 0.39140625 0.3177083333333333 0.22142857142857142 0.0818452380952381
1 0.2944842439573125 0.18095592403628116 0.027483258928571428 0.021577380952380952
0 0.39140625 0.4042410714285714 0.22142857142857142 0.060267857142857144
1 0.2953840765465982 0.3230902777777778 0.029282924107142855 0.021577380952380952
0 0.39140625 0.5549107142857143 0.22142857142857142 0.03720238095238095
1 0.2946028265465982 0.4652246315192744 0.027720424107142858 0.021577380952380952
0 0.6130580357142857 0.3001488095238095 0.22142857142857142 0.07529761904761904
1 0.5126745211297744 0.18095592403628116 0.020521763392857145 0.021577380952380952
0 0.6130580357142857 0.4289434523809524 0.22142857142857142 0.12366071428571429
1 0.5126745211297744 0.3230902777777778 0.020521763392857145 0.021577380952380952
0 0.6130580357142857 0.520907738095238 0.22142857142857142 0.17782738095238096
1 0.5126884720226316 0.4652246315192744 0.02054966517857143 0.021577380952380952
0 0.8347098214285714 0.1855654761904762 0.22142857142857142 0.25892857142857145
1 0.7343525215165222 0.18095592403628116 0.020535714285714286 0.021577380952380952
0 0.8347098214285714 0.33623511904761905 0.22142857142857142 0.22633928571428572
1 0.7343455460700936 0.3230902777777778 0.020521763392857145 0.021577380952380952
0 0.8347098214285714 0.47760416666666666 0.22142857142857142 0.23883928571428573
1 0.7343455460700936 0.4652246315192744 0.020521763392857145 0.021577380952380952
0 0.49832589285714285 0.6866071428571429 0.8785714285714286 0.08839285714285715
1 0.0645961431241362 0.6073589852607709 0.011049107142857144 0.021577380952380952
