0 0.2806919642857143 0.21889880952380952 0.44285714285714284 0.03482142857142857
1 0.06297304751642037 0.1388420414462081 0.007198660714285714 0.021577380952380952
0 0.2806919642857143 0.32410714285714287 0.44285714285714284 0.06994047619047619
1 0.06489827073070609 0.24939098324514994 0.011049107142857144 0.021577380952380952
0 0.2806919642857143 0.43846726190476193 0.44285714285714284 0.06592261904761905
1 0.0668234939449918 0.35993992504409167 0.014899553571428572 0.021577380952380952
0 0.2806919642857143 0.5601190476190476 0.44285714285714284 0.04702380952380952
1 0.07311534662356323 0.47048886684303354 0.027483258928571428 0.021577380952380952
0 0.2806919642857143 0.6640625 0.44285714285714284 0.03526785714285714
1 0.07401517921284895 0.5810378086419753 0.029282924107142855 0.021577380952380952
0 0.2806919642857143 0.7691964285714286 0.44285714285714284 0.06607142857142857
1 0.07323392921284894 0.6915867504409172 0.027720424107142858 0.021577380952380987
0 0.7237723214285714 0.2710565476190476 0.44285714285714284 0.1394345238095238
1 0.5126861414223348 0.1388420414462081 0.020521763392857145 0.021577380952380952
0 0.7237723214285714 0.41376488095238095 0.44285714285714284 0.240625
1 0.5126861414223348 0.24939098324514994 0.020521763392857145 0.021577380952380952
0 0.7237723214285714 0.507514880952381 0.44285714285714284 0.20461309523809523
1 0.512700092315192 0.35993992504409167 0.02054966517857143 0.021577380952380952
0 0.7237723214285714 0.5871279761904762 0.44285714285714284 0.12247023809523809
1 0.5126931168687634 0.47048886684303354 0.020535714285714286 0.021577380952380952
0 0.7237723214285714 0.6691964285714286 0.44285714285714284 0.037797619047619045
1 0.5126861414223348 0.5810378086419753 0.020521763392857145 0.021577380952380952
0 0.7237723214285714 0.7531994047619047 0.44285714285714284 0.08675595238095238
1 0.5126861414223348 0.6915867504409172 0.020521763392857145 0.021577380952380987
