0 0.5022879464285714 0.1212797619047619 0.8856026785714286 0.05
1 0.0631253166160081 0.07988260582010584 0.007198660714285714 0.021577380952380952
0 0.5022879464285714 0.2050595238095238 0.8856026785714286 0.03898809523809524
1 0.06505053983029382 0.1462119708994709 0.011049107142857144 0.021577380952380952
0 0.5022879464285714 0.28563988095238096 0.8856026785714286 0.06979166666666667
1 0.06697576304457953 0.21254133597883595 0.014899553571428572 0.021577380952380952
0 0.5022879464285714 0.33177083333333335 0.8856026785714286 0.024553571428571428
1 0.07326761572315096 0.27887070105820105 0.027483258928571428 0.021577380952380952
0 0.5022879464285714 0.38035714285714284 0.8856026785714286 0.05654761904761905
1 0.07416744831243667 0.3452000661375661 0.029282924107142855 0.021577380952380952
0 0.5022879464285714 0.4779017857142857 0.8856026785714286 0.05163690476190476
1 0.07338619831243667 0.41152943121693125 0.027720424107142858 0.021577380952380952
0 0.5022879464285714 0.5367559523809524 0.8856026785714286 0.025892857142857145
1 0.06978686795529382 0.4778587962962963 0.020521763392857145 0.021577380952380952
0 0.5022879464285714 0.5865327380952381 0.8856026785714286 0.05699404761904762
1 0.06978686795529382 0.5441881613756614 0.020521763392857145 0.021577380952380952
0 0.5022879464285714 0.6436011904761905 0.8856026785714286 0.11190476190476191
1 0.06980081884815097 0.6105175264550264 0.02054966517857143 0.021577380952380952
0 0.5022879464285714 0.7102678571428571 0.8856026785714286 0.0869047619047619
1 0.06979384340172239 0.6768468915343916 0.020535714285714286 0.021577380952380952
0 0.5022879464285714 0.7813244047619048 0.8856026785714286 0.05580357142857143
1 0.06978686795529382 0.7431762566137565 0.020521763392857145 0.021577380952380952
0 0.5022879464285714 0.8550595238095238 0.8856026785714286 0.033928571428571426
1 0.06978686795529382 0.8095056216931217 0.020521763392857145 0.021577380952380952
