0 0.16975446428571428 0.24441964285714285 0.22142857142857142 0.1043154761904762
1 0.06267091990985048 0.18095592403628116 0.007198660714285714 0.021577380952380952
0 0.16975446428571428 0.3743303571428571 0.22142857142857142 0.1438988095238095
1 0.0645961431241362 0.3230902777777778 0.011049107142857144 0.021577380952380952
0 0.16975446428571428 0.5578869047619047 0.22142857142857142 0.05386904761904762
1 0.0665213663384219 0.4652246315192744 0.014899553571428572 0.021577380952380952
0 0.39140625 0.3307291666666667 0.22142857142857142 0.11919642857142858
1 0.2944842439573125 0.18095592403628116 0.027483258928571428 0.021577380952380952
0 0.39140625 0.4120535714285714 0.22142857142857142 0.05863095238095238
1 0.2953840765465982 0.3230902777777778 0.029282924107142855 0.021577380952380952
0 0.39140625 0.5372023809523809 0.22142857142857142 0.0988095238095238
1 0.2946028265465982 0.4652246315192744 0.027720424107142858 0.021577380952380952
0 0.6130580357142857 0.3177083333333333 0.22142857142857142 0.11339285714285714
1 0.5126745211297744 0.18095592403628116 0.020521763392857145 0.021577380952380952
0 0.6130580357142857 0.4830357142857143 0.22142857142857142 0.21160714285714285
1 0.5126745211297744 0.3230902777777778 0.020521763392857145 0.021577380952380952
0 0.6130580357142857 0.5833333333333334 0.22142857142857142 0.1074404761904762
1 0.5126884720226316 0.4652246315192744 0.02054966517857143 0.021577380952380952
0 0.8347098214285714 0.2505952380952381 0.22142857142857142 0.15595238095238095
1 0.7343525215165222 0.18095592403628116 0.020535714285714286 0.021577380952380952
0 0.8347098214285714 0.38132440476190477 0.22142857142857142 0.16532738095238095
1 0.7343455460700936 0.3230902777777778 0.020521763392857145 0.021577380952380952
0 0.8347098214285714 0.5134672619047619 0.22142857142857142 0.159375
1 0.7343455460700936 0.4652246315192744 0.020521763392857145 0.021577380952380952
0 0.49832589285714285 0.6609375 0.8785714285714286 0.14836309523809524
1 0.0645961431241362 0.6073589852607709 0.011049107142857144 0.021577380952380952
