0 0.5022879464285714 0.11763392857142857 0.8856026785714286 0.050148809523809526
1 0.0631253166160081 0.07988260582010584 0.007198660714285714 0.021577380952380952
0 0.5022879464285714 0.18303571428571427 0.8856026785714286 0.054464285714285715
1 0.06505053983029382 0.1462119708994709 0.011049107142857144 0.021577380952380952
0 0.5022879464285714 0.26086309523809526 0.8856026785714286 0.03898809523809524
1 0.06697576304457953 0.21254133597883595 0.014899553571428572 0.021577380952380952
0 0.5022879464285714 0.34546130952380955 0.8856026785714286 0.04717261904761905
1 0.07326761572315096 0.27887070105820105 0.027483258928571428 0.021577380952380952
0 0.5022879464285714 0.39032738095238095 0.8856026785714286 0.04017857142857143
1 0.07416744831243667 0.3452000661375661 0.029282924107142855 0.021577380952380952
0 0.5022879464285714 0.4549107142857143 0.8856026785714286 0.04255952380952381
1 0.07338619831243667 0.41152943121693125 0.027720424107142858 0.021577380952380952
0 0.5022879464285714 0.5462053571428571 0.8856026785714286 0.06205357142857143
1 0.06978686795529382 0.4778587962962963 0.020521763392857145 0.021577380952380952
0 0.5022879464285714 0.6147321428571428 0.8856026785714286 0.0886904761904762
1 0.06978686795529382 0.5441881613756614 0.020521763392857145 0.021577380952380952
0 0.5022879464285714 0.6750744047619047 0.8856026785714286 0.07723214285714286
1 0.06980081884815097 0.6105175264550264 0.02054966517857143 0.021577380952380952
0 0.5022879464285714 0.7323660714285715 0.8856026785714286 0.08705357142857142
1 0.06979384340172239 0.6768468915343916 0.020535714285714286 0.021577380952380952
0 0.5022879464285714 0.7761160714285714 0.8856026785714286 0.07276785714285715
1 0.06978686795529382 0.7431762566137565 0.020521763392857145 0.021577380952380952
0 0.5022879464285714 0.8372767857142858 0.8856026785714286 0.07068452380952381
1 0.06978686795529382 0.8095056216931217 0.020521763392857145 0.021577380952380952
