0 0.16975446428571428 0.2798363095238095 0.22142857142857142 0.10133928571428572
1 0.06267091990985048 0.18095592403628116 0.007198660714285714 0.021577380952380952
0 0.16975446428571428 0.4138392857142857 0.22142857142857142 0.11696428571428572
1 0.0645961431241362 0.3230902777777778 0.011049107142857144 0.021577380952380952
0 0.16975446428571428 0.5647321428571429 0.22142857142857142 0.04880952380952381
1 0.0665213663384219 0.4652246315192744 0.014899553571428572 0.021577380952380952
0 0.39140625 0.2921875 0.22142857142857142 0.10848214285714286
1 0.2944842439573125 0.18095592403628116 0.027483258928571428 0.021577380952380952
0 0.39140625 0.428422619047619 0.22142857142857142 0.04970238095238095
1 0.2953840765465982 0.3230902777777778 0.029282924107142855 0.021577380952380952
0 0.39140625 0.5567708333333333 0.22142857142857142 0.0730654761904762
1 0.2946028265465982 0.4652246315192744 0.027720424107142858 0.021577380952380952
0 0.6130580357142857 0.31614583333333335 0.22142857142857142 0.08913690476190476
1 0.5126745211297744 0.18095592403628116 0.020521763392857145 0.021577380952380952
0 0.6130580357142857 0.45982142857142855 0.22142857142857142 0.16071428571428573
1 0.5126745211297744 0.3230902777777778 0.020521763392857145 0.021577380952380952
0 0.6130580357142857 0.5730654761904762 0.22142857142857142 0.15327380952380953
1 0.5126884720226316 0.4652246315192744 0.02054966517857143 0.021577380952380952
0 0.8347098214285714 0.2604166666666667 0.22142857142857142 0.1619047619047619
1 0.7343525215165222 0.18095592403628116 0.020535714285714286 0.021577380952380952
0 0.8347098214285714 0.39791666666666664 0.22142857142857142 0.15178571428571427
1 0.7343455460700936 0.3230902777777778 0.020521763392857145 0.021577380952380952
0 0.8347098214285714 0.5380952380952381 0.22142857142857142 0.1306547619047619
1 0.7343455460700936 0.4652246315192744 0.020521763392857145 0.021577380952380952
0 0.49832589285714285 0.6982142857142857 0.8785714285714286 0.11696428571428572
1 0.0645961431241362 0.6073589852607709 0.011049107142857144 0.021577380952380952
