0 0.2806919642857143 0.22760416666666666 0.44285714285714284 0.04747023809523809
1 0.06297304751642037 0.1388420414462081 0.007198660714285714 0.021577380952380952
0 0.2806919642857143 0.28876488095238095 0.44285714285714284 0.14508928571428573
1 0.06489827073070609 0.24939098324514994 0.011049107142857144 0.021577380952380952
0 0.2806919642857143 0.39754464285714286 0.44285714285714284 0.13229166666666667
1 0.0668234939449918 0.35993992504409167 0.014899553571428572 0.021577380952380952
0 0.2806919642857143 0.571577380952381 0.44285714285714284 0.08422619047619048
1 0.07311534662356323 0.47048886684303354 0.027483258928571428 0.021577380952380952
0 0.2806919642857143 0.6863839285714286 0.44285714285714284 0.07455357142857143
1 0.07401517921284895 0.5810378086419753 0.029282924107142855 0.021577380952380952
0 0.2806919642857143 0.7291666666666666 0.44285714285714284 0.13690476190476192
1 0.07323392921284894 0.6915867504409172 0.027720424107142858 0.021577380952380987
0 0.7237723214285714 0.2486607142857143 0.44285714285714284 0.09464285714285714
1 0.5126861414223348 0.1388420414462081 0.020521763392857145 0.021577380952380952
0 0.7237723214285714 0.3957589285714286 0.44285714285714284 0.2444940476190476
1 0.5126861414223348 0.24939098324514994 0.020521763392857145 0.021577380952380952
0 0.7237723214285714 0.4179315476190476 0.44285714285714284 0.1275297619047619
1 0.512700092315192 0.35993992504409167 0.02054966517857143 0.021577380952380952
0 0.7237723214285714 0.5038690476190476 0.44285714285714284 0.1392857142857143
1 0.5126931168687634 0.47048886684303354 0.020535714285714286 0.021577380952380952
0 0.7237723214285714 0.6205357142857143 0.44285714285714284 0.13363095238095238
1 0.5126861414223348 0.5810378086419753 0.020521763392857145 0.021577380952380952
0 0.7237723214285714 0.7378720238095238 0.44285714285714284 0.1037202380952381
1 0.5126861414223348 0.6915867504409172 0.020521763392857145 0.021577380952380987
