0 0.16975446428571428 0.2527529761904762 0.22142857142857142 0.10282738095238095
1 0.06267091990985048 0.18095592403628116 0.007198660714285714 0.021577380952380952
0 0.16975446428571428 0.415327380952381 0.22142857142857142 0.06488095238095239
1 0.0645961431241362 0.3230902777777778 0.011049107142857144 0.021577380952380952
0 0.16975446428571428 0.5883928571428572 0.22142857142857142 0.06458333333333334
1 0.0665213663384219 0.4652246315192744 0.014899553571428572 0.021577380952380952
0 0.39140625 0.30513392857142857 0.22142857142857142 0.07425595238095238
1 0.2944842439573125 0.18095592403628116 0.027483258928571428 0.021577380952380952
0 0.39140625 0.40014880952380955 0.22142857142857142 0.08214285714285714
1 0.2953840765465982 0.3230902777777778 0.029282924107142855 0.021577380952380952
0 0.39140625 0.5735863095238095 0.22142857142857142 0.03705357142857143
1 0.2946028265465982 0.4652246315192744 0.027720424107142858 0.021577380952380952
0 0.6130580357142857 0.3025297619047619 0.22142857142857142 0.07172619047619047
1 0.5126745211297744 0.18095592403628116 0.020521763392857145 0.021577380952380952
0 0.6130580357142857 0.46339285714285716 0.22142857142857142 0.1351190476190476
1 0.5126745211297744 0.3230902777777778 0.020521763392857145 0.021577380952380952
0 0.6130580357142857 0.5898809523809524 0.22142857142857142 0.19166666666666668
1 0.5126884720226316 0.4652246315192744 0.02054966517857143 0.021577380952380952
0 0.8347098214285714 0.26651785714285714 0.22142857142857142 0.16458333333333333
1 0.7343525215165222 0.18095592403628116 0.020535714285714286 0.021577380952380952
0 0.8347098214285714 0.40394345238095236 0.22142857142857142 0.12068452380952381
1 0.7343455460700936 0.3230902777777778 0.020521763392857145 0.021577380952380952
0 0.8347098214285714 0.5386904761904762 0.22142857142857142 0.0875
1 0.7343455460700936 0.4652246315192744 0.020521763392857145 0.021577380952380952
0 0.49832589285714285 0.6924107142857143 0.8785714285714286 0.08452380952380953
1 0.0645961431241362 0.6073589852607709 0.011049107142857144 0.021577380952380952
