0 0.5022879464285714 0.11927083333333334 0.8856026785714286 0.05818452380952381
1 0.0631253166160081 0.07988260582010584 0.007198660714285714 0.021577380952380952
0 0.5022879464285714 0.1972470238095238 0.8856026785714286 0.03943452380952381
1 0.06505053983029382 0.1462119708994709 0.011049107142857144 0.021577380952380952
0 0.5022879464285714 0.27120535714285715 0.8856026785714286 0.05282738095238095
1 0.06697576304457953 0.21254133597883595 0.014899553571428572 0.021577380952380952
0 0.5022879464285714 0.3392113095238095 0.8856026785714286 0.042708333333333334
1 0.07326761572315096 0.27887070105820105 0.027483258928571428 0.021577380952380952
0 0.5022879464285714 0.3886160714285714 0.8856026785714286 0.05461309523809524
1 0.07416744831243667 0.3452000661375661 0.029282924107142855 0.021577380952380952
0 0.5022879464285714 0.46458333333333335 0.8856026785714286 0.03363095238095238
1 0.07338619831243667 0.41152943121693125 0.027720424107142858 0.021577380952380952
0 0.5022879464285714 0.5328125 0.8856026785714286 0.04598214285714286
1 0.06978686795529382 0.4778587962962963 0.020521763392857145 0.021577380952380952
0 0.5022879464285714 0.5938988095238096 0.8856026785714286 0.08273809523809524
1 0.06978686795529382 0.5441881613756614 0.020521763392857145 0.021577380952380952
0 0.5022879464285714 0.6359375 0.8856026785714286 0.11175595238095239
1 0.06980081884815097 0.6105175264550264 0.02054966517857143 0.021577380952380952
0 0.5022879464285714 0.6973958333333333 0.8856026785714286 0.12247023809523809
1 0.06979384340172239 0.6768468915343916 0.020535714285714286 0.021577380952380952
0 0.5022879464285714 0.7756696428571429 0.8856026785714286 0.06949404761904762
1 0.06978686795529382 0.7431762566137565 0.020521763392857145 0.021577380952380952
0 0.5022879464285714 0.8509672619047619 0.8856026785714286 0.04568452380952381
1 0.06978686795529382 0.8095056216931217 0.020521763392857145 0.021577380952380952
