0 0.2806919642857143 0.1953125 0.44285714285714284 0.08616071428571428
1 0.06297304751642037 0.1388420414462081 0.007198660714285714 0.021577380952380952
0 0.2806919642857143 0.30223214285714284 0.44285714285714284 0.0988095238095238
1 0.06489827073070609 0.24939098324514994 0.011049107142857144 0.021577380952380952
0 0.2806919642857143 0.43794642857142857 0.44285714285714284 0.04791666666666667
1 0.0668234939449918 0.35993992504409167 0.014899553571428572 0.021577380952380952
0 0.2806919642857143 0.5814732142857143 0.44285714285714284 0.08616071428571428
1 0.07311534662356323 0.47048886684303354 0.027483258928571428 0.021577380952380952
0 0.2806919642857143 0.6573660714285714 0.44285714285714284 0.05699404761904762
1 0.07401517921284895 0.5810378086419753 0.029282924107142855 0.021577380952380952
0 0.2806919642857143 0.7568452380952381 0.44285714285714284 0.06785714285714285
1 0.07323392921284894 0.6915867504409172 0.027720424107142858 0.021577380952380987
0 0.7237723214285714 0.24910714285714286 0.44285714285714284 0.08452380952380953
1 0.5126861414223348 0.1388420414462081 0.020521763392857145 0.021577380952380952
0 0.7237723214285714 0.3898065476190476 0.44285714285714284 0.15610119047619048
1 0.5126861414223348 0.24939098324514994 0.020521763392857145 0.021577380952380952
0 0.7237723214285714 0.4407738095238095 0.44285714285714284 0.03869047619047619
1 0.512700092315192 0.35993992504409167 0.02054966517857143 0.021577380952380952
0 0.7237723214285714 0.528125 0.44285714285714284 0.07648809523809524
1 0.5126931168687634 0.47048886684303354 0.020535714285714286 0.021577380952380952
0 0.7237723214285714 0.5979910714285714 0.44285714285714284 0.33169642857142856
1 0.5126861414223348 0.5810378086419753 0.020521763392857145 0.021577380952380952
0 0.7237723214285714 0.7301339285714286 0.44285714285714284 0.12366071428571429
1 0.5126861414223348 0.6915867504409172 0.020521763392857145 0.021577380952380987
