0 0.16975446428571428 0.2532738095238095 0.22142857142857142 0.09494047619047619
1 0.06267091990985048 0.18095592403628116 0.007198660714285714 0.021577380952380952
0 0.16975446428571428 0.41376488095238095 0.22142857142857142 0.0537202380952381
1 0.0645961431241362 0.3230902777777778 0.011049107142857144 0.021577380952380952
0 0.16975446428571428 0.5835565476190476 0.22142857142857142 0.05520833333333333
1 0.0665213663384219 0.4652246315192744 0.014899553571428572 0.021577380952380952
0 0.39140625 0.3061011904761905 0.22142857142857142 0.07380952380952381
1 0.2944842439573125 0.18095592403628116 0.027483258928571428 0.021577380952380952
0 0.39140625 0.40245535714285713 0.22142857142857142 0.07157738095238095
1 0.2953840765465982 0.3230902777777778 0.029282924107142855 0.021577380952380952
0 0.39140625 0.5673363095238095 0.22142857142857142 0.023958333333333335
1 0.2946028265465982 0.4652246315192744 0.027720424107142858 0.021577380952380952
0 0.6130580357142857 0.3098214285714286 0.22142857142857142 0.12976190476190477
1 0.5126745211297744 0.18095592403628116 0.020521763392857145 0.021577380952380952
0 0.6130580357142857 0.4537946428571429 0.22142857142857142 0.1581845238095238
1 0.5126745211297744 0.3230902777777778 0.020521763392857145 0.021577380952380952
0 0.6130580357142857 0.584375 0.22142857142857142 0.11845238095238095
1 0.5126884720226316 0.4652246315192744 0.02054966517857143 0.021577380952380952
0 0.8347098214285714 0.27061011904761906 0.22142857142857142 0.08675595238095238
1 0.7343525215165222 0.18095592403628116 0.020535714285714286 0.021577380952380952
0 0.8347098214285714 0.40788690476190476 0.22142857142857142 0.09672619047619048
1 0.7343455460700936 0.3230902777777778 0.020521763392857145 0.021577380952380952
0 0.8347098214285714 0.5456845238095238 0.22142857142857142 0.07113095238095238
1 0.7343455460700936 0.4652246315192744 0.020521763392857145 0.021577380952380952
0 0.49832589285714285 0.6944940476190476 0.8785714285714286 0.06101190476190476
1 0.0645961431241362 0.6073589852607709 0.011049107142857144 0.021577380952380952
