0 0.2806919642857143 0.1859375 0.44285714285714284 0.10074404761904762
1 0.06297304751642037 0.1388420414462081 0.007198660714285714 0.021577380952380952
0 0.2806919642857143 0.31741071428571427 0.44285714285714284 0.08541666666666667
1 0.06489827073070609 0.24939098324514994 0.011049107142857144 0.021577380952380952
0 0.2806919642857143 0.4652529761904762 0.44285714285714284 0.09389880952380952
1 0.0668234939449918 0.35993992504409167 0.014899553571428572 0.021577380952380952
0 0.2806919642857143 0.5769345238095238 0.44285714285714284 0.08125
1 0.07311534662356323 0.47048886684303354 0.027483258928571428 0.021577380952380952
0 0.2806919642857143 0.6357142857142857 0.44285714285714284 0.08244047619047619
1 0.07401517921284895 0.5810378086419753 0.029282924107142855 0.021577380952380952
0 0.2806919642857143 0.7790922619047619 0.44285714285714284 0.06473214285714286
1 0.07323392921284894 0.6915867504409172 0.027720424107142858 0.021577380952380987
0 0.7237723214285714 0.25617559523809524 0.44285714285714284 0.09598214285714286
1 0.5126861414223348 0.1388420414462081 0.020521763392857145 0.021577380952380952
0 0.7237723214285714 0.3586309523809524 0.44285714285714284 0.19375
1 0.5126861414223348 0.24939098324514994 0.020521763392857145 0.021577380952380952
0 0.7237723214285714 0.4545386904761905 0.44285714285714284 0.12098214285714286
1 0.512700092315192 0.35993992504409167 0.02054966517857143 0.021577380952380952
0 0.7237723214285714 0.5190476190476191 0.44285714285714284 0.15773809523809523
1 0.5126931168687634 0.47048886684303354 0.020535714285714286 0.021577380952380952
0 0.7237723214285714 0.6121279761904762 0.44285714285714284 0.16592261904761904
1 0.5126861414223348 0.5810378086419753 0.020521763392857145 0.021577380952380952
0 0.7237723214285714 0.710639880952381 0.44285714285714284 0.1549107142857143
1 0.5126861414223348 0.6915867504409172 0.020521763392857145 0.021577380952380987
