0 0.16975446428571428 0.24464285714285713 0.22142857142857142 0.13214285714285715
1 0.06267091990985048 0.18095592403628116 0.007198660714285714 0.021577380952380952
0 0.16975446428571428 0.4239583333333333 0.22142857142857142 0.08035714285714286
1 0.0645961431241362 0.3230902777777778 0.011049107142857144 0.021577380952380952
0 0.16975446428571428 0.5960565476190476 0.22142857142857142 0.084375
1 0.0665213663384219 0.4652246315192744 0.014899553571428572 0.021577380952380952
0 0.39140625 0.3040178571428571 0.22142857142857142 0.10357142857142858
1 0.2944842439573125 0.18095592403628116 0.027483258928571428 0.021577380952380952
0 0.39140625 0.3880952380952381 0.22142857142857142 0.0988095238095238
1 0.2953840765465982 0.3230902777777778 0.029282924107142855 0.021577380952380952
0 0.39140625 0.5741815476190476 0.22142857142857142 0.040625
1 0.2946028265465982 0.4652246315192744 0.027720424107142858 0.021577380952380952
0 0.6130580357142857 0.31748511904761906 0.22142857142857142 0.09806547619047619
1 0.5126745211297744 0.18095592403628116 0.020521763392857145 0.021577380952380952
0 0.6130580357142857 0.5053571428571428 0.22142857142857142 0.19642857142857142
1 0.5126745211297744 0.3230902777777778 0.020521763392857145 0.021577380952380952
0 0.6130580357142857 0.6737351190476191 0.22142857142857142 0.278125
1 0.5126884720226316 0.4652246315192744 0.02054966517857143 0.021577380952380952
0 0.8347098214285714 0.3146577380952381 0.22142857142857142 0.12157738095238095
1 0.7343525215165222 0.18095592403628116 0.020535714285714286 0.021577380952380952
0 0.8347098214285714 0.41116071428571427 0.22142857142857142 0.1449404761904762
1 0.7343455460700936 0.3230902777777778 0.020521763392857145 0.021577380952380952
0 0.8347098214285714 0.5109375 0.22142857142857142 0.22514880952380953
1 0.7343455460700936 0.4652246315192744 0.020521763392857145 0.021577380952380952
0 0.49832589285714285 0.7047619047619048 0.8785714285714286 0.08988095238095238
1 0.0645961431241362 0.6073589852607709 0.011049107142857144 0.021577380952380952
