0 0.16975446428571428 0.2500744047619048 0.22142857142857142 0.12574404761904762
1 0.06267091990985048 0.18095592403628116 0.007198660714285714 0.021577380952380952
0 0.16975446428571428 0.42671130952380953 0.22142857142857142 0.06651785714285714
1 0.0645961431241362 0.3230902777777778 0.011049107142857144 0.021577380952380952
0 0.16975446428571428 0.5927083333333333 0.22142857142857142 0.10833333333333334
1 0.0665213663384219 0.4652246315192744 0.014899553571428572 0.021577380952380952
0 0.39140625 0.3011904761904762 0.22142857142857142 0.08363095238095238
1 0.2944842439573125 0.18095592403628116 0.027483258928571428 0.021577380952380952
0 0.39140625 0.397172619047619 0.22142857142857142 0.11696428571428572
1 0.2953840765465982 0.3230902777777778 0.029282924107142855 0.021577380952380952
0 0.39140625 0.5802083333333333 0.22142857142857142 0.05952380952380952
1 0.2946028265465982 0.4652246315192744 0.027720424107142858 0.021577380952380952
0 0.6130580357142857 0.2914434523809524 0.22142857142857142 0.07663690476190477
1 0.5126745211297744 0.18095592403628116 0.020521763392857145 0.021577380952380952
0 0.6130580357142857 0.4480654761904762 0.22142857142857142 0.14761904761904762
1 0.5126745211297744 0.3230902777777778 0.020521763392857145 0.021577380952380952
0 0.6130580357142857 0.5712797619047619 0.22142857142857142 0.15327380952380953
1 0.5126884720226316 0.4652246315192744 0.02054966517857143 0.021577380952380952
0 0.8347098214285714 0.28720238095238093 0.22142857142857142 0.1056547619047619
1 0.7343525215165222 0.18095592403628116 0.020535714285714286 0.021577380952380952
0 0.8347098214285714 0.4244791666666667 0.22142857142857142 0.10848214285714286
1 0.7343455460700936 0.3230902777777778 0.020521763392857145 0.021577380952380952
0 0.8347098214285714 0.5646577380952381 0.22142857142857142 0.08080357142857143
1 0.7343455460700936 0.4652246315192744 0.020521763392857145 0.021577380952380952
0 0.49832589285714285 0.7092261904761905 0.8785714285714286 0.07291666666666667
1 0.0645961431241362 0.6073589852607709 0.011049107142857144 0.021577380952380952
