0 0.16975446428571428 0.2520089285714286 0.22142857142857142 0.11592261904761905
1 0.06267091990985048 0.18095592403628116 0.007198660714285714 0.021577380952380952
0 0.16975446428571428 0.4161458333333333 0.22142857142857142 0.057886904761904764
1 0.0645961431241362 0.3230902777777778 0.011049107142857144 0.021577380952380952
0 0.16975446428571428 0.5886160714285714 0.22142857142857142 0.06830357142857142
1 0.0665213663384219 0.4652246315192744 0.014899553571428572 0.021577380952380952
0 0.39140625 0.30625 0.22142857142857142 0.08392857142857142
1 0.2944842439573125 0.18095592403628116 0.027483258928571428 0.021577380952380952
0 0.39140625 0.40007440476190476 0.22142857142857142 0.09211309523809524
1 0.2953840765465982 0.3230902777777778 0.029282924107142855 0.021577380952380952
0 0.39140625 0.5688988095238096 0.22142857142857142 0.026785714285714284
1 0.2946028265465982 0.4652246315192744 0.027720424107142858 0.021577380952380952
0 0.6130580357142857 0.3054315476190476 0.22142857142857142 0.08586309523809524
1 0.5126745211297744 0.18095592403628116 0.020521763392857145 0.021577380952380952
0 0.6130580357142857 0.4505952380952381 0.22142857142857142 0.09910714285714285
1 0.5126745211297744 0.3230902777777778 0.020521763392857145 0.021577380952380952
0 0.6130580357142857 0.5895833333333333 0.22142857142857142 0.09375
1 0.5126884720226316 0.4652246315192744 0.02054966517857143 0.021577380952380952
0 0.8347098214285714 0.27901785714285715 0.22142857142857142 0.09255952380952381
1 0.7343525215165222 0.18095592403628116 0.020535714285714286 0.021577380952380952
0 0.8347098214285714 0.39538690476190474 0.22142857142857142 0.1431547619047619
1 0.7343455460700936 0.3230902777777778 0.020521763392857145 0.021577380952380952
0 0.8347098214285714 0.5196428571428572 0.22142857142857142 0.1663690476190476
1 0.7343455460700936 0.4652246315192744 0.020521763392857145 0.021577380952380952
0 0.49832589285714285 0.7022321428571429 0.8785714285714286 0.07142857142857142
1 0.0645961431241362 0.6073589852607709 0.011049107142857144 0.021577380952380952
