0 0.2806919642857143 0.20074404761904763 0.44285714285714284 0.07470238095238095
1 0.06297304751642037 0.1388420414462081 0.007198660714285714 0.021577380952380952
0 0.2806919642857143 0.33950892857142856 0.44285714285714284 0.13616071428571427
1 0.06489827073070609 0.24939098324514994 0.011049107142857144 0.021577380952380952
0 0.2806919642857143 0.4654761904761905 0.44285714285714284 0.1630952380952381
1 0.0668234939449918 0.35993992504409167 0.014899553571428572 0.021577380952380952
0 0.2806919642857143 0.5515625 0.44285714285714284 0.06651785714285714
1 0.07311534662356323 0.47048886684303354 0.027483258928571428 0.021577380952380952
0 0.2806919642857143 0.6412202380952381 0.44285714285714284 0.10238095238095238
1 0.07401517921284895 0.5810378086419753 0.029282924107142855 0.021577380952380952
0 0.2806919642857143 0.789360119047619 0.44285714285714284 0.14955357142857142
1 0.07323392921284894 0.6915867504409172 0.027720424107142858 0.021577380952380987
0 0.7237723214285714 0.23712797619047618 0.44285714285714284 0.10848214285714286
1 0.5126861414223348 0.1388420414462081 0.020521763392857145 0.021577380952380952
0 0.7237723214285714 0.35111607142857143 0.44285714285714284 0.1724702380952381
1 0.5126861414223348 0.24939098324514994 0.020521763392857145 0.021577380952380952
0 0.7237723214285714 0.4844494047619048 0.44285714285714284 0.15520833333333334
1 0.512700092315192 0.35993992504409167 0.02054966517857143 0.021577380952380952
0 0.7237723214285714 0.5614583333333333 0.44285714285714284 0.09196428571428572
1 0.5126931168687634 0.47048886684303354 0.020535714285714286 0.021577380952380952
0 0.7237723214285714 0.6648065476190477 0.44285714285714284 0.07068452380952381
1 0.5126861414223348 0.5810378086419753 0.020521763392857145 0.021577380952380952
0 0.7237723214285714 0.7542410714285714 0.44285714285714284 0.153125
1 0.5126861414223348 0.6915867504409172 0.020521763392857145 0.021577380952380987
