0 0.5022879464285714 0.10915178571428572 0.8856026785714286 0.07157738095238095
1 0.0631253166160081 0.07988260582010584 0.007198660714285714 0.021577380952380952
0 0.5022879464285714 0.1896577380952381 0.8856026785714286 0.044196428571428574
1 0.06505053983029382 0.1462119708994709 0.011049107142857144 0.021577380952380952
0 0.5022879464285714 0.27574404761904764 0.8856026785714286 0.06190476190476191
1 0.06697576304457953 0.21254133597883595 0.014899553571428572 0.021577380952380952
0 0.5022879464285714 0.3465029761904762 0.8856026785714286 0.04925595238095238
1 0.07326761572315096 0.27887070105820105 0.027483258928571428 0.021577380952380952
0 0.5022879464285714 0.3808035714285714 0.8856026785714286 0.06636904761904762
1 0.07416744831243667 0.3452000661375661 0.029282924107142855 0.021577380952380952
0 0.5022879464285714 0.4609375 0.8856026785714286 0.04151785714285714
1 0.07338619831243667 0.41152943121693125 0.027720424107142858 0.021577380952380952
0 0.5022879464285714 0.5447916666666667 0.8856026785714286 0.07410714285714286
1 0.06978686795529382 0.4778587962962963 0.020521763392857145 0.021577380952380952
0 0.5022879464285714 0.6178571428571429 0.8856026785714286 0.1074404761904762
1 0.06978686795529382 0.5441881613756614 0.020521763392857145 0.021577380952380952
0 0.5022879464285714 0.6692708333333334 0.8856026785714286 0.11235119047619048
1 0.06980081884815097 0.6105175264550264 0.02054966517857143 0.021577380952380952
0 0.5022879464285714 0.7156994047619047 0.8856026785714286 0.11473214285714285
1 0.06979384340172239 0.6768468915343916 0.020535714285714286 0.021577380952380952
0 0.5022879464285714 0.7747767857142858 0.8856026785714286 0.11324404761904762
1 0.06978686795529382 0.7431762566137565 0.020521763392857145 0.021577380952380952
0 0.5022879464285714 0.8320684523809524 0.8856026785714286 0.08883928571428572
1 0.06978686795529382 0.8095056216931217 0.020521763392857145 0.021577380952380952
