0 0.16975446428571428 0.2715029761904762 0.22142857142857142 0.12425595238095238
1 0.06267091990985048 0.18095592403628116 0.007198660714285714 0.021577380952380952
0 0.16975446428571428 0.436235119047619 0.22142857142857142 0.10014880952380953
1 0.0645961431241362 0.3230902777777778 0.011049107142857144 0.021577380952380952
0 0.16975446428571428 0.5863095238095238 0.22142857142857142 0.05863095238095238
1 0.0665213663384219 0.4652246315192744 0.014899553571428572 0.021577380952380952
0 0.39140625 0.28430059523809526 0.22142857142857142 0.10967261904761905
1 0.2944842439573125 0.18095592403628116 0.027483258928571428 0.021577380952380952
0 0.39140625 0.4084077380952381 0.22142857142857142 0.08139880952380953
1 0.2953840765465982 0.3230902777777778 0.029282924107142855 0.021577380952380952
0 0.39140625 0.580952380952381 0.22142857142857142 0.047619047619047616
1 0.2946028265465982 0.4652246315192744 0.027720424107142858 0.021577380952380952
0 0.6130580357142857 0.3280505952380952 0.22142857142857142 0.11860119047619047
1 0.5126745211297744 0.18095592403628116 0.020521763392857145 0.021577380952380952
0 0.6130580357142857 0.5142113095238096 0.22142857142857142 0.24538690476190475
1 0.5126745211297744 0.3230902777777778 0.020521763392857145 0.021577380952380952
0 0.6130580357142857 0.6223214285714286 0.22142857142857142 0.17916666666666667
1 0.5126884720226316 0.4652246315192744 0.02054966517857143 0.021577380952380952
0 0.8347098214285714 0.3005952380952381 0.22142857142857142 0.18958333333333333
1 0.7343525215165222 0.18095592403628116 0.020535714285714286 0.021577380952380952
0 0.8347098214285714 0.41116071428571427 0.22142857142857142 0.19196428571428573
1 0.7343455460700936 0.3230902777777778 0.020521763392857145 0.021577380952380952
0 0.8347098214285714 0.5370535714285715 0.22142857142857142 0.13898809523809524
1 0.7343455460700936 0.4652246315192744 0.020521763392857145 0.021577380952380952
0 0.49832589285714285 0.7036458333333333 0.8785714285714286 0.13348214285714285
1 0.0645961431241362 0.6073589852607709 0.011049107142857144 0.021577380952380952
