0 0.16975446428571428 0.26331845238095236 0.22142857142857142 0.1543154761904762
1 0.06267091990985048 0.18095592403628116 0.007198660714285714 0.021577380952380952
0 0.16975446428571428 0.4396577380952381 0.22142857142857142 0.0644345238095238
1 0.0645961431241362 0.3230902777777778 0.011049107142857144 0.021577380952380952
0 0.16975446428571428 0.6037202380952381 0.22142857142857142 0.15773809523809523
1 0.0665213663384219 0.4652246315192744 0.014899553571428572 0.021577380952380952
0 0.39140625 0.28809523809523807 0.22142857142857142 0.07946428571428571
1 0.2944842439573125 0.18095592403628116 0.027483258928571428 0.021577380952380952
0 0.39140625 0.39813988095238095 0.22142857142857142 0.15610119047619048
1 0.2953840765465982 0.3230902777777778 0.029282924107142855 0.021577380952380952
0 0.39140625 0.5929315476190476 0.22142857142857142 0.08348214285714285
1 0.2946028265465982 0.4652246315192744 0.027720424107142858 0.021577380952380952
0 0.6130580357142857 0.24233630952380952 0.22142857142857142 0.15014880952380952
1 0.5126745211297744 0.18095592403628116 0.020521763392857145 0.021577380952380952
0 0.6130580357142857 0.39419642857142856 0.22142857142857142 0.12321428571428572
1 0.5126745211297744 0.3230902777777778 0.020521763392857145 0.021577380952380952
0 0.6130580357142857 0.5409226190476191 0.22142857142857142 0.18779761904761905
1 0.5126884720226316 0.4652246315192744 0.02054966517857143 0.021577380952380952
0 0.8347098214285714 0.2636904761904762 0.22142857142857142 0.29970238095238094
1 0.7343525215165222 0.18095592403628116 0.020535714285714286 0.021577380952380952
0 0.8347098214285714 0.3882440476190476 0.22142857142857142 0.225
1 0.7343455460700936 0.3230902777777778 0.020521763392857145 0.021577380952380952
0 0.8347098214285714 0.565327380952381 0.22142857142857142 0.09017857142857143
1 0.7343455460700936 0.4652246315192744 0.020521763392857145 0.021577380952380952
0 0.49832589285714285 0.7075892857142857 0.8785714285714286 0.10446428571428572
1 0.0645961431241362 0.6073589852607709 0.011049107142857144 0.021577380952380952
