0 0.2806919642857143 0.1869047619047619 0.44285714285714284 0.09464285714285714
1 0.06297304751642037 0.1388420414462081 0.007198660714285714 0.021577380952380952
0 0.2806919642857143 0.321875 0.44285714285714284 0.052083333333333336
1 0.06489827073070609 0.24939098324514994 0.011049107142857144 0.021577380952380952
0 0.2806919642857143 0.467485119047619 0.44285714285714284 0.07901785714285714
1 0.0668234939449918 0.35993992504409167 0.014899553571428572 0.021577380952380952
0 0.2806919642857143 0.5729910714285714 0.44285714285714284 0.06711309523809524
1 0.07311534662356323 0.47048886684303354 0.027483258928571428 0.021577380952380952
0 0.2806919642857143 0.6322172619047619 0.44285714285714284 0.08139880952380953
1 0.07401517921284895 0.5810378086419753 0.029282924107142855 0.021577380952380952
0 0.2806919642857143 0.7835565476190476 0.44285714285714284 0.04449404761904762
1 0.07323392921284894 0.6915867504409172 0.027720424107142858 0.021577380952380987
0 0.7237723214285714 0.23444940476190476 0.44285714285714284 0.1549107142857143
1 0.5126861414223348 0.1388420414462081 0.020521763392857145 0.021577380952380952
0 0.7237723214285714 0.37098214285714287 0.44285714285714284 0.16071428571428573
1 0.5126861414223348 0.24939098324514994 0.020521763392857145 0.021577380952380952
0 0.7237723214285714 0.46785714285714286 0.44285714285714284 0.12648809523809523
1 0.512700092315192 0.35993992504409167 0.02054966517857143 0.021577380952380952
0 0.7237723214285714 0.532514880952381 0.44285714285714284 0.128125
1 0.5126931168687634 0.47048886684303354 0.020535714285714286 0.021577380952380952
0 0.7237723214285714 0.6295386904761905 0.44285714285714284 0.11800595238095238
1 0.5126861414223348 0.5810378086419753 0.020521763392857145 0.021577380952380952
0 0.7237723214285714 0.7389136904761905 0.44285714285714284 0.09925595238095238
1 0.5126861414223348 0.6915867504409172 0.020521763392857145 0.021577380952380987
