0 0.16975446428571428 0.24955357142857143 0.22142857142857142 0.10982142857142857
1 0.06267091990985048 0.18095592403628116 0.007198660714285714 0.021577380952380952
0 0.16975446428571428 0.39211309523809523 0.22142857142857142 0.16904761904761906
1 0.0645961431241362 0.3230902777777778 0.011049107142857144 0.021577380952380952
0 0.16975446428571428 0.5772321428571429 0.22142857142857142 0.12410714285714286
1 0.0665213663384219 0.4652246315192744 0.014899553571428572 0.021577380952380952
0 0.39140625 0.32217261904761907 0.22142857142857142 0.11875
1 0.2944842439573125 0.18095592403628116 0.027483258928571428 0.021577380952380952
0 0.39140625 0.41220238095238093 0.22142857142857142 0.07113095238095238
1 0.2953840765465982 0.3230902777777778 0.029282924107142855 0.021577380952380952
0 0.39140625 0.5574404761904762 0.22142857142857142 0.14136904761904762
1 0.2946028265465982 0.4652246315192744 0.027720424107142858 0.021577380952380952
0 0.6130580357142857 0.38816964285714284 0.22142857142857142 0.28169642857142857
1 0.5126745211297744 0.18095592403628116 0.020521763392857145 0.021577380952380952
0 0.6130580357142857 0.5072172619047619 0.22142857142857142 0.24360119047619047
1 0.5126745211297744 0.3230902777777778 0.020521763392857145 0.021577380952380952
0 0.6130580357142857 0.5911458333333334 0.22142857142857142 0.1543154761904762
1 0.5126884720226316 0.4652246315192744 0.02054966517857143 0.021577380952380952
0 0.8347098214285714 0.22589285714285715 0.22142857142857142 0.3357142857142857
1 0.7343525215165222 0.18095592403628116 0.020535714285714286 0.021577380952380952
0 0.8347098214285714 0.3601190476190476 0.22142857142857142 0.22827380952380952
1 0.7343455460700936 0.3230902777777778 0.020521763392857145 0.021577380952380952
0 0.8347098214285714 0.5010416666666667 0.22142857142857142 0.22142857142857142
1 0.7343455460700936 0.4652246315192744 0.020521763392857145 0.021577380952380952
0 0.49832589285714285 0.6803571428571429 0.8785714285714286 0.1767857142857143
1 0.0645961431241362 0.6073589852607709 0.011049107142857144 0.021577380952380952
