0 0.16975446428571428 0.26852678571428573 0.22142857142857142 0.05550595238095238
1 0.06267091990985048 0.18095592403628116 0.007198660714285714 0.021577380952380952
0 0.16975446428571428 0.3716517857142857 0.22142857142857142 0.16979166666666667
1 0.0645961431241362 0.3230902777777778 0.011049107142857144 0.021577380952380952
0 0.16975446428571428 0.5333333333333333 0.22142857142857142 0.12648809523809523
1 0.0665213663384219 0.4652246315192744 0.014899553571428572 0.021577380952380952
0 0.39140625 0.3211309523809524 0.22142857142857142 0.10892857142857143
1 0.2944842439573125 0.18095592403628116 0.027483258928571428 0.021577380952380952
0 0.39140625 0.43191964285714285 0.22142857142857142 0.04836309523809524
1 0.2953840765465982 0.3230902777777778 0.029282924107142855 0.021577380952380952
0 0.39140625 0.5235863095238096 0.22142857142857142 0.1480654761904762
1 0.2946028265465982 0.4652246315192744 0.027720424107142858 0.021577380952380952
0 0.6130580357142857 0.3127232142857143 0.22142857142857142 0.11741071428571428
1 0.5126745211297744 0.18095592403628116 0.020521763392857145 0.021577380952380952
0 0.6130580357142857 0.44575892857142857 0.22142857142857142 0.1394345238095238
1 0.5126745211297744 0.3230902777777778 0.020521763392857145 0.021577380952380952
0 0.6130580357142857 0.5649553571428572 0.22142857142857142 0.159375
1 0.5126884720226316 0.4652246315192744 0.02054966517857143 0.021577380952380952
0 0.8347098214285714 0.19992559523809525 0.22142857142857142 0.2537202380952381
1 0.7343525215165222 0.18095592403628116 0.020535714285714286 0.021577380952380952
0 0.8347098214285714 0.33191964285714287 0.22142857142857142 0.25729166666666664
1 0.7343455460700936 0.3230902777777778 0.020521763392857145 0.021577380952380952
0 0.8347098214285714 0.4901785714285714 0.22142857142857142 0.20714285714285716
1 0.7343455460700936 0.4652246315192744 0.020521763392857145 0.021577380952380952
0 0.49832589285714285 0.6566964285714286 0.8785714285714286 0.17113095238095238
1 0.0645961431241362 0.6073589852607709 0.011049107142857144 0.021577380952380952
