0 0.2806919642857143 0.20617559523809523 0.44285714285714284 0.06800595238095238
1 0.06297304751642037 0.1388420414462081 0.007198660714285714 0.021577380952380952
0 0.2806919642857143 0.32470238095238096 0.44285714285714284 0.038392857142857145
1 0.06489827073070609 0.24939098324514994 0.011049107142857144 0.021577380952380952
0 0.2806919642857143 0.446875 0.44285714285714284 0.052083333333333336
1 0.0668234939449918 0.35993992504409167 0.014899553571428572 0.021577380952380952
0 0.2806919642857143 0.565625 0.44285714285714284 0.04642857142857143
1 0.07311534662356323 0.47048886684303354 0.027483258928571428 0.021577380952380952
0 0.2806919642857143 0.653720238095238 0.44285714285714284 0.05952380952380952
1 0.07401517921284895 0.5810378086419753 0.029282924107142855 0.021577380952380952
0 0.2806919642857143 0.773139880952381 0.44285714285714284 0.024553571428571428
1 0.07323392921284894 0.6915867504409172 0.027720424107142858 0.021577380952380987
0 0.7237723214285714 0.2288690476190476 0.44285714285714284 0.06845238095238096
1 0.5126861414223348 0.1388420414462081 0.020521763392857145 0.021577380952380952
0 0.7237723214285714 0.3443452380952381 0.44285714285714284 0.11785714285714285
1 0.5126861414223348 0.24939098324514994 0.020521763392857145 0.021577380952380952
0 0.7237723214285714 0.4453869047619048 0.44285714285714284 0.09196428571428572
1 0.512700092315192 0.35993992504409167 0.02054966517857143 0.021577380952380952
0 0.7237723214285714 0.5464285714285714 0.44285714285714284 0.08244047619047619
1 0.5126931168687634 0.47048886684303354 0.020535714285714286 0.021577380952380952
0 0.7237723214285714 0.6495535714285714 0.44285714285714284 0.07172619047619047
1 0.5126861414223348 0.5810378086419753 0.020521763392857145 0.021577380952380952
0 0.7237723214285714 0.7547619047619047 0.44285714285714284 0.05863095238095238
1 0.5126861414223348 0.6915867504409172 0.020521763392857145 0.021577380952380987
