0 0.2806919642857143 0.19404761904761905 0.44285714285714284 0.1074404761904762
1 0.06297304751642037 0.1388420414462081 0.007198660714285714 0.021577380952380952
0 0.2806919642857143 0.3177827380952381 0.44285714285714284 0.078125
1 0.06489827073070609 0.24939098324514994 0.011049107142857144 0.021577380952380952
0 0.2806919642857143 0.44702380952380955 0.44285714285714284 0.06994047619047619
1 0.0668234939449918 0.35993992504409167 0.014899553571428572 0.021577380952380952
0 0.2806919642857143 0.5735863095238095 0.44285714285714284 0.09151785714285714
1 0.07311534662356323 0.47048886684303354 0.027483258928571428 0.021577380952380952
0 0.2806919642857143 0.6480654761904762 0.44285714285714284 0.08720238095238095
1 0.07401517921284895 0.5810378086419753 0.029282924107142855 0.021577380952380952
0 0.2806919642857143 0.7668154761904762 0.44285714285714284 0.045535714285714284
1 0.07323392921284894 0.6915867504409172 0.027720424107142858 0.021577380952380987
0 0.7237723214285714 0.22976190476190475 0.44285714285714284 0.09553571428571428
1 0.5126861414223348 0.1388420414462081 0.020521763392857145 0.021577380952380952
0 0.7237723214285714 0.33898809523809526 0.44285714285714284 0.15773809523809523
1 0.5126861414223348 0.24939098324514994 0.020521763392857145 0.021577380952380952
0 0.7237723214285714 0.42931547619047616 0.44285714285714284 0.17202380952380952
1 0.512700092315192 0.35993992504409167 0.02054966517857143 0.021577380952380952
0 0.7237723214285714 0.53125 0.44285714285714284 0.17797619047619048
1 0.5126931168687634 0.47048886684303354 0.020535714285714286 0.021577380952380952
0 0.7237723214285714 0.6343005952380952 0.44285714285714284 0.16741071428571427
1 0.5126861414223348 0.5810378086419753 0.020521763392857145 0.021577380952380952
0 0.7237723214285714 0.7423363095238096 0.44285714285714284 0.15788690476190476
1 0.5126861414223348 0.6915867504409172 0.020521763392857145 0.021577380952380987
