0 0.2806919642857143 0.23452380952380952 0.44285714285714284 0.15386904761904763
1 0.06297304751642037 0.1388420414462081 0.007198660714285714 0.021577380952380952
0 0.2806919642857143 0.32321428571428573 0.44285714285714284 0.07738095238095238
1 0.06489827073070609 0.24939098324514994 0.011049107142857144 0.021577380952380952
0 0.2806919642857143 0.41555059523809523 0.44285714285714284 0.2087797619047619
1 0.0668234939449918 0.35993992504409167 0.014899553571428572 0.021577380952380952
0 0.2806919642857143 0.5537202380952381 0.44285714285714284 0.06875
1 0.07311534662356323 0.47048886684303354 0.027483258928571428 0.021577380952380952
0 0.2806919642857143 0.6834821428571428 0.44285714285714284 0.18095238095238095
1 0.07401517921284895 0.5810378086419753 0.029282924107142855 0.021577380952380952
0 0.2806919642857143 0.7551339285714286 0.44285714285714284 0.13645833333333332
1 0.07323392921284894 0.6915867504409172 0.027720424107142858 0.021577380952380987
0 0.7237723214285714 0.23660714285714285 0.44285714285714284 0.12202380952380952
1 0.5126861414223348 0.1388420414462081 0.020521763392857145 0.021577380952380952
0 0.7237723214285714 0.3654017857142857 0.44285714285714284 0.15520833333333334
1 0.5126861414223348 0.24939098324514994 0.020521763392857145 0.021577380952380952
0 0.7237723214285714 0.49657738095238096 0.44285714285714284 0.23958333333333334
1 0.512700092315192 0.35993992504409167 0.02054966517857143 0.021577380952380952
0 0.7237723214285714 0.5223214285714286 0.44285714285714284 0.27172619047619045
1 0.5126931168687634 0.47048886684303354 0.020535714285714286 0.021577380952380952
0 0.7237723214285714 0.641889880952381 0.44285714285714284 0.22098214285714285
1 0.5126861414223348 0.5810378086419753 0.020521763392857145 0.021577380952380952
0 0.7237723214285714 0.7467261904761905 0.44285714285714284 0.21845238095238095
1 0.5126861414223348 0.6915867504409172 0.020521763392857145 0.021577380952380987
