0 0.16975446428571428 0.2520833333333333 0.22142857142857142 0.0988095238095238
1 0.06267091990985048 0.18095592403628116 0.007198660714285714 0.021577380952380952
0 0.16975446428571428 0.4337797619047619 0.22142857142857142 0.05416666666666667
1 0.0645961431241362 0.3230902777777778 0.011049107142857144 0.021577380952380952
0 0.16975446428571428 0.5992559523809524 0.22142857142857142 0.0875
1 0.0665213663384219 0.4652246315192744 0.014899553571428572 0.021577380952380952
0 0.39140625 0.2970238095238095 0.22142857142857142 0.06964285714285715
1 0.2944842439573125 0.18095592403628116 0.027483258928571428 0.021577380952380952
0 0.39140625 0.3943452380952381 0.22142857142857142 0.08720238095238095
1 0.2953840765465982 0.3230902777777778 0.029282924107142855 0.021577380952380952
0 0.39140625 0.5860119047619048 0.22142857142857142 0.06279761904761905
1 0.2946028265465982 0.4652246315192744 0.027720424107142858 0.021577380952380952
0 0.6130580357142857 0.2953125 0.22142857142857142 0.049553571428571426
1 0.5126745211297744 0.18095592403628116 0.020521763392857145 0.021577380952380952
0 0.6130580357142857 0.44620535714285714 0.22142857142857142 0.1293154761904762
1 0.5126745211297744 0.3230902777777778 0.020521763392857145 0.021577380952380952
0 0.6130580357142857 0.5712797619047619 0.22142857142857142 0.16071428571428573
1 0.5126884720226316 0.4652246315192744 0.02054966517857143 0.021577380952380952
0 0.8347098214285714 0.2584077380952381 0.22142857142857142 0.20580357142857142
1 0.7343525215165222 0.18095592403628116 0.020535714285714286 0.021577380952380952
0 0.8347098214285714 0.4084077380952381 0.22142857142857142 0.15461309523809524
1 0.7343455460700936 0.3230902777777778 0.020521763392857145 0.021577380952380952
0 0.8347098214285714 0.5527529761904761 0.22142857142857142 0.13854166666666667
1 0.7343455460700936 0.4652246315192744 0.020521763392857145 0.021577380952380952
0 0.49832589285714285 0.7208333333333333 0.8785714285714286 0.059821428571428574
1 0.0645961431241362 0.6073589852607709 0.011049107142857144 0.021577380952380952
