0 0.16975446428571428 0.2488095238095238 0.22142857142857142 0.08839285714285715
1 0.06267091990985048 0.18095592403628116 0.007198660714285714 0.021577380952380952
0 0.16975446428571428 0.39285714285714285 0.22142857142857142 0.09255952380952381
1 0.0645961431241362 0.3230902777777778 0.011049107142857144 0.021577380952380952
0 0.16975446428571428 0.5689732142857142 0.22142857142857142 0.021875
1 0.0665213663384219 0.4652246315192744 0.014899553571428572 0.021577380952380952
0 0.39140625 0.31808035714285715 0.22142857142857142 0.08794642857142858
1 0.2944842439573125 0.18095592403628116 0.027483258928571428 0.021577380952380952
0 0.39140625 0.4090029761904762 0.22142857142857142 0.05044642857142857
1 0.2953840765465982 0.3230902777777778 0.029282924107142855 0.021577380952380952
0 0.39140625 0.5510416666666667 0.22142857142857142 0.055357142857142855
1 0.2946028265465982 0.4652246315192744 0.027720424107142858 0.021577380952380952
0 0.6130580357142857 0.3196428571428571 0.22142857142857142 0.09910714285714285
1 0.5126745211297744 0.18095592403628116 0.020521763392857145 0.021577380952380952
0 0.6130580357142857 0.4295386904761905 0.22142857142857142 0.11860119047619047
1 0.5126745211297744 0.3230902777777778 0.020521763392857145 0.021577380952380952
0 0.6130580357142857 0.5224702380952381 0.22142857142857142 0.26339285714285715
1 0.5126884720226316 0.4652246315192744 0.02054966517857143 0.021577380952380952
0 0.8347098214285714 0.17589285714285716 0.22142857142857142 0.28660714285714284
1 0.7343525215165222 0.18095592403628116 0.020535714285714286 0.021577380952380952
0 0.8347098214285714 0.3093005952380952 0.22142857142857142 0.2668154761904762
1 0.7343455460700936 0.3230902777777778 0.020521763392857145 0.021577380952380952
0 0.8347098214285714 0.5014880952380952 0.22142857142857142 0.19523809523809524
1 0.7343455460700936 0.4652246315192744 0.020521763392857145 0.021577380952380952
0 0.49832589285714285 0.6760416666666667 0.8785714285714286 0.09642857142857143
1 0.0645961431241362 0.6073589852607709 0.011049107142857144 0.021577380952380952
