0 0.2806919642857143 0.20379464285714285 0.44285714285714284 0.06711309523809524
1 0.06297304751642037 0.1388420414462081 0.007198660714285714 0.021577380952380952
0 0.2806919642857143 0.3265625 0.44285714285714284 0.04895833333333333
1 0.06489827073070609 0.24939098324514994 0.011049107142857144 0.021577380952380952
0 0.2806919642857143 0.4480654761904762 0.44285714285714284 0.036904761904761905
1 0.0668234939449918 0.35993992504409167 0.014899553571428572 0.021577380952380952
0 0.2806919642857143 0.5656994047619047 0.44285714285714284 0.053125
1 0.07311534662356323 0.47048886684303354 0.027483258928571428 0.021577380952380952
0 0.2806919642857143 0.6505952380952381 0.44285714285714284 0.05
1 0.07401517921284895 0.5810378086419753 0.029282924107142855 0.021577380952380952
0 0.2806919642857143 0.7780505952380953 0.44285714285714284 0.03139880952380952
1 0.07323392921284894 0.6915867504409172 0.027720424107142858 0.021577380952380987
0 0.7237723214285714 0.2569940476190476 0.44285714285714284 0.1074404761904762
1 0.5126861414223348 0.1388420414462081 0.020521763392857145 0.021577380952380952
0 0.7237723214285714 0.38095238095238093 0.44285714285714284 0.18125
1 0.5126861414223348 0.24939098324514994 0.020521763392857145 0.021577380952380952
0 0.7237723214285714 0.45282738095238095 0.44285714285714284 0.23035714285714284
1 0.512700092315192 0.35993992504409167 0.02054966517857143 0.021577380952380952
0 0.7237723214285714 0.5360119047619047 0.44285714285714284 0.1886904761904762
1 0.5126931168687634 0.47048886684303354 0.020535714285714286 0.021577380952380952
0 0.7237723214285714 0.6375 0.44285714285714284 0.11964285714285715
1 0.5126861414223348 0.5810378086419753 0.020521763392857145 0.021577380952380952
0 0.7237723214285714 0.7493303571428571 0.44285714285714284 0.07574404761904761
1 0.5126861414223348 0.6915867504409172 0.020521763392857145 0.021577380952380987
