0 0.5022879464285714 0.12961309523809525 0.8856026785714286 0.05803571428571429
1 0.0631253166160081 0.07988260582010584 0.007198660714285714 0.021577380952380952
0 0.5022879464285714 0.17842261904761905 0.8856026785714286 0.09672619047619048
1 0.06505053983029382 0.1462119708994709 0.011049107142857144 0.021577380952380952
0 0.5022879464285714 0.2521577380952381 0.8856026785714286 0.057291666666666664
1 0.06697576304457953 0.21254133597883595 0.014899553571428572 0.021577380952380952
0 0.5022879464285714 0.3445684523809524 0.8856026785714286 0.0724702380952381
1 0.07326761572315096 0.27887070105820105 0.027483258928571428 0.021577380952380952
0 0.5022879464285714 0.4021577380952381 0.8856026785714286 0.033482142857142856
1 0.07416744831243667 0.3452000661375661 0.029282924107142855 0.021577380952380952
0 0.5022879464285714 0.4466517857142857 0.8856026785714286 0.07485119047619047
1 0.07338619831243667 0.41152943121693125 0.027720424107142858 0.021577380952380952
0 0.5022879464285714 0.5496279761904762 0.8856026785714286 0.06830357142857142
1 0.06978686795529382 0.4778587962962963 0.020521763392857145 0.021577380952380952
0 0.5022879464285714 0.6227678571428571 0.8856026785714286 0.10892857142857143
1 0.06978686795529382 0.5441881613756614 0.020521763392857145 0.021577380952380952
0 0.5022879464285714 0.6880208333333333 0.8856026785714286 0.109375
1 0.06980081884815097 0.6105175264550264 0.02054966517857143 0.021577380952380952
0 0.5022879464285714 0.7006696428571428 0.8856026785714286 0.1611607142857143
1 0.06979384340172239 0.6768468915343916 0.020535714285714286 0.021577380952380952
0 0.5022879464285714 0.748735119047619 0.8856026785714286 0.15997023809523808
1 0.06978686795529382 0.7431762566137565 0.020521763392857145 0.021577380952380952
0 0.5022879464285714 0.8203869047619048 0.8856026785714286 0.12529761904761905
1 0.06978686795529382 0.8095056216931217 0.020521763392857145 0.021577380952380952
