0 0.16975446428571428 0.24322916666666666 0.22142857142857142 0.11235119047619048
1 0.06267091990985048 0.18095592403628116 0.007198660714285714 0.021577380952380952
0 0.16975446428571428 0.3863095238095238 0.22142857142857142 0.12023809523809524
1 0.0645961431241362 0.3230902777777778 0.011049107142857144 0.021577380952380952
0 0.16975446428571428 0.5735863095238095 0.22142857142857142 0.040625
1 0.0665213663384219 0.4652246315192744 0.014899553571428572 0.021577380952380952
0 0.39140625 0.32470238095238096 0.22142857142857142 0.11636904761904762
1 0.2944842439573125 0.18095592403628116 0.027483258928571428 0.021577380952380952
0 0.39140625 0.4055059523809524 0.22142857142857142 0.05505952380952381
1 0.2953840765465982 0.3230902777777778 0.029282924107142855 0.021577380952380952
0 0.39140625 0.5517857142857143 0.22142857142857142 0.07202380952380952
1 0.2946028265465982 0.4652246315192744 0.027720424107142858 0.021577380952380952
0 0.6130580357142857 0.31540178571428573 0.22142857142857142 0.11205357142857143
1 0.5126745211297744 0.18095592403628116 0.020521763392857145 0.021577380952380952
0 0.6130580357142857 0.43325892857142856 0.22142857142857142 0.10788690476190477
1 0.5126745211297744 0.3230902777777778 0.020521763392857145 0.021577380952380952
0 0.6130580357142857 0.5015625 0.22142857142857142 0.2063988095238095
1 0.5126884720226316 0.4652246315192744 0.02054966517857143 0.021577380952380952
0 0.8347098214285714 0.1871279761904762 0.22142857142857142 0.26473214285714286
1 0.7343525215165222 0.18095592403628116 0.020535714285714286 0.021577380952380952
0 0.8347098214285714 0.36183035714285716 0.22142857142857142 0.20074404761904763
1 0.7343455460700936 0.3230902777777778 0.020521763392857145 0.021577380952380952
0 0.8347098214285714 0.5316220238095238 0.22142857142857142 0.16949404761904763
1 0.7343455460700936 0.4652246315192744 0.020521763392857145 0.021577380952380952
0 0.49832589285714285 0.673139880952381 0.8785714285714286 0.12544642857142857
1 0.0645961431241362 0.6073589852607709 0.011049107142857144 0.021577380952380952
