0 0.2806919642857143 0.2171875 0.44285714285714284 0.028125
1 0.06297304751642037 0.1388420414462081 0.007198660714285714 0.021577380952380952
0 0.2806919642857143 0.30967261904761906 0.44285714285714284 0.11220238095238096
1 0.06489827073070609 0.24939098324514994 0.011049107142857144 0.021577380952380952
0 0.2806919642857143 0.4219494047619048 0.44285714285714284 0.09449404761904762
1 0.0668234939449918 0.35993992504409167 0.014899553571428572 0.021577380952380952
0 0.2806919642857143 0.565029761904762 0.44285714285714284 0.0681547619047619
1 0.07311534662356323 0.47048886684303354 0.027483258928571428 0.021577380952380952
0 0.2806919642857143 0.6717261904761904 0.44285714285714284 0.041666666666666664
1 0.07401517921284895 0.5810378086419753 0.029282924107142855 0.021577380952380952
0 0.2806919642857143 0.7526785714285714 0.44285714285714284 0.10327380952380952
1 0.07323392921284894 0.6915867504409172 0.027720424107142858 0.021577380952380987
0 0.7237723214285714 0.2520089285714286 0.44285714285714284 0.08973214285714286
1 0.5126861414223348 0.1388420414462081 0.020521763392857145 0.021577380952380952
0 0.7237723214285714 0.3732142857142857 0.44285714285714284 0.1318452380952381
1 0.5126861414223348 0.24939098324514994 0.020521763392857145 0.021577380952380952
0 0.7237723214285714 0.49717261904761906 0.44285714285714284 0.20773809523809525
1 0.512700092315192 0.35993992504409167 0.02054966517857143 0.021577380952380952
0 0.7237723214285714 0.541592261904762 0.44285714285714284 0.2944940476190476
1 0.5126931168687634 0.47048886684303354 0.020535714285714286 0.021577380952380952
0 0.7237723214285714 0.5956101190476191 0.44285714285714284 0.19360119047619048
1 0.5126861414223348 0.5810378086419753 0.020521763392857145 0.021577380952380952
0 0.7237723214285714 0.7229910714285714 0.44285714285714284 0.14211309523809523
1 0.5126861414223348 0.6915867504409172 0.020521763392857145 0.021577380952380987
