0 0.16975446428571428 0.2912202380952381 0.22142857142857142 0.11339285714285714
1 0.06267091990985048 0.18095592403628116 0.007198660714285714 0.021577380952380952
0 0.16975446428571428 0.4252232142857143 0.22142857142857142 0.08139880952380953
1 0.0645961431241362 0.3230902777777778 0.011049107142857144 0.021577380952380952
0 0.16975446428571428 0.5382440476190476 0.22142857142857142 0.09642857142857143
1 0.0665213663384219 0.4652246315192744 0.014899553571428572 0.021577380952380952
0 0.39140625 0.28616071428571427 0.22142857142857142 0.08303571428571428
1 0.2944842439573125 0.18095592403628116 0.027483258928571428 0.021577380952380952
0 0.39140625 0.44486607142857143 0.22142857142857142 0.10193452380952381
1 0.2953840765465982 0.3230902777777778 0.029282924107142855 0.021577380952380952
0 0.39140625 0.5549107142857143 0.22142857142857142 0.07738095238095238
1 0.2946028265465982 0.4652246315192744 0.027720424107142858 0.021577380952380952
0 0.6130580357142857 0.28995535714285714 0.22142857142857142 0.0831845238095238
1 0.5126745211297744 0.18095592403628116 0.020521763392857145 0.021577380952380952
0 0.6130580357142857 0.47291666666666665 0.22142857142857142 0.2577380952380952
1 0.5126745211297744 0.3230902777777778 0.020521763392857145 0.021577380952380952
0 0.6130580357142857 0.5779761904761904 0.22142857142857142 0.2261904761904762
1 0.5126884720226316 0.4652246315192744 0.02054966517857143 0.021577380952380952
0 0.8347098214285714 0.2777529761904762 0.22142857142857142 0.2623511904761905
1 0.7343525215165222 0.18095592403628116 0.020535714285714286 0.021577380952380952
0 0.8347098214285714 0.4234375 0.22142857142857142 0.17991071428571428
1 0.7343455460700936 0.3230902777777778 0.020521763392857145 0.021577380952380952
0 0.8347098214285714 0.5689732142857142 0.22142857142857142 0.1099702380952381
1 0.7343455460700936 0.4652246315192744 0.020521763392857145 0.021577380952380952
0 0.49832589285714285 0.7063988095238095 0.8785714285714286 0.12708333333333333
1 0.0645961431241362 0.6073589852607709 0.011049107142857144 0.021577380952380952
