0 0.5022879464285714 0.12916666666666668 0.8856026785714286 0.02351190476190476
1 0.0631253166160081 0.07988260582010584 0.007198660714285714 0.021577380952380952
0 0.5022879464285714 0.18348214285714284 0.8856026785714286 0.05029761904761905
1 0.06505053983029382 0.1462119708994709 0.011049107142857144 0.021577380952380952
0 0.5022879464285714 0.25416666666666665 0.8856026785714286 0.040773809523809525
1 0.06697576304457953 0.21254133597883595 0.014899553571428572 0.021577380952380952
0 0.5022879464285714 0.34151785714285715 0.8856026785714286 0.03571428571428571
1 0.07326761572315096 0.27887070105820105 0.027483258928571428 0.021577380952380952
0 0.5022879464285714 0.40133928571428573 0.8856026785714286 0.02351190476190476
1 0.07416744831243667 0.3452000661375661 0.029282924107142855 0.021577380952380952
0 0.5022879464285714 0.45066964285714284 0.8856026785714286 0.04449404761904762
1 0.07338619831243667 0.41152943121693125 0.027720424107142858 0.021577380952380952
0 0.5022879464285714 0.5433035714285714 0.8856026785714286 0.055952380952380955
1 0.06978686795529382 0.4778587962962963 0.020521763392857145 0.021577380952380952
0 0.5022879464285714 0.608110119047619 0.8856026785714286 0.08675595238095238
1 0.06978686795529382 0.5441881613756614 0.020521763392857145 0.021577380952380952
0 0.5022879464285714 0.6671875 0.8856026785714286 0.05550595238095238
1 0.06980081884815097 0.6105175264550264 0.02054966517857143 0.021577380952380952
0 0.5022879464285714 0.7202380952380952 0.8856026785714286 0.0681547619047619
1 0.06979384340172239 0.6768468915343916 0.020535714285714286 0.021577380952380952
0 0.5022879464285714 0.7810267857142857 0.8856026785714286 0.060267857142857144
1 0.06978686795529382 0.7431762566137565 0.020521763392857145 0.021577380952380952
0 0.5022879464285714 0.8477678571428572 0.8856026785714286 0.04642857142857143
1 0.06978686795529382 0.8095056216931217 0.020521763392857145 0.021577380952380952
