0 0.5022879464285714 0.11019345238095238 0.8856026785714286 0.07038690476190476
1 0.0631253166160081 0.07988260582010584 0.007198660714285714 0.021577380952380952
0 0.5022879464285714 0.19382440476190477 0.8856026785714286 0.04598214285714286
1 0.06505053983029382 0.1462119708994709 0.011049107142857144 0.021577380952380952
0 0.5022879464285714 0.28816964285714286 0.8856026785714286 0.07425595238095238
1 0.06697576304457953 0.21254133597883595 0.014899553571428572 0.021577380952380952
0 0.5022879464285714 0.34479166666666666 0.8856026785714286 0.047619047619047616
1 0.07326761572315096 0.27887070105820105 0.027483258928571428 0.021577380952380952
0 0.5022879464285714 0.37604166666666666 0.8856026785714286 0.06964285714285715
1 0.07416744831243667 0.3452000661375661 0.029282924107142855 0.021577380952380952
0 0.5022879464285714 0.47552083333333334 0.8856026785714286 0.04806547619047619
1 0.07338619831243667 0.41152943121693125 0.027720424107142858 0.021577380952380952
0 0.5022879464285714 0.5603422619047619 0.8856026785714286 0.09925595238095238
1 0.06978686795529382 0.4778587962962963 0.020521763392857145 0.021577380952380952
0 0.5022879464285714 0.6325892857142857 0.8856026785714286 0.09226190476190477
1 0.06978686795529382 0.5441881613756614 0.020521763392857145 0.021577380952380952
0 0.5022879464285714 0.7300595238095238 0.8856026785714286 0.16904761904761906
1 0.06980081884815097 0.6105175264550264 0.02054966517857143 0.021577380952380952
0 0.5022879464285714 0.7488839285714286 0.8856026785714286 0.078125
1 0.06979384340172239 0.6768468915343916 0.020535714285714286 0.021577380952380952
0 0.5022879464285714 0.7666666666666667 0.8856026785714286 0.12470238095238095
1 0.06978686795529382 0.7431762566137565 0.020521763392857145 0.021577380952380952
0 0.5022879464285714 0.8305803571428572 0.8856026785714286 0.09598214285714286
1 0.06978686795529382 0.8095056216931217 0.020521763392857145 0.021577380952380952
