0 0.16975446428571428 0.2609375 0.22142857142857142 0.11294642857142857
1 0.06267091990985048 0.18095592403628116 0.007198660714285714 0.021577380952380952
0 0.16975446428571428 0.39791666666666664 0.22142857142857142 0.16071428571428573
1 0.0645961431241362 0.3230902777777778 0.011049107142857144 0.021577380952380952
0 0.16975446428571428 0.561235119047619 0.22142857142857142 0.06532738095238096
1 0.0665213663384219 0.4652246315192744 0.014899553571428572 0.021577380952380952
0 0.39140625 0.31078869047619045 0.22142857142857142 0.1337797619047619
1 0.2944842439573125 0.18095592403628116 0.027483258928571428 0.021577380952380952
0 0.39140625 0.4183779761904762 0.22142857142857142 0.05818452380952381
1 0.2953840765465982 0.3230902777777778 0.029282924107142855 0.021577380952380952
0 0.39140625 0.5523065476190476 0.22142857142857142 0.109375
1 0.2946028265465982 0.4652246315192744 0.027720424107142858 0.021577380952380952
0 0.6130580357142857 0.3366815476190476 0.22142857142857142 0.1474702380952381
1 0.5126745211297744 0.18095592403628116 0.020521763392857145 0.021577380952380952
0 0.6130580357142857 0.5430803571428572 0.22142857142857142 0.41502976190476193
1 0.5126745211297744 0.3230902777777778 0.020521763392857145 0.021577380952380952
0 0.6130580357142857 0.6194940476190476 0.22142857142857142 0.23273809523809524
1 0.5126884720226316 0.4652246315192744 0.02054966517857143 0.021577380952380952
0 0.8347098214285714 0.2617559523809524 0.22142857142857142 0.2125
1 0.7343525215165222 0.18095592403628116 0.020535714285714286 0.021577380952380952
0 0.8347098214285714 0.353125 0.22142857142857142 0.26904761904761904
1 0.7343455460700936 0.3230902777777778 0.020521763392857145 0.021577380952380952
0 0.8347098214285714 0.5055803571428571 0.22142857142857142 0.20342261904761905
1 0.7343455460700936 0.4652246315192744 0.020521763392857145 0.021577380952380952
0 0.49832589285714285 0.6914434523809524 0.8785714285714286 0.23675595238095237
1 0.0645961431241362 0.6073589852607709 0.011049107142857144 0.021577380952380952
