0 0.16975446428571428 0.25483630952380953 0.22142857142857142 0.11651785714285715
1 0.06267091990985048 0.18095592403628116 0.007198660714285714 0.021577380952380952
0 0.16975446428571428 0.3775297619047619 0.22142857142857142 0.12589285714285714
1 0.0645961431241362 0.3230902777777778 0.011049107142857144 0.021577380952380952
0 0.16975446428571428 0.552157738095238 0.22142857142857142 0.059375
1 0.0665213663384219 0.4652246315192744 0.014899553571428572 0.021577380952380952
0 0.39140625 0.32313988095238094 0.22142857142857142 0.1144345238095238
1 0.2944842439573125 0.18095592403628116 0.027483258928571428 0.021577380952380952
0 0.39140625 0.4220238095238095 0.22142857142857142 0.06398809523809523
1 0.2953840765465982 0.3230902777777778 0.029282924107142855 0.021577380952380952
0 0.39140625 0.5345238095238095 0.22142857142857142 0.0886904761904762
1 0.2946028265465982 0.4652246315192744 0.027720424107142858 0.021577380952380952
0 0.6130580357142857 0.2990327380952381 0.22142857142857142 0.2870535714285714
1 0.5126745211297744 0.18095592403628116 0.020521763392857145 0.021577380952380952
0 0.6130580357142857 0.46450892857142856 0.22142857142857142 0.228125
1 0.5126745211297744 0.3230902777777778 0.020521763392857145 0.021577380952380952
0 0.6130580357142857 0.6391369047619048 0.22142857142857142 0.287797619047619
1 0.5126884720226316 0.4652246315192744 0.02054966517857143 0.021577380952380952
0 0.8347098214285714 0.23846726190476192 0.22142857142857142 0.26205357142857144
1 0.7343525215165222 0.18095592403628116 0.020535714285714286 0.021577380952380952
0 0.8347098214285714 0.3177083333333333 0.22142857142857142 0.27529761904761907
1 0.7343455460700936 0.3230902777777778 0.020521763392857145 0.021577380952380952
0 0.8347098214285714 0.4679315476190476 0.22142857142857142 0.22931547619047618
1 0.7343455460700936 0.4652246315192744 0.020521763392857145 0.021577380952380952
0 0.49832589285714285 0.6638392857142857 0.8785714285714286 0.13005952380952382
1 0.0645961431241362 0.6073589852607709 0.011049107142857144 0.021577380952380952
