0 0.16975446428571428 0.23035714285714284 0.22142857142857142 0.16041666666666668
1 0.06267091990985048 0.18095592403628116 0.007198660714285714 0.021577380952380952
0 0.16975446428571428 0.36607142857142855 0.22142857142857142 0.15982142857142856
1 0.0645961431241362 0.3230902777777778 0.011049107142857144 0.021577380952380952
0 0.16975446428571428 0.5631696428571429 0.22142857142857142 0.08229166666666667
1 0.0665213663384219 0.4652246315192744 0.014899553571428572 0.021577380952380952
0 0.39140625 0.3436755952380952 0.22142857142857142 0.15223214285714284
1 0.2944842439573125 0.18095592403628116 0.027483258928571428 0.021577380952380952
0 0.39140625 0.4003720238095238 0.22142857142857142 0.09955357142857142
1 0.2953840765465982 0.3230902777777778 0.029282924107142855 0.021577380952380952
0 0.39140625 0.5401785714285714 0.22142857142857142 0.1005952380952381
1 0.2946028265465982 0.4652246315192744 0.027720424107142858 0.021577380952380952
0 0.6130580357142857 0.37589285714285714 0.22142857142857142 0.2324404761904762
1 0.5126745211297744 0.18095592403628116 0.020521763392857145 0.021577380952380952
0 0.6130580357142857 0.49114583333333334 0.22142857142857142 0.23616071428571428
1 0.5126745211297744 0.3230902777777778 0.020521763392857145 0.021577380952380952
0 0.6130580357142857 0.5625744047619048 0.22142857142857142 0.21860119047619048
1 0.5126884720226316 0.4652246315192744 0.02054966517857143 0.021577380952380952
0 0.8347098214285714 0.22552083333333334 0.22142857142857142 0.24419642857142856
1 0.7343525215165222 0.18095592403628116 0.020535714285714286 0.021577380952380952
0 0.8347098214285714 0.3540922619047619 0.22142857142857142 0.20104166666666667
1 0.7343455460700936 0.3230902777777778 0.020521763392857145 0.021577380952380952
0 0.8347098214285714 0.5015625 0.22142857142857142 0.16383928571428572
1 0.7343455460700936 0.4652246315192744 0.020521763392857145 0.021577380952380952
0 0.49832589285714285 0.6502232142857143 0.8785714285714286 0.17157738095238095
1 0.0645961431241362 0.6073589852607709 0.011049107142857144 0.021577380952380952
