0 0.2806919642857143 0.21867559523809524 0.44285714285714284 0.09538690476190476
1 0.06297304751642037 0.1388420414462081 0.007198660714285714 0.021577380952380952
0 0.2806919642857143 0.3196428571428571 0.44285714285714284 0.044642857142857144
1 0.06489827073070609 0.24939098324514994 0.011049107142857144 0.021577380952380952
0 0.2806919642857143 0.4297619047619048 0.44285714285714284 0.0875
1 0.0668234939449918 0.35993992504409167 0.014899553571428572 0.021577380952380952
0 0.2806919642857143 0.5584821428571428 0.44285714285714284 0.06130952380952381
1 0.07311534662356323 0.47048886684303354 0.027483258928571428 0.021577380952380952
0 0.2806919642857143 0.6688244047619047 0.44285714285714284 0.0900297619047619
1 0.07401517921284895 0.5810378086419753 0.029282924107142855 0.021577380952380952
0 0.2806919642857143 0.7612351190476191 0.44285714285714284 0.04479166666666667
1 0.07323392921284894 0.6915867504409172 0.027720424107142858 0.021577380952380987
0 0.7237723214285714 0.22254464285714284 0.44285714285714284 0.08645833333333333
1 0.5126861414223348 0.1388420414462081 0.020521763392857145 0.021577380952380952
0 0.7237723214285714 0.3636904761904762 0.44285714285714284 0.20327380952380952
1 0.5126861414223348 0.24939098324514994 0.020521763392857145 0.021577380952380952
0 0.7237723214285714 0.45989583333333334 0.44285714285714284 0.25401785714285713
1 0.512700092315192 0.35993992504409167 0.02054966517857143 0.021577380952380952
0 0.7237723214285714 0.5339285714285714 0.44285714285714284 0.1773809523809524
1 0.5126931168687634 0.47048886684303354 0.020535714285714286 0.021577380952380952
0 0.7237723214285714 0.6433035714285714 0.44285714285714284 0.11428571428571428
1 0.5126861414223348 0.5810378086419753 0.020521763392857145 0.021577380952380952
0 0.7237723214285714 0.75625 0.44285714285714284 0.12053571428571429
1 0.5126861414223348 0.6915867504409172 0.020521763392857145 0.021577380952380987
