0 0.16975446428571428 0.2824404761904762 0.22142857142857142 0.08839285714285715
1 0.06267091990985048 0.18095592403628116 0.007198660714285714 0.021577380952380952
0 0.16975446428571428 0.40342261904761906 0.22142857142857142 0.14583333333333334
1 0.0645961431241362 0.3230902777777778 0.011049107142857144 0.021577380952380952
0 0.16975446428571428 0.5489583333333333 0.22142857142857142 0.2244047619047619
1 0.0665213663384219 0.4652246315192744 0.014899553571428572 0.021577380952380952
0 0.39140625 0.2876488095238095 0.22142857142857142 0.06220238095238095
1 0.2944842439573125 0.18095592403628116 0.027483258928571428 0.021577380952380952
0 0.39140625 0.43526785714285715 0.22142857142857142 0.15654761904761905
1 0.2953840765465982 0.3230902777777778 0.029282924107142855 0.021577380952380952
0 0.39140625 0.5479910714285714 0.22142857142857142 0.18229166666666666
1 0.2946028265465982 0.4652246315192744 0.027720424107142858 0.021577380952380952
0 0.6130580357142857 0.321875 0.22142857142857142 0.16160714285714287
1 0.5126745211297744 0.18095592403628116 0.020521763392857145 0.021577380952380952
0 0.6130580357142857 0.5404761904761904 0.22142857142857142 0.3943452380952381
1 0.5126745211297744 0.3230902777777778 0.020521763392857145 0.021577380952380952
0 0.6130580357142857 0.6595982142857143 0.22142857142857142 0.4075892857142857
1 0.5126884720226316 0.4652246315192744 0.02054966517857143 0.021577380952380952
0 0.8347098214285714 0.23675595238095237 0.22142857142857142 0.2193452380952381
1 0.7343525215165222 0.18095592403628116 0.020535714285714286 0.021577380952380952
0 0.8347098214285714 0.37782738095238094 0.22142857142857142 0.21964285714285714
1 0.7343455460700936 0.3230902777777778 0.020521763392857145 0.021577380952380952
0 0.8347098214285714 0.5089285714285714 0.22142857142857142 0.17767857142857144
1 0.7343455460700936 0.4652246315192744 0.020521763392857145 0.021577380952380952
0 0.49832589285714285 0.6803571428571429 0.8785714285714286 0.16071428571428573
1 0.0645961431241362 0.6073589852607709 0.011049107142857144 0.021577380952380952
