0 0.2806919642857143 0.1819940476190476 0.44285714285714284 0.11547619047619048
1 0.06297304751642037 0.1388420414462081 0.007198660714285714 0.021577380952380952
0 0.2806919642857143 0.30498511904761905 0.44285714285714284 0.09360119047619048
1 0.06489827073070609 0.24939098324514994 0.011049107142857144 0.021577380952380952
0 0.2806919642857143 0.4525297619047619 0.44285714285714284 0.04345238095238095
1 0.0668234939449918 0.35993992504409167 0.014899553571428572 0.021577380952380952
0 0.2806919642857143 0.5869791666666667 0.44285714285714284 0.10133928571428572
1 0.07311534662356323 0.47048886684303354 0.027483258928571428 0.021577380952380952
0 0.2806919642857143 0.6394345238095238 0.44285714285714284 0.075
1 0.07401517921284895 0.5810378086419753 0.029282924107142855 0.021577380952380952
0 0.2806919642857143 0.7672619047619048 0.44285714285714284 0.05625
1 0.07323392921284894 0.6915867504409172 0.027720424107142858 0.021577380952380987
0 0.7237723214285714 0.26845238095238094 0.44285714285714284 0.13214285714285715
1 0.5126861414223348 0.1388420414462081 0.020521763392857145 0.021577380952380952
0 0.7237723214285714 0.3516369047619048 0.44285714285714284 0.11339285714285714
1 0.5126861414223348 0.24939098324514994 0.020521763392857145 0.021577380952380952
0 0.7237723214285714 0.39501488095238096 0.44285714285714284 0.14836309523809524
1 0.512700092315192 0.35993992504409167 0.02054966517857143 0.021577380952380952
0 0.7237723214285714 0.5083333333333333 0.44285714285714284 0.1488095238095238
1 0.5126931168687634 0.47048886684303354 0.020535714285714286 0.021577380952380952
0 0.7237723214285714 0.6085565476190476 0.44285714285714284 0.15104166666666666
1 0.5126861414223348 0.5810378086419753 0.020521763392857145 0.021577380952380952
0 0.7237723214285714 0.7325892857142857 0.44285714285714284 0.11160714285714286
1 0.5126861414223348 0.6915867504409172 0.020521763392857145 0.021577380952380987
