0 0.16975446428571428 0.2444940476190476 0.22142857142857142 0.12589285714285714
1 0.06267091990985048 0.18095592403628116 0.007198660714285714 0.021577380952380952
0 0.16975446428571428 0.39880952380952384 0.22142857142857142 0.08452380952380953
1 0.0645961431241362 0.3230902777777778 0.011049107142857144 0.021577380952380952
0 0.16975446428571428 0.5668898809523809 0.22142857142857142 0.0730654761904762
1 0.0665213663384219 0.4652246315192744 0.014899553571428572 0.021577380952380952
0 0.39140625 0.3177083333333333 0.22142857142857142 0.10505952380952381
1 0.2944842439573125 0.18095592403628116 0.027483258928571428 0.021577380952380952
0 0.39140625 0.4023065476190476 0.22142857142857142 0.08973214285714286
1 0.2953840765465982 0.3230902777777778 0.029282924107142855 0.021577380952380952
0 0.39140625 0.5534970238095238 0.22142857142857142 0.06264880952380952
1 0.2946028265465982 0.4652246315192744 0.027720424107142858 0.021577380952380952
0 0.6130580357142857 0.353125 0.22142857142857142 0.2288690476190476
1 0.5126745211297744 0.18095592403628116 0.020521763392857145 0.021577380952380952
0 0.6130580357142857 0.46197916666666666 0.22142857142857142 0.23675595238095237
1 0.5126745211297744 0.3230902777777778 0.020521763392857145 0.021577380952380952
0 0.6130580357142857 0.6152529761904761 0.22142857142857142 0.27961309523809524
1 0.5126884720226316 0.4652246315192744 0.02054966517857143 0.021577380952380952
0 0.8347098214285714 0.2859375 0.22142857142857142 0.2706845238095238
1 0.7343525215165222 0.18095592403628116 0.020535714285714286 0.021577380952380952
0 0.8347098214285714 0.3657738095238095 0.22142857142857142 0.18154761904761904
1 0.7343455460700936 0.3230902777777778 0.020521763392857145 0.021577380952380952
0 0.8347098214285714 0.5213541666666667 0.22142857142857142 0.1337797619047619
1 0.7343455460700936 0.4652246315192744 0.020521763392857145 0.021577380952380952
0 0.49832589285714285 0.6836309523809524 0.8785714285714286 0.08571428571428572
1 0.0645961431241362 0.6073589852607709 0.011049107142857144 0.021577380952380952
