0 0.16975446428571428 0.24925595238095238 0.22142857142857142 0.09851190476190476
1 0.06267091990985048 0.18095592403628116 0.007198660714285714 0.021577380952380952
0 0.16975446428571428 0.4005208333333333 0.22142857142857142 0.07842261904761905
1 0.0645961431241362 0.3230902777777778 0.011049107142857144 0.021577380952380952
0 0.16975446428571428 0.5733630952380953 0.22142857142857142 0.04345238095238095
1 0.0665213663384219 0.4652246315192744 0.014899553571428572 0.021577380952380952
0 0.39140625 0.31480654761904764 0.22142857142857142 0.0837797619047619
1 0.2944842439573125 0.18095592403628116 0.027483258928571428 0.021577380952380952
0 0.39140625 0.4055803571428571 0.22142857142857142 0.06860119047619048
1 0.2953840765465982 0.3230902777777778 0.029282924107142855 0.021577380952380952
0 0.39140625 0.559672619047619 0.22142857142857142 0.03869047619047619
1 0.2946028265465982 0.4652246315192744 0.027720424107142858 0.021577380952380952
0 0.6130580357142857 0.3230654761904762 0.22142857142857142 0.12470238095238095
1 0.5126745211297744 0.18095592403628116 0.020521763392857145 0.021577380952380952
0 0.6130580357142857 0.4510416666666667 0.22142857142857142 0.20892857142857144
1 0.5126745211297744 0.3230902777777778 0.020521763392857145 0.021577380952380952
0 0.6130580357142857 0.5854910714285714 0.22142857142857142 0.08050595238095239
1 0.5126884720226316 0.4652246315192744 0.02054966517857143 0.021577380952380952
0 0.8347098214285714 0.26517857142857143 0.22142857142857142 0.10892857142857143
1 0.7343525215165222 0.18095592403628116 0.020535714285714286 0.021577380952380952
0 0.8347098214285714 0.3965029761904762 0.22142857142857142 0.11889880952380952
1 0.7343455460700936 0.3230902777777778 0.020521763392857145 0.021577380952380952
0 0.8347098214285714 0.5402529761904762 0.22142857142857142 0.09657738095238096
1 0.7343455460700936 0.4652246315192744 0.020521763392857145 0.021577380952380952
0 0.49832589285714285 0.6845238095238095 0.8785714285714286 0.08779761904761904
1 0.0645961431241362 0.6073589852607709 0.011049107142857144 0.021577380952380952
