0 0.2806919642857143 0.20416666666666666 0.44285714285714284 0.05773809523809524
1 0.06297304751642037 0.1388420414462081 0.007198660714285714 0.021577380952380952
0 0.2806919642857143 0.30238095238095236 0.44285714285714284 0.0886904761904762
1 0.06489827073070609 0.24939098324514994 0.011049107142857144 0.021577380952380952
0 0.2806919642857143 0.42239583333333336 0.44285714285714284 0.05967261904761905
1 0.0668234939449918 0.35993992504409167 0.014899553571428572 0.021577380952380952
0 0.2806919642857143 0.5746279761904762 0.44285714285714284 0.0662202380952381
1 0.07311534662356323 0.47048886684303354 0.027483258928571428 0.021577380952380952
0 0.2806919642857143 0.663764880952381 0.44285714285714284 0.040327380952380955
1 0.07401517921284895 0.5810378086419753 0.029282924107142855 0.021577380952380952
0 0.2806919642857143 0.7505208333333333 0.44285714285714284 0.071875
1 0.07323392921284894 0.6915867504409172 0.027720424107142858 0.021577380952380987
0 0.7237723214285714 0.24799107142857144 0.44285714285714284 0.09717261904761905
1 0.5126861414223348 0.1388420414462081 0.020521763392857145 0.021577380952380952
0 0.7237723214285714 0.35967261904761905 0.44285714285714284 0.14464285714285716
1 0.5126861414223348 0.24939098324514994 0.020521763392857145 0.021577380952380952
0 0.7237723214285714 0.4284970238095238 0.44285714285714284 0.15223214285714284
1 0.512700092315192 0.35993992504409167 0.02054966517857143 0.021577380952380952
0 0.7237723214285714 0.5026041666666666 0.44285714285714284 0.17455357142857142
1 0.5126931168687634 0.47048886684303354 0.020535714285714286 0.021577380952380952
0 0.7237723214285714 0.6130952380952381 0.44285714285714284 0.13214285714285715
1 0.5126861414223348 0.5810378086419753 0.020521763392857145 0.021577380952380952
0 0.7237723214285714 0.7365327380952381 0.44285714285714284 0.09508928571428571
1 0.5126861414223348 0.6915867504409172 0.020521763392857145 0.021577380952380987
