0 0.16975446428571428 0.27180059523809524 0.22142857142857142 0.06235119047619048
1 0.06267091990985048 0.18095592403628116 0.007198660714285714 0.021577380952380952
0 0.16975446428571428 0.41569940476190476 0.22142857142857142 0.140625
1 0.0645961431241362 0.3230902777777778 0.011049107142857144 0.021577380952380952
0 0.16975446428571428 0.5792410714285714 0.22142857142857142 0.109375
1 0.0665213663384219 0.4652246315192744 0.014899553571428572 0.021577380952380952
0 0.39140625 0.29657738095238095 0.22142857142857142 0.09642857142857143
1 0.2944842439573125 0.18095592403628116 0.027483258928571428 0.021577380952380952
0 0.39140625 0.4164434523809524 0.22142857142857142 0.05550595238095238
1 0.2953840765465982 0.3230902777777778 0.029282924107142855 0.021577380952380952
0 0.39140625 0.5684523809523809 0.22142857142857142 0.12351190476190477
1 0.2946028265465982 0.4652246315192744 0.027720424107142858 0.021577380952380952
0 0.6130580357142857 0.25952380952380955 0.22142857142857142 0.24017857142857144
1 0.5126745211297744 0.18095592403628116 0.020521763392857145 0.021577380952380952
0 0.6130580357142857 0.512797619047619 0.22142857142857142 0.4074404761904762
1 0.5126745211297744 0.3230902777777778 0.020521763392857145 0.021577380952380952
0 0.6130580357142857 0.671577380952381 0.22142857142857142 0.3351190476190476
1 0.5126884720226316 0.4652246315192744 0.02054966517857143 0.021577380952380952
0 0.8347098214285714 0.26183035714285713 0.22142857142857142 0.4269345238095238
1 0.7343525215165222 0.18095592403628116 0.020535714285714286 0.021577380952380952
0 0.8347098214285714 0.3729910714285714 0.22142857142857142 0.3325892857142857
1 0.7343455460700936 0.3230902777777778 0.020521763392857145 0.021577380952380952
0 0.8347098214285714 0.5174107142857143 0.22142857142857142 0.20357142857142857
1 0.7343455460700936 0.4652246315192744 0.020521763392857145 0.021577380952380952
0 0.49832589285714285 0.705654761904762 0.8785714285714286 0.15773809523809523
1 0.0645961431241362 0.6073589852607709 0.011049107142857144 0.021577380952380952
