0 0.5022879464285714 0.12165178571428571 0.8856026785714286 0.039732142857142855
1 0.0631253166160081 0.07988260582010584 0.007198660714285714 0.021577380952380952
0 0.5022879464285714 0.17924107142857143 0.8856026785714286 0.06741071428571428
1 0.06505053983029382 0.1462119708994709 0.011049107142857144 0.021577380952380952
0 0.5022879464285714 0.25751488095238095 0.8856026785714286 0.03705357142857143
1 0.06697576304457953 0.21254133597883595 0.014899553571428572 0.021577380952380952
0 0.5022879464285714 0.34739583333333335 0.8856026785714286 0.051041666666666666
1 0.07326761572315096 0.27887070105820105 0.027483258928571428 0.021577380952380952
0 0.5022879464285714 0.397172619047619 0.8856026785714286 0.016666666666666666
1 0.07416744831243667 0.3452000661375661 0.029282924107142855 0.021577380952380952
0 0.5022879464285714 0.4504464285714286 0.8856026785714286 0.052083333333333336
1 0.07338619831243667 0.41152943121693125 0.027720424107142858 0.021577380952380952
0 0.5022879464285714 0.5545386904761904 0.8856026785714286 0.06354166666666666
1 0.06978686795529382 0.4778587962962963 0.020521763392857145 0.021577380952380952
0 0.5022879464285714 0.5943452380952381 0.8856026785714286 0.034523809523809526
1 0.06978686795529382 0.5441881613756614 0.020521763392857145 0.021577380952380952
0 0.5022879464285714 0.6607142857142857 0.8856026785714286 0.03511904761904762
1 0.06980081884815097 0.6105175264550264 0.02054966517857143 0.021577380952380952
0 0.5022879464285714 0.7267113095238096 0.8856026785714286 0.034375
1 0.06979384340172239 0.6768468915343916 0.020535714285714286 0.021577380952380952
0 0.5022879464285714 0.7699404761904762 0.8856026785714286 0.08035714285714286
1 0.06978686795529382 0.7431762566137565 0.020521763392857145 0.021577380952380952
0 0.5022879464285714 0.836235119047619 0.8856026785714286 0.071875
1 0.06978686795529382 0.8095056216931217 0.020521763392857145 0.021577380952380952
