0 0.2806919642857143 0.2177827380952381 0.44285714285714284 0.05074404761904762
1 0.06297304751642037 0.1388420414462081 0.007198660714285714 0.021577380952380952
0 0.2806919642857143 0.3183035714285714 0.44285714285714284 0.06875
1 0.06489827073070609 0.24939098324514994 0.011049107142857144 0.021577380952380952
0 0.2806919642857143 0.4295386904761905 0.44285714285714284 0.05282738095238095
1 0.0668234939449918 0.35993992504409167 0.014899553571428572 0.021577380952380952
0 0.2806919642857143 0.5605654761904761 0.44285714285714284 0.05327380952380952
1 0.07311534662356323 0.47048886684303354 0.027483258928571428 0.021577380952380952
0 0.2806919642857143 0.6691220238095238 0.44285714285714284 0.04092261904761905
1 0.07401517921284895 0.5810378086419753 0.029282924107142855 0.021577380952380952
0 0.2806919642857143 0.7600446428571429 0.44285714285714284 0.05669642857142857
1 0.07323392921284894 0.6915867504409172 0.027720424107142858 0.021577380952380987
0 0.7237723214285714 0.23385416666666667 0.44285714285714284 0.05163690476190476
1 0.5126861414223348 0.1388420414462081 0.020521763392857145 0.021577380952380952
0 0.7237723214285714 0.3302083333333333 0.44285714285714284 0.1619047619047619
1 0.5126861414223348 0.24939098324514994 0.020521763392857145 0.021577380952380952
0 0.7237723214285714 0.4216517857142857 0.44285714285714284 0.16473214285714285
1 0.512700092315192 0.35993992504409167 0.02054966517857143 0.021577380952380952
0 0.7237723214285714 0.5283482142857143 0.44285714285714284 0.1537202380952381
1 0.5126931168687634 0.47048886684303354 0.020535714285714286 0.021577380952380952
0 0.7237723214285714 0.640327380952381 0.44285714285714284 0.11428571428571428
1 0.5126861414223348 0.5810378086419753 0.020521763392857145 0.021577380952380952
0 0.7237723214285714 0.7619047619047619 0.44285714285714284 0.11369047619047619
1 0.5126861414223348 0.6915867504409172 0.020521763392857145 0.021577380952380987
