0 0.16975446428571428 0.2689732142857143 0.22142857142857142 0.059375
1 0.06267091990985048 0.18095592403628116 0.007198660714285714 0.021577380952380952
0 0.16975446428571428 0.39694940476190477 0.22142857142857142 0.09657738095238096
1 0.0645961431241362 0.3230902777777778 0.011049107142857144 0.021577380952380952
0 0.16975446428571428 0.5524553571428571 0.22142857142857142 0.061755952380952384
1 0.0665213663384219 0.4652246315192744 0.014899553571428572 0.021577380952380952
0 0.39140625 0.30751488095238094 0.22142857142857142 0.07574404761904761
1 0.2944842439573125 0.18095592403628116 0.027483258928571428 0.021577380952380952
0 0.39140625 0.42745535714285715 0.22142857142857142 0.018898809523809523
1 0.2953840765465982 0.3230902777777778 0.029282924107142855 0.021577380952380952
0 0.39140625 0.5464285714285714 0.22142857142857142 0.07797619047619048
1 0.2946028265465982 0.4652246315192744 0.027720424107142858 0.021577380952380952
0 0.6130580357142857 0.3003720238095238 0.22142857142857142 0.08913690476190476
1 0.5126745211297744 0.18095592403628116 0.020521763392857145 0.021577380952380952
0 0.6130580357142857 0.4470982142857143 0.22142857142857142 0.1299107142857143
1 0.5126745211297744 0.3230902777777778 0.020521763392857145 0.021577380952380952
0 0.6130580357142857 0.5755208333333334 0.22142857142857142 0.11264880952380953
1 0.5126884720226316 0.4652246315192744 0.02054966517857143 0.021577380952380952
0 0.8347098214285714 0.26026785714285716 0.22142857142857142 0.13333333333333333
1 0.7343525215165222 0.18095592403628116 0.020535714285714286 0.021577380952380952
0 0.8347098214285714 0.39806547619047616 0.22142857142857142 0.12232142857142857
1 0.7343455460700936 0.3230902777777778 0.020521763392857145 0.021577380952380952
0 0.8347098214285714 0.5468005952380952 0.22142857142857142 0.11532738095238096
1 0.7343455460700936 0.4652246315192744 0.020521763392857145 0.021577380952380952
0 0.49832589285714285 0.6755952380952381 0.8785714285714286 0.11964285714285715
1 0.0645961431241362 0.6073589852607709 0.011049107142857144 0.021577380952380952
