0 0.2806919642857143 0.1943452380952381 0.44285714285714284 0.13988095238095238
1 0.06297304751642037 0.1388420414462081 0.007198660714285714 0.021577380952380952
0 0.2806919642857143 0.3380952380952381 0.44285714285714284 0.07529761904761904
1 0.06489827073070609 0.24939098324514994 0.011049107142857144 0.021577380952380952
0 0.2806919642857143 0.4686755952380952 0.44285714285714284 0.19419642857142858
1 0.0668234939449918 0.35993992504409167 0.014899553571428572 0.021577380952380952
0 0.2806919642857143 0.5654017857142857 0.44285714285714284 0.06354166666666666
1 0.07311534662356323 0.47048886684303354 0.027483258928571428 0.021577380952380952
0 0.2806919642857143 0.6380208333333334 0.44285714285714284 0.16354166666666667
1 0.07401517921284895 0.5810378086419753 0.029282924107142855 0.021577380952380952
0 0.2806919642857143 0.7889880952380952 0.44285714285714284 0.13125
1 0.07323392921284894 0.6915867504409172 0.027720424107142858 0.021577380952380987
0 0.7237723214285714 0.25625 0.44285714285714284 0.1875
1 0.5126861414223348 0.1388420414462081 0.020521763392857145 0.021577380952380952
0 0.7237723214285714 0.4113095238095238 0.44285714285714284 0.3619047619047619
1 0.5126861414223348 0.24939098324514994 0.020521763392857145 0.021577380952380952
0 0.7237723214285714 0.5248511904761904 0.44285714285714284 0.35714285714285715
1 0.512700092315192 0.35993992504409167 0.02054966517857143 0.021577380952380952
0 0.7237723214285714 0.5889880952380953 0.44285714285714284 0.16279761904761905
1 0.5126931168687634 0.47048886684303354 0.020535714285714286 0.021577380952380952
0 0.7237723214285714 0.6526041666666667 0.44285714285714284 0.05431547619047619
1 0.5126861414223348 0.5810378086419753 0.020521763392857145 0.021577380952380952
0 0.7237723214285714 0.7604910714285714 0.44285714285714284 0.06860119047619048
1 0.5126861414223348 0.6915867504409172 0.020521763392857145 0.021577380952380987
