0 0.16975446428571428 0.2484375 0.22142857142857142 0.14985119047619047
1 0.06267091990985048 0.18095592403628116 0.007198660714285714 0.021577380952380952
0 0.16975446428571428 0.41875 0.22142857142857142 0.10952380952380952
1 0.0645961431241362 0.3230902777777778 0.011049107142857144 0.021577380952380952
0 0.16975446428571428 0.5925595238095238 0.22142857142857142 0.09136904761904761
1 0.0665213663384219 0.4652246315192744 0.014899553571428572 0.021577380952380952
0 0.39140625 0.30245535714285715 0.22142857142857142 0.11860119047619047
1 0.2944842439573125 0.18095592403628116 0.027483258928571428 0.021577380952380952
0 0.39140625 0.3952380952380952 0.22142857142857142 0.11845238095238095
1 0.2953840765465982 0.3230902777777778 0.029282924107142855 0.021577380952380952
0 0.39140625 0.5772321428571429 0.22142857142857142 0.055357142857142855
1 0.2946028265465982 0.4652246315192744 0.027720424107142858 0.021577380952380952
0 0.6130580357142857 0.3084077380952381 0.22142857142857142 0.10610119047619047
1 0.5126745211297744 0.18095592403628116 0.020521763392857145 0.021577380952380952
0 0.6130580357142857 0.49322916666666666 0.22142857142857142 0.20223214285714286
1 0.5126745211297744 0.3230902777777778 0.020521763392857145 0.021577380952380952
0 0.6130580357142857 0.6050595238095238 0.22142857142857142 0.15922619047619047
1 0.5126884720226316 0.4652246315192744 0.02054966517857143 0.021577380952380952
0 0.8347098214285714 0.2996279761904762 0.22142857142857142 0.15997023809523808
1 0.7343525215165222 0.18095592403628116 0.020535714285714286 0.021577380952380952
0 0.8347098214285714 0.42291666666666666 0.22142857142857142 0.13660714285714284
1 0.7343455460700936 0.3230902777777778 0.020521763392857145 0.021577380952380952
0 0.8347098214285714 0.5415178571428572 0.22142857142857142 0.11041666666666666
1 0.7343455460700936 0.4652246315192744 0.020521763392857145 0.021577380952380952
0 0.49832589285714285 0.6987351190476191 0.8785714285714286 0.11800595238095238
1 0.0645961431241362 0.6073589852607709 0.011049107142857144 0.021577380952380952
