0 0.2806919642857143 0.19806547619047618 0.44285714285714284 0.0693452380952381
1 0.06297304751642037 0.1388420414462081 0.007198660714285714 0.021577380952380952
0 0.2806919642857143 0.3527529761904762 0.44285714285714284 0.090625
1 0.06489827073070609 0.24939098324514994 0.011049107142857144 0.021577380952380952
0 0.2806919642857143 0.4787202380952381 0.44285714285714284 0.10833333333333334
1 0.0668234939449918 0.35993992504409167 0.014899553571428572 0.021577380952380952
0 0.2806919642857143 0.5590773809523809 0.44285714285714284 0.060714285714285714
1 0.07311534662356323 0.47048886684303354 0.027483258928571428 0.021577380952380952
0 0.2806919642857143 0.6396577380952381 0.44285714285714284 0.07038690476190476
1 0.07401517921284895 0.5810378086419753 0.029282924107142855 0.021577380952380952
0 0.2806919642857143 0.8043154761904762 0.44285714285714284 0.09613095238095239
1 0.07323392921284894 0.6915867504409172 0.027720424107142858 0.021577380952380987
0 0.7237723214285714 0.24166666666666667 0.44285714285714284 0.07202380952380952
1 0.5126861414223348 0.1388420414462081 0.020521763392857145 0.021577380952380952
0 0.7237723214285714 0.3345982142857143 0.44285714285714284 0.084375
1 0.5126861414223348 0.24939098324514994 0.020521763392857145 0.021577380952380952
0 0.7237723214285714 0.46279761904761907 0.44285714285714284 0.13541666666666666
1 0.512700092315192 0.35993992504409167 0.02054966517857143 0.021577380952380952
0 0.7237723214285714 0.5363095238095238 0.44285714285714284 0.14970238095238095
1 0.5126931168687634 0.47048886684303354 0.020535714285714286 0.021577380952380952
0 0.7237723214285714 0.6231398809523809 0.44285714285714284 0.12068452380952381
1 0.5126861414223348 0.5810378086419753 0.020521763392857145 0.021577380952380952
0 0.7237723214285714 0.7372767857142857 0.44285714285714284 0.09270833333333334
1 0.5126861414223348 0.6915867504409172 0.020521763392857145 0.021577380952380987
