0 0.16975446428571428 0.2677827380952381 0.22142857142857142 0.06056547619047619
1 0.06267091990985048 0.18095592403628116 0.007198660714285714 0.021577380952380952
0 0.16975446428571428 0.3933779761904762 0.22142857142857142 0.12366071428571429
1 0.0645961431241362 0.3230902777777778 0.011049107142857144 0.021577380952380952
0 0.16975446428571428 0.5537202380952381 0.22142857142857142 0.07946428571428571
1 0.0665213663384219 0.4652246315192744 0.014899553571428572 0.021577380952380952
0 0.39140625 0.30811011904761904 0.22142857142857142 0.08913690476190476
1 0.2944842439573125 0.18095592403628116 0.027483258928571428 0.021577380952380952
0 0.39140625 0.42410714285714285 0.22142857142857142 0.04136904761904762
1 0.2953840765465982 0.3230902777777778 0.029282924107142855 0.021577380952380952
0 0.39140625 0.5444940476190476 0.22142857142857142 0.10119047619047619
1 0.2946028265465982 0.4652246315192744 0.027720424107142858 0.021577380952380952
0 0.6130580357142857 0.3044642857142857 0.22142857142857142 0.1386904761904762
1 0.5126745211297744 0.18095592403628116 0.020521763392857145 0.021577380952380952
0 0.6130580357142857 0.4533482142857143 0.22142857142857142 0.2349702380952381
1 0.5126745211297744 0.3230902777777778 0.020521763392857145 0.021577380952380952
0 0.6130580357142857 0.5783482142857143 0.22142857142857142 0.3081845238095238
1 0.5126884720226316 0.4652246315192744 0.02054966517857143 0.021577380952380952
0 0.8347098214285714 0.23697916666666666 0.22142857142857142 0.30520833333333336
1 0.7343525215165222 0.18095592403628116 0.020535714285714286 0.021577380952380952
0 0.8347098214285714 0.3508184523809524 0.22142857142857142 0.29270833333333335
1 0.7343455460700936 0.3230902777777778 0.020521763392857145 0.021577380952380952
0 0.8347098214285714 0.5067708333333333 0.22142857142857142 0.1894345238095238
1 0.7343455460700936 0.4652246315192744 0.020521763392857145 0.021577380952380952
0 0.49832589285714285 0.6683779761904762 0.8785714285714286 0.14211309523809523
1 0.0645961431241362 0.6073589852607709 0.011049107142857144 0.021577380952380952
