0 0.16975446428571428 0.2773065476190476 0.22142857142857142 0.07098214285714285
1 0.06267091990985048 0.18095592403628116 0.007198660714285714 0.021577380952380952
0 0.16975446428571428 0.42663690476190474 0.22142857142857142 0.06964285714285715
1 0.0645961431241362 0.3230902777777778 0.011049107142857144 0.021577380952380952
0 0.16975446428571428 0.5701636904761904 0.22142857142857142 0.025744047619047618
1 0.0665213663384219 0.4652246315192744 0.014899553571428572 0.021577380952380952
0 0.39140625 0.2889136904761905 0.22142857142857142 0.06741071428571428
1 0.2944842439573125 0.18095592403628116 0.027483258928571428 0.021577380952380952
0 0.39140625 0.4226934523809524 0.22142857142857142 0.045089285714285714
1 0.2953840765465982 0.3230902777777778 0.029282924107142855 0.021577380952380952
0 0.39140625 0.5721726190476191 0.22142857142857142 0.042261904761904764
1 0.2946028265465982 0.4652246315192744 0.027720424107142858 0.021577380952380952
0 0.6130580357142857 0.3194940476190476 0.22142857142857142 0.15267857142857144
1 0.5126745211297744 0.18095592403628116 0.020521763392857145 0.021577380952380952
0 0.6130580357142857 0.5014880952380952 0.22142857142857142 0.3080357142857143
1 0.5126745211297744 0.3230902777777778 0.020521763392857145 0.021577380952380952
0 0.6130580357142857 0.6076636904761905 0.22142857142857142 0.24241071428571428
1 0.5126884720226316 0.4652246315192744 0.02054966517857143 0.021577380952380952
0 0.8347098214285714 0.29203869047619047 0.22142857142857142 0.17842261904761905
1 0.7343525215165222 0.18095592403628116 0.020535714285714286 0.021577380952380952
0 0.8347098214285714 0.40870535714285716 0.22142857142857142 0.115625
1 0.7343455460700936 0.3230902777777778 0.020521763392857145 0.021577380952380952
0 0.8347098214285714 0.5287946428571428 0.22142857142857142 0.08645833333333333
1 0.7343455460700936 0.4652246315192744 0.020521763392857145 0.021577380952380952
0 0.49832589285714285 0.7049851190476191 0.8785714285714286 0.08139880952380953
1 0.0645961431241362 0.6073589852607709 0.011049107142857144 0.021577380952380952
