0 0.2806919642857143 0.2070684523809524 0.44285714285714284 0.06949404761904762
1 0.06297304751642037 0.1388420414462081 0.007198660714285714 0.021577380952380952
0 0.2806919642857143 0.30758928571428573 0.44285714285714284 0.12738095238095237
1 0.06489827073070609 0.24939098324514994 0.011049107142857144 0.021577380952380952
0 0.2806919642857143 0.4295386904761905 0.44285714285714284 0.07098214285714285
1 0.0668234939449918 0.35993992504409167 0.014899553571428572 0.021577380952380952
0 0.2806919642857143 0.570610119047619 0.44285714285714284 0.09627976190476191
1 0.07311534662356323 0.47048886684303354 0.027483258928571428 0.021577380952380952
0 0.2806919642857143 0.6645089285714286 0.44285714285714284 0.018601190476190476
1 0.07401517921284895 0.5810378086419753 0.029282924107142855 0.021577380952380952
0 0.2806919642857143 0.755282738095238 0.44285714285714284 0.09806547619047619
1 0.07323392921284894 0.6915867504409172 0.027720424107142858 0.021577380952380987
0 0.7237723214285714 0.2538690476190476 0.44285714285714284 0.11398809523809524
1 0.5126861414223348 0.1388420414462081 0.020521763392857145 0.021577380952380952
0 0.7237723214285714 0.3898809523809524 0.44285714285714284 0.26011904761904764
1 0.5126861414223348 0.24939098324514994 0.020521763392857145 0.021577380952380952
0 0.7237723214285714 0.44702380952380955 0.44285714285714284 0.22172619047619047
1 0.512700092315192 0.35993992504409167 0.02054966517857143 0.021577380952380952
0 0.7237723214285714 0.505282738095238 0.44285714285714284 0.3007440476190476
1 0.5126931168687634 0.47048886684303354 0.020535714285714286 0.021577380952380952
0 0.7237723214285714 0.6152529761904761 0.44285714285714284 0.18169642857142856
1 0.5126861414223348 0.5810378086419753 0.020521763392857145 0.021577380952380952
0 0.7237723214285714 0.7375744047619047 0.44285714285714284 0.11026785714285714
1 0.5126861414223348 0.6915867504409172 0.020521763392857145 0.021577380952380987
