0 0.2806919642857143 0.1998511904761905 0.44285714285714284 0.0681547619047619
1 0.06297304751642037 0.1388420414462081 0.007198660714285714 0.021577380952380952
0 0.2806919642857143 0.31674107142857144 0.44285714285714284 0.05848214285714286
1 0.06489827073070609 0.24939098324514994 0.011049107142857144 0.021577380952380952
0 0.2806919642857143 0.44300595238095236 0.44285714285714284 0.02738095238095238
1 0.0668234939449918 0.35993992504409167 0.014899553571428572 0.021577380952380952
0 0.2806919642857143 0.5714285714285714 0.44285714285714284 0.06160714285714286
1 0.07311534662356323 0.47048886684303354 0.027483258928571428 0.021577380952380952
0 0.2806919642857143 0.6514136904761905 0.44285714285714284 0.045089285714285714
1 0.07401517921284895 0.5810378086419753 0.029282924107142855 0.021577380952380952
0 0.2806919642857143 0.7693452380952381 0.44285714285714284 0.03660714285714286
1 0.07323392921284894 0.6915867504409172 0.027720424107142858 0.021577380952380987
0 0.7237723214285714 0.22738095238095238 0.44285714285714284 0.06220238095238095
1 0.5126861414223348 0.1388420414462081 0.020521763392857145 0.021577380952380952
0 0.7237723214285714 0.34464285714285714 0.44285714285714284 0.10654761904761904
1 0.5126861414223348 0.24939098324514994 0.020521763392857145 0.021577380952380952
0 0.7237723214285714 0.44166666666666665 0.44285714285714284 0.1255952380952381
1 0.512700092315192 0.35993992504409167 0.02054966517857143 0.021577380952380952
0 0.7237723214285714 0.533779761904762 0.44285714285714284 0.12053571428571429
1 0.5126931168687634 0.47048886684303354 0.020535714285714286 0.021577380952380952
0 0.7237723214285714 0.6354910714285714 0.44285714285714284 0.11473214285714285
1 0.5126861414223348 0.5810378086419753 0.020521763392857145 0.021577380952380952
0 0.7237723214285714 0.7398809523809524 0.44285714285714284 0.10297619047619047
1 0.5126861414223348 0.6915867504409172 0.020521763392857145 0.021577380952380987
