0 0.2806919642857143 0.20014880952380953 0.44285714285714284 0.08660714285714285
1 0.06297304751642037 0.1388420414462081 0.007198660714285714 0.021577380952380952
0 0.2806919642857143 0.2904017857142857 0.44285714285714284 0.17395833333333333
1 0.06489827073070609 0.24939098324514994 0.011049107142857144 0.021577380952380952
0 0.2806919642857143 0.41897321428571427 0.44285714285714284 0.10550595238095238
1 0.0668234939449918 0.35993992504409167 0.014899553571428572 0.021577380952380952
0 0.2806919642857143 0.5828125 0.44285714285714284 0.12782738095238094
1 0.07311534662356323 0.47048886684303354 0.027483258928571428 0.021577380952380952
0 0.2806919642857143 0.6639136904761904 0.44285714285714284 0.037351190476190475
1 0.07401517921284895 0.5810378086419753 0.029282924107142855 0.021577380952380952
0 0.2806919642857143 0.7408482142857142 0.44285714285714284 0.13824404761904763
1 0.07323392921284894 0.6915867504409172 0.027720424107142858 0.021577380952380987
0 0.7237723214285714 0.23199404761904763 0.44285714285714284 0.1574404761904762
1 0.5126861414223348 0.1388420414462081 0.020521763392857145 0.021577380952380952
0 0.7237723214285714 0.3456845238095238 0.44285714285714284 0.275
1 0.5126861414223348 0.24939098324514994 0.020521763392857145 0.021577380952380952
0 0.7237723214285714 0.3595982142857143 0.44285714285714284 0.2769345238095238
1 0.512700092315192 0.35993992504409167 0.02054966517857143 0.021577380952380952
0 0.7237723214285714 0.4734375 0.44285714285714284 0.2337797619047619
1 0.5126931168687634 0.47048886684303354 0.020535714285714286 0.021577380952380952
0 0.7237723214285714 0.6002232142857142 0.44285714285714284 0.1992559523809524
1 0.5126861414223348 0.5810378086419753 0.020521763392857145 0.021577380952380952
0 0.7237723214285714 0.7253720238095238 0.44285714285714284 0.16413690476190476
1 0.5126861414223348 0.6915867504409172 0.020521763392857145 0.021577380952380987
