0 0.16975446428571428 0.2662202380952381 0.22142857142857142 0.07410714285714286
1 0.06267091990985048 0.18095592403628116 0.007198660714285714 0.021577380952380952
0 0.16975446428571428 0.37805059523809526 0.22142857142857142 0.17604166666666668
1 0.0645961431241362 0.3230902777777778 0.011049107142857144 0.021577380952380952
0 0.16975446428571428 0.5388392857142857 0.22142857142857142 0.12767857142857142
1 0.0665213663384219 0.4652246315192744 0.014899553571428572 0.021577380952380952
0 0.39140625 0.31845238095238093 0.22142857142857142 0.11964285714285715
1 0.2944842439573125 0.18095592403628116 0.027483258928571428 0.021577380952380952
0 0.39140625 0.43444940476190474 0.22142857142857142 0.04717261904761905
1 0.2953840765465982 0.3230902777777778 0.029282924107142855 0.021577380952380952
0 0.39140625 0.5296130952380952 0.22142857142857142 0.15178571428571427
1 0.2946028265465982 0.4652246315192744 0.027720424107142858 0.021577380952380952
0 0.6130580357142857 0.3169642857142857 0.22142857142857142 0.15178571428571427
1 0.5126745211297744 0.18095592403628116 0.020521763392857145 0.021577380952380952
0 0.6130580357142857 0.4979166666666667 0.22142857142857142 0.35833333333333334
1 0.5126745211297744 0.3230902777777778 0.020521763392857145 0.021577380952380952
0 0.6130580357142857 0.5821428571428572 0.22142857142857142 0.1875
1 0.5126884720226316 0.4652246315192744 0.02054966517857143 0.021577380952380952
0 0.8347098214285714 0.20245535714285715 0.22142857142857142 0.23616071428571428
1 0.7343525215165222 0.18095592403628116 0.020535714285714286 0.021577380952380952
0 0.8347098214285714 0.34144345238095236 0.22142857142857142 0.22842261904761904
1 0.7343455460700936 0.3230902777777778 0.020521763392857145 0.021577380952380952
0 0.8347098214285714 0.49055059523809524 0.22142857142857142 0.21086309523809524
1 0.7343455460700936 0.4652246315192744 0.020521763392857145 0.021577380952380952
0 0.49832589285714285 0.6625744047619048 0.8785714285714286 0.190625
1 0.0645961431241362 0.6073589852607709 0.011049107142857144 0.021577380952380952
