0 0.2806919642857143 0.21354166666666666 0.44285714285714284 0.04583333333333333
1 0.06297304751642037 0.1388420414462081 0.007198660714285714 0.021577380952380952
0 0.2806919642857143 0.2933779761904762 0.44285714285714284 0.12485119047619048
1 0.06489827073070609 0.24939098324514994 0.011049107142857144 0.021577380952380952
0 0.2806919642857143 0.4121279761904762 0.44285714285714284 0.09449404761904762
1 0.0668234939449918 0.35993992504409167 0.014899553571428572 0.021577380952380952
0 0.2806919642857143 0.5748511904761905 0.44285714285714284 0.08125
1 0.07311534662356323 0.47048886684303354 0.027483258928571428 0.021577380952380952
0 0.2806919642857143 0.6735119047619048 0.44285714285714284 0.04136904761904762
1 0.07401517921284895 0.5810378086419753 0.029282924107142855 0.021577380952380952
0 0.2806919642857143 0.7392857142857143 0.44285714285714284 0.10892857142857143
1 0.07323392921284894 0.6915867504409172 0.027720424107142858 0.021577380952380987
0 0.7237723214285714 0.2619047619047619 0.44285714285714284 0.13720238095238096
1 0.5126861414223348 0.1388420414462081 0.020521763392857145 0.021577380952380952
0 0.7237723214285714 0.38035714285714284 0.44285714285714284 0.2074404761904762
1 0.5126861414223348 0.24939098324514994 0.020521763392857145 0.021577380952380952
0 0.7237723214285714 0.403125 0.44285714285714284 0.15089285714285713
1 0.512700092315192 0.35993992504409167 0.02054966517857143 0.021577380952380952
0 0.7237723214285714 0.5055803571428571 0.44285714285714284 0.1974702380952381
1 0.5126931168687634 0.47048886684303354 0.020535714285714286 0.021577380952380952
0 0.7237723214285714 0.6225446428571428 0.44285714285714284 0.13258928571428572
1 0.5126861414223348 0.5810378086419753 0.020521763392857145 0.021577380952380952
0 0.7237723214285714 0.7465029761904762 0.44285714285714284 0.1144345238095238
1 0.5126861414223348 0.6915867504409172 0.020521763392857145 0.021577380952380987
