0 0.5022879464285714 0.1360863095238095 0.8856026785714286 0.040625
1 0.0631253166160081 0.07988260582010584 0.007198660714285714 0.021577380952380952
0 0.5022879464285714 0.18764880952380952 0.8856026785714286 0.09732142857142857
1 0.06505053983029382 0.1462119708994709 0.011049107142857144 0.021577380952380952
0 0.5022879464285714 0.24724702380952382 0.8856026785714286 0.08735119047619047
1 0.06697576304457953 0.21254133597883595 0.014899553571428572 0.021577380952380952
0 0.5022879464285714 0.334375 0.8856026785714286 0.05714285714285714
1 0.07326761572315096 0.27887070105820105 0.027483258928571428 0.021577380952380952
0 0.5022879464285714 0.40989583333333335 0.8856026785714286 0.04747023809523809
1 0.07416744831243667 0.3452000661375661 0.029282924107142855 0.021577380952380952
0 0.5022879464285714 0.45014880952380953 0.8856026785714286 0.09107142857142857
1 0.07338619831243667 0.41152943121693125 0.027720424107142858 0.021577380952380952
0 0.5022879464285714 0.5540178571428571 0.8856026785714286 0.07738095238095238
1 0.06978686795529382 0.4778587962962963 0.020521763392857145 0.021577380952380952
0 0.5022879464285714 0.6538690476190476 0.8856026785714286 0.21666666666666667
1 0.06978686795529382 0.5441881613756614 0.020521763392857145 0.021577380952380952
0 0.5022879464285714 0.6999255952380953 0.8856026785714286 0.17038690476190477
1 0.06980081884815097 0.6105175264550264 0.02054966517857143 0.021577380952380952
0 0.5022879464285714 0.726264880952381 0.8856026785714286 0.16889880952380953
1 0.06979384340172239 0.6768468915343916 0.020535714285714286 0.021577380952380952
0 0.5022879464285714 0.7810267857142857 0.8856026785714286 0.11770833333333333
1 0.06978686795529382 0.7431762566137565 0.020521763392857145 0.021577380952380952
0 0.5022879464285714 0.8445684523809524 0.8856026785714286 0.08705357142857142
1 0.06978686795529382 0.8095056216931217 0.020521763392857145 0.021577380952380952
