0 0.16975446428571428 0.24241071428571428 0.22142857142857142 0.1619047619047619
1 0.06267091990985048 0.18095592403628116 0.007198660714285714 0.021577380952380952
0 0.16975446428571428 0.4402529761904762 0.22142857142857142 0.09360119047619048
1 0.0645961431241362 0.3230902777777778 0.011049107142857144 0.021577380952380952
0 0.16975446428571428 0.6226934523809524 0.22142857142857142 0.13199404761904762
1 0.0665213663384219 0.4652246315192744 0.014899553571428572 0.021577380952380952
0 0.39140625 0.29538690476190477 0.22142857142857142 0.11041666666666666
1 0.2944842439573125 0.18095592403628116 0.027483258928571428 0.021577380952380952
0 0.39140625 0.3751488095238095 0.22142857142857142 0.1392857142857143
1 0.2953840765465982 0.3230902777777778 0.029282924107142855 0.021577380952380952
0 0.39140625 0.5986607142857143 0.22142857142857142 0.08452380952380953
1 0.2946028265465982 0.4652246315192744 0.027720424107142858 0.021577380952380952
0 0.6130580357142857 0.3124255952380952 0.22142857142857142 0.0956845238095238
1 0.5126745211297744 0.18095592403628116 0.020521763392857145 0.021577380952380952
0 0.6130580357142857 0.43720238095238095 0.22142857142857142 0.1130952380952381
1 0.5126745211297744 0.3230902777777778 0.020521763392857145 0.021577380952380952
0 0.6130580357142857 0.5592261904761905 0.22142857142857142 0.13363095238095238
1 0.5126884720226316 0.4652246315192744 0.02054966517857143 0.021577380952380952
0 0.8347098214285714 0.28095238095238095 0.22142857142857142 0.10267857142857142
1 0.7343525215165222 0.18095592403628116 0.020535714285714286 0.021577380952380952
0 0.8347098214285714 0.42284226190476193 0.22142857142857142 0.09330357142857143
1 0.7343455460700936 0.3230902777777778 0.020521763392857145 0.021577380952380952
0 0.8347098214285714 0.5649553571428572 0.22142857142857142 0.07693452380952381
1 0.7343455460700936 0.4652246315192744 0.020521763392857145 0.021577380952380952
0 0.49832589285714285 0.7166666666666667 0.8785714285714286 0.10922619047619048
1 0.0645961431241362 0.6073589852607709 0.011049107142857144 0.021577380952380952
