0 0.2806919642857143 0.20461309523809523 0.44285714285714284 0.058333333333333334
1 0.06297304751642037 0.1388420414462081 0.007198660714285714 0.021577380952380952
0 0.2806919642857143 0.3055059523809524 0.44285714285714284 0.07529761904761904
1 0.06489827073070609 0.24939098324514994 0.011049107142857144 0.021577380952380952
0 0.2806919642857143 0.43459821428571427 0.44285714285714284 0.032589285714285716
1 0.0668234939449918 0.35993992504409167 0.014899553571428572 0.021577380952380952
0 0.2806919642857143 0.5732886904761905 0.44285714285714284 0.065625
1 0.07311534662356323 0.47048886684303354 0.027483258928571428 0.021577380952380952
0 0.2806919642857143 0.6600446428571428 0.44285714285714284 0.029613095238095237
1 0.07401517921284895 0.5810378086419753 0.029282924107142855 0.021577380952380952
0 0.2806919642857143 0.7558779761904761 0.44285714285714284 0.05193452380952381
1 0.07323392921284894 0.6915867504409172 0.027720424107142858 0.021577380952380987
0 0.7237723214285714 0.24739583333333334 0.44285714285714284 0.08348214285714285
1 0.5126861414223348 0.1388420414462081 0.020521763392857145 0.021577380952380952
0 0.7237723214285714 0.32276785714285716 0.44285714285714284 0.05416666666666667
1 0.5126861414223348 0.24939098324514994 0.020521763392857145 0.021577380952380952
0 0.7237723214285714 0.40654761904761905 0.44285714285714284 0.10416666666666667
1 0.512700092315192 0.35993992504409167 0.02054966517857143 0.021577380952380952
0 0.7237723214285714 0.518452380952381 0.44285714285714284 0.10297619047619047
1 0.5126931168687634 0.47048886684303354 0.020535714285714286 0.021577380952380952
0 0.7237723214285714 0.6336309523809524 0.44285714285714284 0.0931547619047619
1 0.5126861414223348 0.5810378086419753 0.020521763392857145 0.021577380952380952
0 0.7237723214285714 0.7539434523809524 0.44285714285714284 0.08050595238095239
1 0.5126861414223348 0.6915867504409172 0.020521763392857145 0.021577380952380987
