0 0.16975446428571428 0.2720238095238095 0.22142857142857142 0.06488095238095239
1 0.06267091990985048 0.18095592403628116 0.007198660714285714 0.021577380952380952
0 0.16975446428571428 0.375 0.22142857142857142 0.12380952380952381
1 0.0645961431241362 0.3230902777777778 0.011049107142857144 0.021577380952380952
0 0.16975446428571428 0.5346726190476191 0.22142857142857142 0.08482142857142858
1 0.0665213663384219 0.4652246315192744 0.014899553571428572 0.021577380952380952
0 0.39140625 0.31733630952380953 0.22142857142857142 0.08616071428571428
1 0.2944842439573125 0.18095592403628116 0.027483258928571428 0.021577380952380952
0 0.39140625 0.4305059523809524 0.22142857142857142 0.03869047619047619
1 0.2953840765465982 0.3230902777777778 0.029282924107142855 0.021577380952380952
0 0.39140625 0.5247767857142858 0.22142857142857142 0.10193452380952381
1 0.2946028265465982 0.4652246315192744 0.027720424107142858 0.021577380952380952
0 0.6130580357142857 0.3234375 0.22142857142857142 0.1819940476190476
1 0.5126745211297744 0.18095592403628116 0.020521763392857145 0.021577380952380952
0 0.6130580357142857 0.45803571428571427 0.22142857142857142 0.23035714285714284
1 0.5126745211297744 0.3230902777777778 0.020521763392857145 0.021577380952380952
0 0.6130580357142857 0.5327380952380952 0.22142857142857142 0.28958333333333336
1 0.5126884720226316 0.4652246315192744 0.02054966517857143 0.021577380952380952
0 0.8347098214285714 0.23385416666666667 0.22142857142857142 0.2543154761904762
1 0.7343525215165222 0.18095592403628116 0.020535714285714286 0.021577380952380952
0 0.8347098214285714 0.37001488095238094 0.22142857142857142 0.1581845238095238
1 0.7343455460700936 0.3230902777777778 0.020521763392857145 0.021577380952380952
0 0.8347098214285714 0.5357886904761905 0.22142857142857142 0.10729166666666666
1 0.7343455460700936 0.4652246315192744 0.020521763392857145 0.021577380952380952
0 0.49832589285714285 0.664360119047619 0.8785714285714286 0.14151785714285714
1 0.0645961431241362 0.6073589852607709 0.011049107142857144 0.021577380952380952
