0 0.16975446428571428 0.2950892857142857 0.22142857142857142 0.06994047619047619
1 0.06267091990985048 0.18095592403628116 0.007198660714285714 0.021577380952380952
0 0.16975446428571428 0.3884672619047619 0.22142857142857142 0.12723214285714285
1 0.0645961431241362 0.3230902777777778 0.011049107142857144 0.021577380952380952
0 0.16975446428571428 0.5264136904761905 0.22142857142857142 0.12723214285714285
1 0.0665213663384219 0.4652246315192744 0.014899553571428572 0.021577380952380952
0 0.39140625 0.298139880952381 0.22142857142857142 0.08110119047619048
1 0.2944842439573125 0.18095592403628116 0.027483258928571428 0.021577380952380952
0 0.39140625 0.4479166666666667 0.22142857142857142 0.07767857142857143
1 0.2953840765465982 0.3230902777777778 0.029282924107142855 0.021577380952380952
0 0.39140625 0.5284970238095238 0.22142857142857142 0.12514880952380952
1 0.2946028265465982 0.4652246315192744 0.027720424107142858 0.021577380952380952
0 0.6130580357142857 0.31302083333333336 0.22142857142857142 0.11532738095238096
1 0.5126745211297744 0.18095592403628116 0.020521763392857145 0.021577380952380952
0 0.6130580357142857 0.5235119047619048 0.22142857142857142 0.3068452380952381
1 0.5126745211297744 0.3230902777777778 0.020521763392857145 0.021577380952380952
0 0.6130580357142857 0.60625 0.22142857142857142 0.16160714285714287
1 0.5126884720226316 0.4652246315192744 0.02054966517857143 0.021577380952380952
0 0.8347098214285714 0.27767857142857144 0.22142857142857142 0.14672619047619048
1 0.7343525215165222 0.18095592403628116 0.020535714285714286 0.021577380952380952
0 0.8347098214285714 0.3945684523809524 0.22142857142857142 0.15104166666666666
1 0.7343455460700936 0.3230902777777778 0.020521763392857145 0.021577380952380952
0 0.8347098214285714 0.5253720238095239 0.22142857142857142 0.12038690476190476
1 0.7343455460700936 0.4652246315192744 0.020521763392857145 0.021577380952380952
0 0.49832589285714285 0.6715029761904762 0.8785714285714286 0.12961309523809525
1 0.0645961431241362 0.6073589852607709 0.011049107142857144 0.021577380952380952
