0 0.2806919642857143 0.22447916666666667 0.44285714285714284 0.04985119047619048
1 0.06297304751642037 0.1388420414462081 0.007198660714285714 0.021577380952380952
0 0.2806919642857143 0.3005952380952381 0.44285714285714284 0.10327380952380952
1 0.06489827073070609 0.24939098324514994 0.011049107142857144 0.021577380952380952
0 0.2806919642857143 0.40982142857142856 0.44285714285714284 0.10505952380952381
1 0.0668234939449918 0.35993992504409167 0.014899553571428572 0.021577380952380952
0 0.2806919642857143 0.5638392857142858 0.44285714285714284 0.06011904761904762
1 0.07311534662356323 0.47048886684303354 0.027483258928571428 0.021577380952380952
0 0.2806919642857143 0.6789434523809523 0.44285714285714284 0.0599702380952381
1 0.07401517921284895 0.5810378086419753 0.029282924107142855 0.021577380952380952
0 0.2806919642857143 0.7420386904761904 0.44285714285714284 0.10401785714285715
1 0.07323392921284894 0.6915867504409172 0.027720424107142858 0.021577380952380987
0 0.7237723214285714 0.2513392857142857 0.44285714285714284 0.09464285714285714
1 0.5126861414223348 0.1388420414462081 0.020521763392857145 0.021577380952380952
0 0.7237723214285714 0.4101934523809524 0.44285714285714284 0.23080357142857144
1 0.5126861414223348 0.24939098324514994 0.020521763392857145 0.021577380952380952
0 0.7237723214285714 0.47023809523809523 0.44285714285714284 0.13095238095238096
1 0.512700092315192 0.35993992504409167 0.02054966517857143 0.021577380952380952
0 0.7237723214285714 0.5472470238095238 0.44285714285714284 0.11741071428571428
1 0.5126931168687634 0.47048886684303354 0.020535714285714286 0.021577380952380952
0 0.7237723214285714 0.6340029761904762 0.44285714285714284 0.12366071428571429
1 0.5126861414223348 0.5810378086419753 0.020521763392857145 0.021577380952380952
0 0.7237723214285714 0.7407738095238096 0.44285714285714284 0.10208333333333333
1 0.5126861414223348 0.6915867504409172 0.020521763392857145 0.021577380952380987
