0 0.2806919642857143 0.22142857142857142 0.44285714285714284 0.0494047619047619
1 0.06297304751642037 0.1388420414462081 0.007198660714285714 0.021577380952380952
0 0.2806919642857143 0.30089285714285713 0.44285714285714284 0.09851190476190476
1 0.06489827073070609 0.24939098324514994 0.011049107142857144 0.021577380952380952
0 0.2806919642857143 0.4159970238095238 0.44285714285714284 0.10520833333333333
1 0.0668234939449918 0.35993992504409167 0.014899553571428572 0.021577380952380952
0 0.2806919642857143 0.5676339285714286 0.44285714285714284 0.056398809523809525
1 0.07311534662356323 0.47048886684303354 0.027483258928571428 0.021577380952380952
0 0.2806919642857143 0.6761160714285714 0.44285714285714284 0.06532738095238096
1 0.07401517921284895 0.5810378086419753 0.029282924107142855 0.021577380952380952
0 0.2806919642857143 0.7456845238095238 0.44285714285714284 0.09970238095238096
1 0.07323392921284894 0.6915867504409172 0.027720424107142858 0.021577380952380987
0 0.7237723214285714 0.22433035714285715 0.44285714285714284 0.04806547619047619
1 0.5126861414223348 0.1388420414462081 0.020521763392857145 0.021577380952380952
0 0.7237723214285714 0.3514136904761905 0.44285714285714284 0.13139880952380953
1 0.5126861414223348 0.24939098324514994 0.020521763392857145 0.021577380952380952
0 0.7237723214285714 0.4681547619047619 0.44285714285714284 0.1818452380952381
1 0.512700092315192 0.35993992504409167 0.02054966517857143 0.021577380952380952
0 0.7237723214285714 0.5450892857142857 0.44285714285714284 0.23839285714285716
1 0.5126931168687634 0.47048886684303354 0.020535714285714286 0.021577380952380952
0 0.7237723214285714 0.6180803571428571 0.44285714285714284 0.15223214285714284
1 0.5126861414223348 0.5810378086419753 0.020521763392857145 0.021577380952380952
0 0.7237723214285714 0.7316220238095238 0.44285714285714284 0.1549107142857143
1 0.5126861414223348 0.6915867504409172 0.020521763392857145 0.021577380952380987
