0 0.5022879464285714 0.10885416666666667 0.8856026785714286 0.06711309523809524
1 0.0631253166160081 0.07988260582010584 0.007198660714285714 0.021577380952380952
0 0.5022879464285714 0.1819940476190476 0.8856026785714286 0.05119047619047619
1 0.06505053983029382 0.1462119708994709 0.011049107142857144 0.021577380952380952
0 0.5022879464285714 0.2636904761904762 0.8856026785714286 0.060714285714285714
1 0.06697576304457953 0.21254133597883595 0.014899553571428572 0.021577380952380952
0 0.5022879464285714 0.35066964285714286 0.8856026785714286 0.05431547619047619
1 0.07326761572315096 0.27887070105820105 0.027483258928571428 0.021577380952380952
0 0.5022879464285714 0.38563988095238094 0.8856026785714286 0.06056547619047619
1 0.07416744831243667 0.3452000661375661 0.029282924107142855 0.021577380952380952
0 0.5022879464285714 0.45349702380952384 0.8856026785714286 0.04181547619047619
1 0.07338619831243667 0.41152943121693125 0.027720424107142858 0.021577380952380952
0 0.5022879464285714 0.5497767857142857 0.8856026785714286 0.0837797619047619
1 0.06978686795529382 0.4778587962962963 0.020521763392857145 0.021577380952380952
0 0.5022879464285714 0.6327380952380952 0.8856026785714286 0.12857142857142856
1 0.06978686795529382 0.5441881613756614 0.020521763392857145 0.021577380952380952
0 0.5022879464285714 0.6962053571428571 0.8856026785714286 0.1099702380952381
1 0.06980081884815097 0.6105175264550264 0.02054966517857143 0.021577380952380952
0 0.5022879464285714 0.7421875 0.8856026785714286 0.1162202380952381
1 0.06979384340172239 0.6768468915343916 0.020535714285714286 0.021577380952380952
0 0.5022879464285714 0.7601190476190476 0.8856026785714286 0.11369047619047619
1 0.06978686795529382 0.7431762566137565 0.020521763392857145 0.021577380952380952
0 0.5022879464285714 0.8276041666666667 0.8856026785714286 0.09598214285714286
1 0.06978686795529382 0.8095056216931217 0.020521763392857145 0.021577380952380952
