0 0.16975446428571428 0.2792410714285714 0.22142857142857142 0.09598214285714286
1 0.06267091990985048 0.18095592403628116 0.007198660714285714 0.021577380952380952
0 0.16975446428571428 0.43467261904761906 0.22142857142857142 0.08839285714285715
1 0.0645961431241362 0.3230902777777778 0.011049107142857144 0.021577380952380952
0 0.16975446428571428 0.5912946428571428 0.22142857142857142 0.1519345238095238
1 0.0665213663384219 0.4652246315192744 0.014899553571428572 0.021577380952380952
0 0.39140625 0.27834821428571427 0.22142857142857142 0.04717261904761905
1 0.2944842439573125 0.18095592403628116 0.027483258928571428 0.021577380952380952
0 0.39140625 0.4087797619047619 0.22142857142857142 0.11369047619047619
1 0.2953840765465982 0.3230902777777778 0.029282924107142855 0.021577380952380952
0 0.39140625 0.5837797619047619 0.22142857142857142 0.11964285714285715
1 0.2946028265465982 0.4652246315192744 0.027720424107142858 0.021577380952380952
0 0.6130580357142857 0.3217261904761905 0.22142857142857142 0.1863095238095238
1 0.5126745211297744 0.18095592403628116 0.020521763392857145 0.021577380952380952
0 0.6130580357142857 0.49501488095238094 0.22142857142857142 0.3483630952380952
1 0.5126745211297744 0.3230902777777778 0.020521763392857145 0.021577380952380952
0 0.6130580357142857 0.6281994047619047 0.22142857142857142 0.27455357142857145
1 0.5126884720226316 0.4652246315192744 0.02054966517857143 0.021577380952380952
0 0.8347098214285714 0.3249255952380952 0.22142857142857142 0.19122023809523808
1 0.7343525215165222 0.18095592403628116 0.020535714285714286 0.021577380952380952
0 0.8347098214285714 0.42336309523809523 0.22142857142857142 0.056845238095238095
1 0.7343455460700936 0.3230902777777778 0.020521763392857145 0.021577380952380952
0 0.8347098214285714 0.5605654761904761 0.22142857142857142 0.049107142857142856
1 0.7343455460700936 0.4652246315192744 0.020521763392857145 0.021577380952380952
0 0.49832589285714285 0.7254464285714286 0.8785714285714286 0.11577380952380953
1 0.0645961431241362 0.6073589852607709 0.011049107142857144 0.021577380952380952
