0 0.2806919642857143 0.19635416666666666 0.44285714285714284 0.08020833333333334
1 0.06297304751642037 0.1388420414462081 0.007198660714285714 0.021577380952380952
0 0.2806919642857143 0.334375 0.44285714285714284 0.050595238095238096
1 0.06489827073070609 0.24939098324514994 0.011049107142857144 0.021577380952380952
0 0.2806919642857143 0.4666666666666667 0.44285714285714284 0.08303571428571428
1 0.0668234939449918 0.35993992504409167 0.014899553571428572 0.021577380952380952
0 0.2806919642857143 0.5658482142857143 0.44285714285714284 0.05074404761904762
1 0.07311534662356323 0.47048886684303354 0.027483258928571428 0.021577380952380952
0 0.2806919642857143 0.6382440476190476 0.44285714285714284 0.07797619047619048
1 0.07401517921284895 0.5810378086419753 0.029282924107142855 0.021577380952380952
0 0.2806919642857143 0.7872023809523809 0.44285714285714284 0.05773809523809524
1 0.07323392921284894 0.6915867504409172 0.027720424107142858 0.021577380952380987
0 0.7237723214285714 0.24069940476190477 0.44285714285714284 0.09360119047619048
1 0.5126861414223348 0.1388420414462081 0.020521763392857145 0.021577380952380952
0 0.7237723214285714 0.3806547619047619 0.44285714285714284 0.17083333333333334
1 0.5126861414223348 0.24939098324514994 0.020521763392857145 0.021577380952380952
0 0.7237723214285714 0.4576636904761905 0.44285714285714284 0.1662202380952381
1 0.512700092315192 0.35993992504409167 0.02054966517857143 0.021577380952380952
0 0.7237723214285714 0.45208333333333334 0.44285714285714284 0.3327380952380952
1 0.5126931168687634 0.47048886684303354 0.020535714285714286 0.021577380952380952
0 0.7237723214285714 0.5313988095238096 0.44285714285714284 0.43898809523809523
1 0.5126861414223348 0.5810378086419753 0.020521763392857145 0.021577380952380952
0 0.7237723214285714 0.7154017857142857 0.44285714285714284 0.18854166666666666
1 0.5126861414223348 0.6915867504409172 0.020521763392857145 0.021577380952380987
