0 0.5022879464285714 0.115625 0.8856026785714286 0.05952380952380952
1 0.0631253166160081 0.07988260582010584 0.007198660714285714 0.021577380952380952
0 0.5022879464285714 0.1706845238095238 0.8856026785714286 0.07827380952380952
1 0.06505053983029382 0.1462119708994709 0.011049107142857144 0.021577380952380952
0 0.5022879464285714 0.2564732142857143 0.8856026785714286 0.036458333333333336
1 0.06697576304457953 0.21254133597883595 0.014899553571428572 0.021577380952380952
0 0.5022879464285714 0.35535714285714287 0.8856026785714286 0.06636904761904762
1 0.07326761572315096 0.27887070105820105 0.027483258928571428 0.021577380952380952
0 0.5022879464285714 0.39613095238095236 0.8856026785714286 0.027678571428571427
1 0.07416744831243667 0.3452000661375661 0.029282924107142855 0.021577380952380952
0 0.5022879464285714 0.4455357142857143 0.8856026785714286 0.05476190476190476
1 0.07338619831243667 0.41152943121693125 0.027720424107142858 0.021577380952380952
0 0.5022879464285714 0.5534970238095238 0.8856026785714286 0.06949404761904762
1 0.06978686795529382 0.4778587962962963 0.020521763392857145 0.021577380952380952
0 0.5022879464285714 0.6332589285714286 0.8856026785714286 0.12782738095238094
1 0.06978686795529382 0.5441881613756614 0.020521763392857145 0.021577380952380952
0 0.5022879464285714 0.6577380952380952 0.8856026785714286 0.06845238095238096
1 0.06980081884815097 0.6105175264550264 0.02054966517857143 0.021577380952380952
0 0.5022879464285714 0.6985863095238095 0.8856026785714286 0.10104166666666667
1 0.06979384340172239 0.6768468915343916 0.020535714285714286 0.021577380952380952
0 0.5022879464285714 0.7632440476190476 0.8856026785714286 0.08988095238095238
1 0.06978686795529382 0.7431762566137565 0.020521763392857145 0.021577380952380952
0 0.5022879464285714 0.8322172619047619 0.8856026785714286 0.08020833333333334
1 0.06978686795529382 0.8095056216931217 0.020521763392857145 0.021577380952380952
