0 0.16975446428571428 0.2779761904761905 0.22142857142857142 0.03720238095238095
1 0.06267091990985048 0.18095592403628116 0.007198660714285714 0.021577380952380952
0 0.16975446428571428 0.4343005952380952 0.22142857142857142 0.0974702380952381
1 0.0645961431241362 0.3230902777777778 0.011049107142857144 0.021577380952380952
0 0.16975446428571428 0.5834821428571428 0.22142857142857142 0.06964285714285715
1 0.0665213663384219 0.4652246315192744 0.014899553571428572 0.021577380952380952
0 0.39140625 0.2836309523809524 0.22142857142857142 0.06488095238095239
1 0.2944842439573125 0.18095592403628116 0.027483258928571428 0.021577380952380952
0 0.39140625 0.4172619047619048 0.22142857142857142 0.02738095238095238
1 0.2953840765465982 0.3230902777777778 0.029282924107142855 0.021577380952380952
0 0.39140625 0.5799851190476191 0.22142857142857142 0.08348214285714285
1 0.2946028265465982 0.4652246315192744 0.027720424107142858 0.021577380952380952
0 0.6130580357142857 0.3093005952380952 0.22142857142857142 0.13407738095238095
1 0.5126745211297744 0.18095592403628116 0.020521763392857145 0.021577380952380952
0 0.6130580357142857 0.4641369047619048 0.22142857142857142 0.18988095238095237
1 0.5126745211297744 0.3230902777777778 0.020521763392857145 0.021577380952380952
0 0.6130580357142857 0.5883184523809524 0.22142857142857142 0.19717261904761904
1 0.5126884720226316 0.4652246315192744 0.02054966517857143 0.021577380952380952
0 0.8347098214285714 0.2830357142857143 0.22142857142857142 0.15029761904761904
1 0.7343525215165222 0.18095592403628116 0.020535714285714286 0.021577380952380952
0 0.8347098214285714 0.4180059523809524 0.22142857142857142 0.10863095238095238
1 0.7343455460700936 0.3230902777777778 0.020521763392857145 0.021577380952380952
0 0.8347098214285714 0.5517857142857143 0.22142857142857142 0.06130952380952381
1 0.7343455460700936 0.4652246315192744 0.020521763392857145 0.021577380952380952
0 0.49832589285714285 0.7110863095238096 0.8785714285714286 0.11264880952380953
1 0.0645961431241362 0.6073589852607709 0.011049107142857144 0.021577380952380952
