0 0.16975446428571428 0.26927083333333335 0.22142857142857142 0.07723214285714286
1 0.06267091990985048 0.18095592403628116 0.007198660714285714 0.021577380952380952
0 0.16975446428571428 0.4041666666666667 0.22142857142857142 0.08214285714285714
1 0.0645961431241362 0.3230902777777778 0.011049107142857144 0.021577380952380952
0 0.16975446428571428 0.5598214285714286 0.22142857142857142 0.037797619047619045
1 0.0665213663384219 0.4652246315192744 0.014899553571428572 0.021577380952380952
0 0.39140625 0.30357142857142855 0.22142857142857142 0.07797619047619048
1 0.2944842439573125 0.18095592403628116 0.027483258928571428 0.021577380952380952
0 0.39140625 0.4238839285714286 0.22142857142857142 0.041220238095238095
1 0.2953840765465982 0.3230902777777778 0.029282924107142855 0.021577380952380952
0 0.39140625 0.5569940476190476 0.22142857142857142 0.052083333333333336
1 0.2946028265465982 0.4652246315192744 0.027720424107142858 0.021577380952380952
0 0.6130580357142857 0.30625 0.22142857142857142 0.09017857142857143
1 0.5126745211297744 0.18095592403628116 0.020521763392857145 0.021577380952380952
0 0.6130580357142857 0.4901041666666667 0.22142857142857142 0.24330357142857142
1 0.5126745211297744 0.3230902777777778 0.020521763392857145 0.021577380952380952
0 0.6130580357142857 0.5874255952380952 0.22142857142857142 0.2513392857142857
1 0.5126884720226316 0.4652246315192744 0.02054966517857143 0.021577380952380952
0 0.8347098214285714 0.2505952380952381 0.22142857142857142 0.24464285714285713
1 0.7343525215165222 0.18095592403628116 0.020535714285714286 0.021577380952380952
0 0.8347098214285714 0.3828869047619048 0.22142857142857142 0.19791666666666666
1 0.7343455460700936 0.3230902777777778 0.020521763392857145 0.021577380952380952
0 0.8347098214285714 0.5248511904761904 0.22142857142857142 0.1431547619047619
1 0.7343455460700936 0.4652246315192744 0.020521763392857145 0.021577380952380952
0 0.49832589285714285 0.6865327380952381 0.8785714285714286 0.09151785714285714
1 0.0645961431241362 0.6073589852607709 0.011049107142857144 0.021577380952380952
