0 0.16975446428571428 0.2526041666666667 0.22142857142857142 0.11026785714285714
1 0.06267091990985048 0.18095592403628116 0.007198660714285714 0.021577380952380952
0 0.16975446428571428 0.39940476190476193 0.22142857142857142 0.15595238095238095
1 0.0645961431241362 0.3230902777777778 0.011049107142857144 0.021577380952380952
0 0.16975446428571428 0.5790922619047619 0.22142857142857142 0.06235119047619048
1 0.0665213663384219 0.4652246315192744 0.014899553571428572 0.021577380952380952
0 0.39140625 0.31346726190476193 0.22142857142857142 0.1331845238095238
1 0.2944842439573125 0.18095592403628116 0.027483258928571428 0.021577380952380952
0 0.39140625 0.4133184523809524 0.22142857142857142 0.05907738095238095
1 0.2953840765465982 0.3230902777777778 0.029282924107142855 0.021577380952380952
0 0.39140625 0.5572916666666666 0.22142857142857142 0.10297619047619047
1 0.2946028265465982 0.4652246315192744 0.027720424107142858 0.021577380952380952
0 0.6130580357142857 0.3195684523809524 0.22142857142857142 0.11949404761904762
1 0.5126745211297744 0.18095592403628116 0.020521763392857145 0.021577380952380952
0 0.6130580357142857 0.4811011904761905 0.22142857142857142 0.19345238095238096
1 0.5126745211297744 0.3230902777777778 0.020521763392857145 0.021577380952380952
0 0.6130580357142857 0.5564732142857143 0.22142857142857142 0.13407738095238095
1 0.5126884720226316 0.4652246315192744 0.02054966517857143 0.021577380952380952
0 0.8347098214285714 0.23883928571428573 0.22142857142857142 0.2
1 0.7343525215165222 0.18095592403628116 0.020535714285714286 0.021577380952380952
0 0.8347098214285714 0.37336309523809524 0.22142857142857142 0.17767857142857144
1 0.7343455460700936 0.3230902777777778 0.020521763392857145 0.021577380952380952
0 0.8347098214285714 0.5171875 0.22142857142857142 0.14300595238095237
1 0.7343455460700936 0.4652246315192744 0.020521763392857145 0.021577380952380952
0 0.49832589285714285 0.6776041666666667 0.8785714285714286 0.1680059523809524
1 0.0645961431241362 0.6073589852607709 0.011049107142857144 0.021577380952380952
