0 0.16975446428571428 0.2597470238095238 0.22142857142857142 0.07425595238095238
1 0.06267091990985048 0.18095592403628116 0.007198660714285714 0.021577380952380952
0 0.16975446428571428 0.38392857142857145 0.22142857142857142 0.11726190476190476
1 0.0645961431241362 0.3230902777777778 0.011049107142857144 0.021577380952380952
0 0.16975446428571428 0.5528273809523809 0.22142857142857142 0.058333333333333334
1 0.0665213663384219 0.4652246315192744 0.014899553571428572 0.021577380952380952
0 0.39140625 0.3175595238095238 0.22142857142857142 0.09285714285714286
1 0.2944842439573125 0.18095592403628116 0.027483258928571428 0.021577380952380952
0 0.39140625 0.4206845238095238 0.22142857142857142 0.025297619047619048
1 0.2953840765465982 0.3230902777777778 0.029282924107142855 0.021577380952380952
0 0.39140625 0.5390625 0.22142857142857142 0.08705357142857142
1 0.2946028265465982 0.4652246315192744 0.027720424107142858 0.021577380952380952
0 0.6130580357142857 0.33950892857142856 0.22142857142857142 0.1444940476190476
1 0.5126745211297744 0.18095592403628116 0.020521763392857145 0.021577380952380952
0 0.6130580357142857 0.5154761904761904 0.22142857142857142 0.28035714285714286
1 0.5126745211297744 0.3230902777777778 0.020521763392857145 0.021577380952380952
0 0.6130580357142857 0.5570684523809524 0.22142857142857142 0.053422619047619045
1 0.5126884720226316 0.4652246315192744 0.02054966517857143 0.021577380952380952
0 0.8347098214285714 0.23080357142857144 0.22142857142857142 0.13482142857142856
1 0.7343525215165222 0.18095592403628116 0.020535714285714286 0.021577380952380952
0 0.8347098214285714 0.3704613095238095 0.22142857142857142 0.13794642857142858
1 0.7343455460700936 0.3230902777777778 0.020521763392857145 0.021577380952380952
0 0.8347098214285714 0.5180803571428572 0.22142857142857142 0.12723214285714285
1 0.7343455460700936 0.4652246315192744 0.020521763392857145 0.021577380952380952
0 0.49832589285714285 0.6682291666666667 0.8785714285714286 0.11741071428571428
1 0.0645961431241362 0.6073589852607709 0.011049107142857144 0.021577380952380952
