0 0.2806919642857143 0.18772321428571428 0.44285714285714284 0.12098214285714286
1 0.06297304751642037 0.1388420414462081 0.007198660714285714 0.021577380952380952
0 0.2806919642857143 0.32507440476190474 0.44285714285714284 0.07663690476190477
1 0.06489827073070609 0.24939098324514994 0.011049107142857144 0.021577380952380952
0 0.2806919642857143 0.4616815476190476 0.44285714285714284 0.07633928571428572
1 0.0668234939449918 0.35993992504409167 0.014899553571428572 0.021577380952380952
0 0.2806919642857143 0.5740327380952381 0.44285714285714284 0.09151785714285714
1 0.07311534662356323 0.47048886684303354 0.027483258928571428 0.021577380952380952
0 0.2806919642857143 0.6355654761904762 0.44285714285714284 0.09375
1 0.07401517921284895 0.5810378086419753 0.029282924107142855 0.021577380952380952
0 0.2806919642857143 0.7833333333333333 0.44285714285714284 0.04583333333333333
1 0.07323392921284894 0.6915867504409172 0.027720424107142858 0.021577380952380987
0 0.7237723214285714 0.2534970238095238 0.44285714285714284 0.10282738095238095
1 0.5126861414223348 0.1388420414462081 0.020521763392857145 0.021577380952380952
0 0.7237723214285714 0.38891369047619045 0.44285714285714284 0.18526785714285715
1 0.5126861414223348 0.24939098324514994 0.020521763392857145 0.021577380952380952
0 0.7237723214285714 0.48147321428571427 0.44285714285714284 0.14925595238095238
1 0.512700092315192 0.35993992504409167 0.02054966517857143 0.021577380952380952
0 0.7237723214285714 0.5540178571428571 0.44285714285714284 0.15357142857142858
1 0.5126931168687634 0.47048886684303354 0.020535714285714286 0.021577380952380952
0 0.7237723214285714 0.6345982142857143 0.44285714285714284 0.15461309523809524
1 0.5126861414223348 0.5810378086419753 0.020521763392857145 0.021577380952380952
0 0.7237723214285714 0.7445684523809524 0.44285714285714284 0.10282738095238095
1 0.5126861414223348 0.6915867504409172 0.020521763392857145 0.021577380952380987
