0 0.2806919642857143 0.21272321428571428 0.44285714285714284 0.03913690476190476
1 0.06297304751642037 0.1388420414462081 0.007198660714285714 0.021577380952380952
0 0.2806919642857143 0.2933779761904762 0.44285714285714284 0.12723214285714285
1 0.06489827073070609 0.24939098324514994 0.011049107142857144 0.021577380952380952
0 0.2806919642857143 0.41450892857142857 0.44285714285714284 0.09717261904761905
1 0.0668234939449918 0.35993992504409167 0.014899553571428572 0.021577380952380952
0 0.2806919642857143 0.5758184523809524 0.44285714285714284 0.0831845238095238
1 0.07311534662356323 0.47048886684303354 0.027483258928571428 0.021577380952380952
0 0.2806919642857143 0.6684523809523809 0.44285714285714284 0.042261904761904764
1 0.07401517921284895 0.5810378086419753 0.029282924107142855 0.021577380952380952
0 0.2806919642857143 0.7402529761904761 0.44285714285714284 0.11116071428571428
1 0.07323392921284894 0.6915867504409172 0.027720424107142858 0.021577380952380987
0 0.7237723214285714 0.2474702380952381 0.44285714285714284 0.12232142857142857
1 0.5126861414223348 0.1388420414462081 0.020521763392857145 0.021577380952380952
0 0.7237723214285714 0.34992559523809524 0.44285714285714284 0.13645833333333332
1 0.5126861414223348 0.24939098324514994 0.020521763392857145 0.021577380952380952
0 0.7237723214285714 0.39613095238095236 0.44285714285714284 0.14821428571428572
1 0.512700092315192 0.35993992504409167 0.02054966517857143 0.021577380952380952
0 0.7237723214285714 0.5068452380952381 0.44285714285714284 0.13660714285714284
1 0.5126931168687634 0.47048886684303354 0.020535714285714286 0.021577380952380952
0 0.7237723214285714 0.6234375 0.44285714285714284 0.12782738095238094
1 0.5126861414223348 0.5810378086419753 0.020521763392857145 0.021577380952380952
0 0.7237723214285714 0.7383184523809524 0.44285714285714284 0.1144345238095238
1 0.5126861414223348 0.6915867504409172 0.020521763392857145 0.021577380952380987
