0 0.2806919642857143 0.19114583333333332 0.44285714285714284 0.0900297619047619
1 0.06297304751642037 0.1388420414462081 0.007198660714285714 0.021577380952380952
0 0.2806919642857143 0.31212797619047616 0.44285714285714284 0.1293154761904762
1 0.06489827073070609 0.24939098324514994 0.011049107142857144 0.021577380952380952
0 0.2806919642857143 0.4507440476190476 0.44285714285714284 0.059821428571428574
1 0.0668234939449918 0.35993992504409167 0.014899553571428572 0.021577380952380952
0 0.2806919642857143 0.5785714285714286 0.44285714285714284 0.10595238095238095
1 0.07311534662356323 0.47048886684303354 0.027483258928571428 0.021577380952380952
0 0.2806919642857143 0.6528273809523809 0.44285714285714284 0.05357142857142857
1 0.07401517921284895 0.5810378086419753 0.029282924107142855 0.021577380952380952
0 0.2806919642857143 0.7691220238095238 0.44285714285714284 0.09300595238095238
1 0.07323392921284894 0.6915867504409172 0.027720424107142858 0.021577380952380987
0 0.7237723214285714 0.2675595238095238 0.44285714285714284 0.15029761904761904
1 0.5126861414223348 0.1388420414462081 0.020521763392857145 0.021577380952380952
0 0.7237723214285714 0.37663690476190476 0.44285714285714284 0.2532738095238095
1 0.5126861414223348 0.24939098324514994 0.020521763392857145 0.021577380952380952
0 0.7237723214285714 0.45141369047619045 0.44285714285714284 0.21205357142857142
1 0.512700092315192 0.35993992504409167 0.02054966517857143 0.021577380952380952
0 0.7237723214285714 0.49635416666666665 0.44285714285714284 0.2382440476190476
1 0.5126931168687634 0.47048886684303354 0.020535714285714286 0.021577380952380952
0 0.7237723214285714 0.5945684523809524 0.44285714285714284 0.215625
1 0.5126861414223348 0.5810378086419753 0.020521763392857145 0.021577380952380952
0 0.7237723214285714 0.7192708333333333 0.44285714285714284 0.165625
1 0.5126861414223348 0.6915867504409172 0.020521763392857145 0.021577380952380987
