0 0.5022879464285714 0.12023809523809524 0.8856026785714286 0.04345238095238095
1 0.0631253166160081 0.07988260582010584 0.007198660714285714 0.021577380952380952
0 0.5022879464285714 0.1669642857142857 0.8856026785714286 0.09613095238095239
1 0.06505053983029382 0.1462119708994709 0.011049107142857144 0.021577380952380952
0 0.5022879464285714 0.24270833333333333 0.8856026785714286 0.07708333333333334
1 0.06697576304457953 0.21254133597883595 0.014899553571428572 0.021577380952380952
0 0.5022879464285714 0.35267857142857145 0.8856026785714286 0.06279761904761905
1 0.07326761572315096 0.27887070105820105 0.027483258928571428 0.021577380952380952
0 0.5022879464285714 0.40476190476190477 0.8856026785714286 0.03571428571428571
1 0.07416744831243667 0.3452000661375661 0.029282924107142855 0.021577380952380952
0 0.5022879464285714 0.4367559523809524 0.8856026785714286 0.08601190476190476
1 0.07338619831243667 0.41152943121693125 0.027720424107142858 0.021577380952380952
0 0.5022879464285714 0.5514880952380953 0.8856026785714286 0.0875
1 0.06978686795529382 0.4778587962962963 0.020521763392857145 0.021577380952380952
0 0.5022879464285714 0.6229910714285715 0.8856026785714286 0.11770833333333333
1 0.06978686795529382 0.5441881613756614 0.020521763392857145 0.021577380952380952
0 0.5022879464285714 0.654985119047619 0.8856026785714286 0.10133928571428572
1 0.06980081884815097 0.6105175264550264 0.02054966517857143 0.021577380952380952
0 0.5022879464285714 0.6921130952380953 0.8856026785714286 0.12351190476190477
1 0.06979384340172239 0.6768468915343916 0.020535714285714286 0.021577380952380952
0 0.5022879464285714 0.7635416666666667 0.8856026785714286 0.11785714285714285
1 0.06978686795529382 0.7431762566137565 0.020521763392857145 0.021577380952380952
0 0.5022879464285714 0.8358630952380952 0.8856026785714286 0.1
1 0.06978686795529382 0.8095056216931217 0.020521763392857145 0.021577380952380952
