0 0.16975446428571428 0.2558035714285714 0.22142857142857142 0.13482142857142856
1 0.06267091990985048 0.18095592403628116 0.007198660714285714 0.021577380952380952
0 0.16975446428571428 0.37611607142857145 0.22142857142857142 0.1650297619047619
1 0.0645961431241362 0.3230902777777778 0.011049107142857144 0.021577380952380952
0 0.16975446428571428 0.5370535714285715 0.22142857142857142 0.10922619047619048
1 0.0665213663384219 0.4652246315192744 0.014899553571428572 0.021577380952380952
0 0.39140625 0.32507440476190474 0.22142857142857142 0.14657738095238096
1 0.2944842439573125 0.18095592403628116 0.027483258928571428 0.021577380952380952
0 0.39140625 0.4316964285714286 0.22142857142857142 0.09047619047619047
1 0.2953840765465982 0.3230902777777778 0.029282924107142855 0.021577380952380952
0 0.39140625 0.531547619047619 0.22142857142857142 0.1244047619047619
1 0.2946028265465982 0.4652246315192744 0.027720424107142858 0.021577380952380952
0 0.6130580357142857 0.3179315476190476 0.22142857142857142 0.11889880952380952
1 0.5126745211297744 0.18095592403628116 0.020521763392857145 0.021577380952380952
0 0.6130580357142857 0.5072916666666667 0.22142857142857142 0.3
1 0.5126745211297744 0.3230902777777778 0.020521763392857145 0.021577380952380952
0 0.6130580357142857 0.5633928571428571 0.22142857142857142 0.25892857142857145
1 0.5126884720226316 0.4652246315192744 0.02054966517857143 0.021577380952380952
0 0.8347098214285714 0.23348214285714286 0.22142857142857142 0.2544642857142857
1 0.7343525215165222 0.18095592403628116 0.020535714285714286 0.021577380952380952
0 0.8347098214285714 0.3636904761904762 0.22142857142857142 0.21279761904761904
1 0.7343455460700936 0.3230902777777778 0.020521763392857145 0.021577380952380952
0 0.8347098214285714 0.512797619047619 0.22142857142857142 0.1663690476190476
1 0.7343455460700936 0.4652246315192744 0.020521763392857145 0.021577380952380952
0 0.49832589285714285 0.6560267857142857 0.8785714285714286 0.17395833333333333
1 0.0645961431241362 0.6073589852607709 0.011049107142857144 0.021577380952380952
