0 0.2806919642857143 0.2044642857142857 0.44285714285714284 0.075
1 0.06297304751642037 0.1388420414462081 0.007198660714285714 0.021577380952380952
0 0.2806919642857143 0.3105654761904762 0.44285714285714284 0.08511904761904762
1 0.06489827073070609 0.24939098324514994 0.011049107142857144 0.021577380952380952
0 0.2806919642857143 0.4302827380952381 0.44285714285714284 0.056398809523809525
1 0.0668234939449918 0.35993992504409167 0.014899553571428572 0.021577380952380952
0 0.2806919642857143 0.5723214285714285 0.44285714285714284 0.07678571428571429
1 0.07311534662356323 0.47048886684303354 0.027483258928571428 0.021577380952380952
0 0.2806919642857143 0.6639880952380952 0.44285714285714284 0.04970238095238095
1 0.07401517921284895 0.5810378086419753 0.029282924107142855 0.021577380952380952
0 0.2806919642857143 0.7615327380952381 0.44285714285714284 0.06056547619047619
1 0.07323392921284894 0.6915867504409172 0.027720424107142858 0.021577380952380987
0 0.7237723214285714 0.21502976190476192 0.44285714285714284 0.05892857142857143
1 0.5126861414223348 0.1388420414462081 0.020521763392857145 0.021577380952380952
0 0.7237723214285714 0.33117559523809526 0.44285714285714284 0.18973214285714285
1 0.5126861414223348 0.24939098324514994 0.020521763392857145 0.021577380952380952
0 0.7237723214285714 0.3919642857142857 0.44285714285714284 0.20029761904761906
1 0.512700092315192 0.35993992504409167 0.02054966517857143 0.021577380952380952
0 0.7237723214285714 0.4863839285714286 0.44285714285714284 0.20074404761904763
1 0.5126931168687634 0.47048886684303354 0.020535714285714286 0.021577380952380952
0 0.7237723214285714 0.5991071428571428 0.44285714285714284 0.19672619047619047
1 0.5126861414223348 0.5810378086419753 0.020521763392857145 0.021577380952380952
0 0.7237723214285714 0.7265625 0.44285714285714284 0.15461309523809524
1 0.5126861414223348 0.6915867504409172 0.020521763392857145 0.021577380952380987
