0 0.5022879464285714 0.11086309523809523 0.8856026785714286 0.07083333333333333
1 0.0631253166160081 0.07988260582010584 0.007198660714285714 0.021577380952380952
0 0.5022879464285714 0.19055059523809523 0.8856026785714286 0.03764880952380952
1 0.06505053983029382 0.1462119708994709 0.011049107142857144 0.021577380952380952
0 0.5022879464285714 0.2810267857142857 0.8856026785714286 0.057291666666666664
1 0.06697576304457953 0.21254133597883595 0.014899553571428572 0.021577380952380952
0 0.5022879464285714 0.34680059523809526 0.8856026785714286 0.049553571428571426
1 0.07326761572315096 0.27887070105820105 0.027483258928571428 0.021577380952380952
0 0.5022879464285714 0.38095238095238093 0.8856026785714286 0.06041666666666667
1 0.07416744831243667 0.3452000661375661 0.029282924107142855 0.021577380952380952
0 0.5022879464285714 0.46979166666666666 0.8856026785714286 0.03214285714285714
1 0.07338619831243667 0.41152943121693125 0.027720424107142858 0.021577380952380952
0 0.5022879464285714 0.5508184523809524 0.8856026785714286 0.0900297619047619
1 0.06978686795529382 0.4778587962962963 0.020521763392857145 0.021577380952380952
0 0.5022879464285714 0.6034970238095239 0.8856026785714286 0.11205357142857143
1 0.06978686795529382 0.5441881613756614 0.020521763392857145 0.021577380952380952
0 0.5022879464285714 0.6532738095238095 0.8856026785714286 0.0818452380952381
1 0.06980081884815097 0.6105175264550264 0.02054966517857143 0.021577380952380952
0 0.5022879464285714 0.7089285714285715 0.8856026785714286 0.06994047619047619
1 0.06979384340172239 0.6768468915343916 0.020535714285714286 0.021577380952380952
0 0.5022879464285714 0.7742559523809524 0.8856026785714286 0.05952380952380952
1 0.06978686795529382 0.7431762566137565 0.020521763392857145 0.021577380952380952
0 0.5022879464285714 0.8457589285714285 0.8856026785714286 0.054910714285714285
1 0.06978686795529382 0.8095056216931217 0.020521763392857145 0.021577380952380952
