0 0.5022879464285714 0.13407738095238095 0.8856026785714286 0.052083333333333336
1 0.0631253166160081 0.07988260582010584 0.007198660714285714 0.021577380952380952
0 0.5022879464285714 0.18854166666666666 0.8856026785714286 0.1386904761904762
1 0.06505053983029382 0.1462119708994709 0.011049107142857144 0.021577380952380952
0 0.5022879464285714 0.2552083333333333 0.8856026785714286 0.12023809523809524
1 0.06697576304457953 0.21254133597883595 0.014899553571428572 0.021577380952380952
0 0.5022879464285714 0.3360863095238095 0.8856026785714286 0.08645833333333333
1 0.07326761572315096 0.27887070105820105 0.027483258928571428 0.021577380952380952
0 0.5022879464285714 0.403125 0.8856026785714286 0.0681547619047619
1 0.07416744831243667 0.3452000661375661 0.029282924107142855 0.021577380952380952
0 0.5022879464285714 0.4537202380952381 0.8856026785714286 0.12648809523809523
1 0.07338619831243667 0.41152943121693125 0.027720424107142858 0.021577380952380952
0 0.5022879464285714 0.5324404761904762 0.8856026785714286 0.06011904761904762
1 0.06978686795529382 0.4778587962962963 0.020521763392857145 0.021577380952380952
0 0.5022879464285714 0.6134672619047619 0.8856026785714286 0.1507440476190476
1 0.06978686795529382 0.5441881613756614 0.020521763392857145 0.021577380952380952
0 0.5022879464285714 0.6864583333333333 0.8856026785714286 0.1863095238095238
1 0.06980081884815097 0.6105175264550264 0.02054966517857143 0.021577380952380952
0 0.5022879464285714 0.704389880952381 0.8856026785714286 0.2337797619047619
1 0.06979384340172239 0.6768468915343916 0.020535714285714286 0.021577380952380952
0 0.5022879464285714 0.7747767857142858 0.8856026785714286 0.1587797619047619
1 0.06978686795529382 0.7431762566137565 0.020521763392857145 0.021577380952380952
0 0.5022879464285714 0.8435267857142857 0.8856026785714286 0.11205357142857143
1 0.06978686795529382 0.8095056216931217 0.020521763392857145 0.021577380952380952
