0 0.16975446428571428 0.2863839285714286 0.22142857142857142 0.09627976190476191
1 0.06267091990985048 0.18095592403628116 0.007198660714285714 0.021577380952380952
0 0.16975446428571428 0.41830357142857144 0.22142857142857142 0.06369047619047619
1 0.0645961431241362 0.3230902777777778 0.011049107142857144 0.021577380952380952
0 0.16975446428571428 0.5626488095238096 0.22142857142857142 0.07470238095238095
1 0.0665213663384219 0.4652246315192744 0.014899553571428572 0.021577380952380952
0 0.39140625 0.2888392857142857 0.22142857142857142 0.07470238095238095
1 0.2944842439573125 0.18095592403628116 0.027483258928571428 0.021577380952380952
0 0.39140625 0.43072916666666666 0.22142857142857142 0.07991071428571428
1 0.2953840765465982 0.3230902777777778 0.029282924107142855 0.021577380952380952
0 0.39140625 0.5592261904761905 0.22142857142857142 0.058333333333333334
1 0.2946028265465982 0.4652246315192744 0.027720424107142858 0.021577380952380952
0 0.6130580357142857 0.32916666666666666 0.22142857142857142 0.2386904761904762
1 0.5126745211297744 0.18095592403628116 0.020521763392857145 0.021577380952380952
0 0.6130580357142857 0.48608630952380955 0.22142857142857142 0.4674107142857143
1 0.5126745211297744 0.3230902777777778 0.020521763392857145 0.021577380952380952
0 0.6130580357142857 0.5813244047619047 0.22142857142857142 0.35639880952380953
1 0.5126884720226316 0.4652246315192744 0.02054966517857143 0.021577380952380952
0 0.8347098214285714 0.26599702380952384 0.22142857142857142 0.18735119047619048
1 0.7343525215165222 0.18095592403628116 0.020535714285714286 0.021577380952380952
0 0.8347098214285714 0.4099702380952381 0.22142857142857142 0.08571428571428572
1 0.7343455460700936 0.3230902777777778 0.020521763392857145 0.021577380952380952
0 0.8347098214285714 0.5544642857142857 0.22142857142857142 0.08303571428571428
1 0.7343455460700936 0.4652246315192744 0.020521763392857145 0.021577380952380952
0 0.49832589285714285 0.6997767857142857 0.8785714285714286 0.06919642857142858
1 0.0645961431241362 0.6073589852607709 0.011049107142857144 0.021577380952380952
