0 0.16975446428571428 0.2632440476190476 0.22142857142857142 0.10446428571428572
1 0.06267091990985048 0.18095592403628116 0.007198660714285714 0.021577380952380952
0 0.16975446428571428 0.43385416666666665 0.22142857142857142 0.1775297619047619
1 0.0645961431241362 0.3230902777777778 0.011049107142857144 0.021577380952380952
0 0.16975446428571428 0.5836309523809524 0.22142857142857142 0.2113095238095238
1 0.0665213663384219 0.4652246315192744 0.014899553571428572 0.021577380952380952
0 0.39140625 0.2923363095238095 0.22142857142857142 0.109375
1 0.2944842439573125 0.18095592403628116 0.027483258928571428 0.021577380952380952
0 0.39140625 0.40967261904761904 0.22142857142857142 0.13839285714285715
1 0.2953840765465982 0.3230902777777778 0.029282924107142855 0.021577380952380952
0 0.39140625 0.5786458333333333 0.22142857142857142 0.18913690476190476
1 0.2946028265465982 0.4652246315192744 0.027720424107142858 0.021577380952380952
0 0.6130580357142857 0.3032738095238095 0.22142857142857142 0.17113095238095238
1 0.5126745211297744 0.18095592403628116 0.020521763392857145 0.021577380952380952
0 0.6130580357142857 0.45483630952380955 0.22142857142857142 0.19836309523809523
1 0.5126745211297744 0.3230902777777778 0.020521763392857145 0.021577380952380952
0 0.6130580357142857 0.544345238095238 0.22142857142857142 0.21666666666666667
1 0.5126884720226316 0.4652246315192744 0.02054966517857143 0.021577380952380952
0 0.8347098214285714 0.27574404761904764 0.22142857142857142 0.319047619047619
1 0.7343525215165222 0.18095592403628116 0.020535714285714286 0.021577380952380952
0 0.8347098214285714 0.4218005952380952 0.22142857142857142 0.3061011904761905
1 0.7343455460700936 0.3230902777777778 0.020521763392857145 0.021577380952380952
0 0.8347098214285714 0.5575892857142857 0.22142857142857142 0.18720238095238095
1 0.7343455460700936 0.4652246315192744 0.020521763392857145 0.021577380952380952
0 0.49832589285714285 0.7160714285714286 0.8785714285714286 0.18154761904761904
1 0.0645961431241362 0.6073589852607709 0.011049107142857144 0.021577380952380952
