0 0.2806919642857143 0.16026785714285716 0.44285714285714284 0.18303571428571427
1 0.06297304751642037 0.1388420414462081 0.007198660714285714 0.021577380952380952
0 0.2806919642857143 0.3222470238095238 0.44285714285714284 0.07604166666666666
1 0.06489827073070609 0.24939098324514994 0.011049107142857144 0.021577380952380952
0 0.2806919642857143 0.5043154761904762 0.44285714285714284 0.17202380952380952
1 0.0668234939449918 0.35993992504409167 0.014899553571428572 0.021577380952380952
0 0.2806919642857143 0.5830357142857143 0.44285714285714284 0.11636904761904762
1 0.07311534662356323 0.47048886684303354 0.027483258928571428 0.021577380952380952
0 0.2806919642857143 0.599032738095238 0.44285714285714284 0.1680059523809524
1 0.07401517921284895 0.5810378086419753 0.029282924107142855 0.021577380952380952
0 0.2806919642857143 0.8049107142857143 0.44285714285714284 0.10178571428571428
1 0.07323392921284894 0.6915867504409172 0.027720424107142858 0.021577380952380987
0 0.7237723214285714 0.2741815476190476 0.44285714285714284 0.2019345238095238
1 0.5126861414223348 0.1388420414462081 0.020521763392857145 0.021577380952380952
0 0.7237723214285714 0.3502232142857143 0.44285714285714284 0.11324404761904762
1 0.5126861414223348 0.24939098324514994 0.020521763392857145 0.021577380952380952
0 0.7237723214285714 0.4433779761904762 0.44285714285714284 0.13110119047619048
1 0.512700092315192 0.35993992504409167 0.02054966517857143 0.021577380952380952
0 0.7237723214285714 0.5305059523809523 0.44285714285714284 0.1675595238095238
1 0.5126931168687634 0.47048886684303354 0.020535714285714286 0.021577380952380952
0 0.7237723214285714 0.6335565476190477 0.44285714285714284 0.1507440476190476
1 0.5126861414223348 0.5810378086419753 0.020521763392857145 0.021577380952380952
0 0.7237723214285714 0.7448660714285714 0.44285714285714284 0.1337797619047619
1 0.5126861414223348 0.6915867504409172 0.020521763392857145 0.021577380952380987
