0 0.16975446428571428 0.2478422619047619 0.22142857142857142 0.11145833333333334
1 0.06267091990985048 0.18095592403628116 0.007198660714285714 0.021577380952380952
0 0.16975446428571428 0.40535714285714286 0.22142857142857142 0.09791666666666667
1 0.0645961431241362 0.3230902777777778 0.011049107142857144 0.021577380952380952
0 0.16975446428571428 0.5851934523809523 0.22142857142857142 0.11741071428571428
1 0.0665213663384219 0.4652246315192744 0.014899553571428572 0.021577380952380952
0 0.39140625 0.3183779761904762 0.22142857142857142 0.09211309523809524
1 0.2944842439573125 0.18095592403628116 0.027483258928571428 0.021577380952380952
0 0.39140625 0.40066964285714285 0.22142857142857142 0.1043154761904762
1 0.2953840765465982 0.3230902777777778 0.029282924107142855 0.021577380952380952
0 0.39140625 0.5708333333333333 0.22142857142857142 0.08363095238095238
1 0.2946028265465982 0.4652246315192744 0.027720424107142858 0.021577380952380952
0 0.6130580357142857 0.2982886904761905 0.22142857142857142 0.08824404761904762
1 0.5126745211297744 0.18095592403628116 0.020521763392857145 0.021577380952380952
0 0.6130580357142857 0.4347470238095238 0.22142857142857142 0.11264880952380953
1 0.5126745211297744 0.3230902777777778 0.020521763392857145 0.021577380952380952
0 0.6130580357142857 0.5496279761904762 0.22142857142857142 0.16294642857142858
1 0.5126884720226316 0.4652246315192744 0.02054966517857143 0.021577380952380952
0 0.8347098214285714 0.18125 0.22142857142857142 0.3196428571428571
1 0.7343525215165222 0.18095592403628116 0.020535714285714286 0.021577380952380952
0 0.8347098214285714 0.3247767857142857 0.22142857142857142 0.2668154761904762
1 0.7343455460700936 0.3230902777777778 0.020521763392857145 0.021577380952380952
0 0.8347098214285714 0.5041666666666667 0.22142857142857142 0.17559523809523808
1 0.7343455460700936 0.4652246315192744 0.020521763392857145 0.021577380952380952
0 0.49832589285714285 0.6914434523809524 0.8785714285714286 0.11264880952380953
1 0.0645961431241362 0.6073589852607709 0.011049107142857144 0.021577380952380952
