0 0.16975446428571428 0.2617559523809524 0.22142857142857142 0.08214285714285714
1 0.06267091990985048 0.18095592403628116 0.007198660714285714 0.021577380952380952
0 0.16975446428571428 0.4021577380952381 0.22142857142857142 0.07693452380952381
1 0.0645961431241362 0.3230902777777778 0.011049107142857144 0.021577380952380952
0 0.16975446428571428 0.5691964285714286 0.22142857142857142 0.0375
1 0.0665213663384219 0.4652246315192744 0.014899553571428572 0.021577380952380952
0 0.39140625 0.30758928571428573 0.22142857142857142 0.07767857142857143
1 0.2944842439573125 0.18095592403628116 0.027483258928571428 0.021577380952380952
0 0.39140625 0.41436011904761905 0.22142857142857142 0.05223214285714286
1 0.2953840765465982 0.3230902777777778 0.029282924107142855 0.021577380952380952
0 0.39140625 0.5589285714285714 0.22142857142857142 0.046130952380952384
1 0.2946028265465982 0.4652246315192744 0.027720424107142858 0.021577380952380952
0 0.6130580357142857 0.3220982142857143 0.22142857142857142 0.16026785714285716
1 0.5126745211297744 0.18095592403628116 0.020521763392857145 0.021577380952380952
0 0.6130580357142857 0.4497767857142857 0.22142857142857142 0.184375
1 0.5126745211297744 0.3230902777777778 0.020521763392857145 0.021577380952380952
0 0.6130580357142857 0.49970238095238095 0.22142857142857142 0.18898809523809523
1 0.5126884720226316 0.4652246315192744 0.02054966517857143 0.021577380952380952
0 0.8347098214285714 0.31592261904761904 0.22142857142857142 0.31726190476190474
1 0.7343525215165222 0.18095592403628116 0.020535714285714286 0.021577380952380952
0 0.8347098214285714 0.3522321428571429 0.22142857142857142 0.2113095238095238
1 0.7343455460700936 0.3230902777777778 0.020521763392857145 0.021577380952380952
0 0.8347098214285714 0.5225446428571429 0.22142857142857142 0.16413690476190476
1 0.7343455460700936 0.4652246315192744 0.020521763392857145 0.021577380952380952
0 0.49832589285714285 0.6877232142857143 0.8785714285714286 0.0831845238095238
1 0.0645961431241362 0.6073589852607709 0.011049107142857144 0.021577380952380952
