0 0.16975446428571428 0.259077380952381 0.22142857142857142 0.14970238095238095
1 0.06267091990985048 0.18095592403628116 0.007198660714285714 0.021577380952380952
0 0.16975446428571428 0.40736607142857145 0.22142857142857142 0.16532738095238095
1 0.0645961431241362 0.3230902777777778 0.011049107142857144 0.021577380952380952
0 0.16975446428571428 0.5220982142857142 0.22142857142857142 0.1611607142857143
1 0.0665213663384219 0.4652246315192744 0.014899553571428572 0.021577380952380952
0 0.39140625 0.3068452380952381 0.22142857142857142 0.1425595238095238
1 0.2944842439573125 0.18095592403628116 0.027483258928571428 0.021577380952380952
0 0.39140625 0.43839285714285714 0.22142857142857142 0.14732142857142858
1 0.2953840765465982 0.3230902777777778 0.029282924107142855 0.021577380952380952
0 0.39140625 0.5364583333333334 0.22142857142857142 0.1619047619047619
1 0.2946028265465982 0.4652246315192744 0.027720424107142858 0.021577380952380952
0 0.6130580357142857 0.11644345238095238 0.22142857142857142 0.4263392857142857
1 0.5126745211297744 0.18095592403628116 0.020521763392857145 0.021577380952380952
0 0.6130580357142857 0.31741071428571427 0.22142857142857142 0.37083333333333335
1 0.5126745211297744 0.3230902777777778 0.020521763392857145 0.021577380952380952
0 0.6130580357142857 0.4933779761904762 0.22142857142857142 0.35788690476190477
1 0.5126884720226316 0.4652246315192744 0.02054966517857143 0.021577380952380952
0 0.8347098214285714 0.22313988095238096 0.22142857142857142 0.2769345238095238
1 0.7343525215165222 0.18095592403628116 0.020535714285714286 0.021577380952380952
0 0.8347098214285714 0.375 0.22142857142857142 0.2011904761904762
1 0.7343455460700936 0.3230902777777778 0.020521763392857145 0.021577380952380952
0 0.8347098214285714 0.5385416666666667 0.22142857142857142 0.1449404761904762
1 0.7343455460700936 0.4652246315192744 0.020521763392857145 0.021577380952380952
0 0.49832589285714285 0.6866815476190476 0.8785714285714286 0.17544642857142856
1 0.0645961431241362 0.6073589852607709 0.011049107142857144 0.021577380952380952
