0 0.2806919642857143 0.21979166666666666 0.44285714285714284 0.03125
1 0.06297304751642037 0.1388420414462081 0.007198660714285714 0.021577380952380952
0 0.2806919642857143 0.30565476190476193 0.44285714285714284 0.09642857142857143
1 0.06489827073070609 0.24939098324514994 0.011049107142857144 0.021577380952380952
0 0.2806919642857143 0.4226190476190476 0.44285714285714284 0.09226190476190477
1 0.0668234939449918 0.35993992504409167 0.014899553571428572 0.021577380952380952
0 0.2806919642857143 0.5694940476190476 0.44285714285714284 0.056845238095238095
1 0.07311534662356323 0.47048886684303354 0.027483258928571428 0.021577380952380952
0 0.2806919642857143 0.6694196428571428 0.44285714285714284 0.04717261904761905
1 0.07401517921284895 0.5810378086419753 0.029282924107142855 0.021577380952380952
0 0.2806919642857143 0.7506696428571429 0.44285714285714284 0.09360119047619048
1 0.07323392921284894 0.6915867504409172 0.027720424107142858 0.021577380952380987
0 0.7237723214285714 0.24404761904761904 0.44285714285714284 0.10505952380952381
1 0.5126861414223348 0.1388420414462081 0.020521763392857145 0.021577380952380952
0 0.7237723214285714 0.36495535714285715 0.44285714285714284 0.13854166666666667
1 0.5126861414223348 0.24939098324514994 0.020521763392857145 0.021577380952380952
0 0.7237723214285714 0.4732886904761905 0.44285714285714284 0.1293154761904762
1 0.512700092315192 0.35993992504409167 0.02054966517857143 0.021577380952380952
0 0.7237723214285714 0.523735119047619 0.44285714285714284 0.1706845238095238
1 0.5126931168687634 0.47048886684303354 0.020535714285714286 0.021577380952380952
0 0.7237723214285714 0.6294642857142857 0.44285714285714284 0.14464285714285716
1 0.5126861414223348 0.5810378086419753 0.020521763392857145 0.021577380952380952
0 0.7237723214285714 0.7421130952380952 0.44285714285714284 0.1392857142857143
1 0.5126861414223348 0.6915867504409172 0.020521763392857145 0.021577380952380987
