0 0.5022879464285714 0.11071428571428571 0.8856026785714286 0.07023809523809524
1 0.0631253166160081 0.07988260582010584 0.007198660714285714 0.021577380952380952
0 0.5022879464285714 0.18608630952380953 0.8856026785714286 0.04747023809523809
1 0.06505053983029382 0.1462119708994709 0.011049107142857144 0.021577380952380952
0 0.5022879464285714 0.2728422619047619 0.8856026785714286 0.03824404761904762
1 0.06697576304457953 0.21254133597883595 0.014899553571428572 0.021577380952380952
0 0.5022879464285714 0.34925595238095236 0.8856026785714286 0.05625
1 0.07326761572315096 0.27887070105820105 0.027483258928571428 0.021577380952380952
0 0.5022879464285714 0.38377976190476193 0.8856026785714286 0.052976190476190475
1 0.07416744831243667 0.3452000661375661 0.029282924107142855 0.021577380952380952
0 0.5022879464285714 0.4601190476190476 0.8856026785714286 0.022916666666666665
1 0.07338619831243667 0.41152943121693125 0.027720424107142858 0.021577380952380952
0 0.5022879464285714 0.5480654761904762 0.8856026785714286 0.08303571428571428
1 0.06978686795529382 0.4778587962962963 0.020521763392857145 0.021577380952380952
0 0.5022879464285714 0.5573660714285714 0.8856026785714286 0.1230654761904762
1 0.06978686795529382 0.5441881613756614 0.020521763392857145 0.021577380952380952
0 0.5022879464285714 0.6290178571428572 0.8856026785714286 0.10178571428571428
1 0.06980081884815097 0.6105175264550264 0.02054966517857143 0.021577380952380952
0 0.5022879464285714 0.7078125 0.8856026785714286 0.06145833333333333
1 0.06979384340172239 0.6768468915343916 0.020535714285714286 0.021577380952380952
0 0.5022879464285714 0.7791666666666667 0.8856026785714286 0.06220238095238095
1 0.06978686795529382 0.7431762566137565 0.020521763392857145 0.021577380952380952
0 0.5022879464285714 0.8495535714285715 0.8856026785714286 0.06130952380952381
1 0.06978686795529382 0.8095056216931217 0.020521763392857145 0.021577380952380952
