0 0.16975446428571428 0.23117559523809525 0.22142857142857142 0.1513392857142857
1 0.06267091990985048 0.18095592403628116 0.007198660714285714 0.021577380952380952
0 0.16975446428571428 0.39479166666666665 0.22142857142857142 0.1056547619047619
1 0.0645961431241362 0.3230902777777778 0.011049107142857144 0.021577380952380952
0 0.16975446428571428 0.5875744047619048 0.22142857142857142 0.05967261904761905
1 0.0665213663384219 0.4652246315192744 0.014899553571428572 0.021577380952380952
0 0.39140625 0.3279017857142857 0.22142857142857142 0.12514880952380952
1 0.2944842439573125 0.18095592403628116 0.027483258928571428 0.021577380952380952
0 0.39140625 0.390625 0.22142857142857142 0.10416666666666667
1 0.2953840765465982 0.3230902777777778 0.029282924107142855 0.021577380952380952
0 0.39140625 0.5642857142857143 0.22142857142857142 0.052976190476190475
1 0.2946028265465982 0.4652246315192744 0.027720424107142858 0.021577380952380952
0 0.6130580357142857 0.3405505952380952 0.22142857142857142 0.1650297619047619
1 0.5126745211297744 0.18095592403628116 0.020521763392857145 0.021577380952380952
0 0.6130580357142857 0.5207589285714286 0.22142857142857142 0.290625
1 0.5126745211297744 0.3230902777777778 0.020521763392857145 0.021577380952380952
0 0.6130580357142857 0.6366815476190476 0.22142857142857142 0.26205357142857144
1 0.5126884720226316 0.4652246315192744 0.02054966517857143 0.021577380952380952
0 0.8347098214285714 0.2961309523809524 0.22142857142857142 0.2244047619047619
1 0.7343525215165222 0.18095592403628116 0.020535714285714286 0.021577380952380952
0 0.8347098214285714 0.37544642857142857 0.22142857142857142 0.18779761904761905
1 0.7343455460700936 0.3230902777777778 0.020521763392857145 0.021577380952380952
0 0.8347098214285714 0.5092261904761904 0.22142857142857142 0.15178571428571427
1 0.7343455460700936 0.4652246315192744 0.020521763392857145 0.021577380952380952
0 0.49832589285714285 0.6677827380952381 0.8785714285714286 0.13645833333333332
1 0.0645961431241362 0.6073589852607709 0.011049107142857144 0.021577380952380952
