0 0.5022879464285714 0.12626488095238095 0.8856026785714286 0.034375
1 0.0631253166160081 0.07988260582010584 0.007198660714285714 0.021577380952380952
0 0.5022879464285714 0.18385416666666668 0.8856026785714286 0.06800595238095238
1 0.06505053983029382 0.1462119708994709 0.011049107142857144 0.021577380952380952
0 0.5022879464285714 0.25729166666666664 0.8856026785714286 0.041666666666666664
1 0.06697576304457953 0.21254133597883595 0.014899553571428572 0.021577380952380952
0 0.5022879464285714 0.34211309523809524 0.8856026785714286 0.05119047619047619
1 0.07326761572315096 0.27887070105820105 0.027483258928571428 0.021577380952380952
0 0.5022879464285714 0.3983630952380952 0.8856026785714286 0.018452380952380953
1 0.07416744831243667 0.3452000661375661 0.029282924107142855 0.021577380952380952
0 0.5022879464285714 0.4523065476190476 0.8856026785714286 0.05282738095238095
1 0.07338619831243667 0.41152943121693125 0.027720424107142858 0.021577380952380952
0 0.5022879464285714 0.5498511904761905 0.8856026785714286 0.05952380952380952
1 0.06978686795529382 0.4778587962962963 0.020521763392857145 0.021577380952380952
0 0.5022879464285714 0.6162202380952381 0.8856026785714286 0.09702380952380953
1 0.06978686795529382 0.5441881613756614 0.020521763392857145 0.021577380952380952
0 0.5022879464285714 0.657514880952381 0.8856026785714286 0.08854166666666667
1 0.06980081884815097 0.6105175264550264 0.02054966517857143 0.021577380952380952
0 0.5022879464285714 0.7080357142857143 0.8856026785714286 0.12351190476190477
1 0.06979384340172239 0.6768468915343916 0.020535714285714286 0.021577380952380952
0 0.5022879464285714 0.7724702380952381 0.8856026785714286 0.10386904761904762
1 0.06978686795529382 0.7431762566137565 0.020521763392857145 0.021577380952380952
0 0.5022879464285714 0.841220238095238 0.8856026785714286 0.06696428571428571
1 0.06978686795529382 0.8095056216931217 0.020521763392857145 0.021577380952380952
