0 0.2806919642857143 0.21465773809523808 0.44285714285714284 0.05193452380952381
1 0.06297304751642037 0.1388420414462081 0.007198660714285714 0.021577380952380952
0 0.2806919642857143 0.28720238095238093 0.44285714285714284 0.14345238095238094
1 0.06489827073070609 0.24939098324514994 0.011049107142857144 0.021577380952380952
0 0.2806919642857143 0.4034970238095238 0.44285714285714284 0.11830357142857142
1 0.0668234939449918 0.35993992504409167 0.014899553571428572 0.021577380952380952
0 0.2806919642857143 0.5783482142857143 0.44285714285714284 0.09092261904761904
1 0.07311534662356323 0.47048886684303354 0.027483258928571428 0.021577380952380952
0 0.2806919642857143 0.6790178571428571 0.44285714285714284 0.06220238095238095
1 0.07401517921284895 0.5810378086419753 0.029282924107142855 0.021577380952380952
0 0.2806919642857143 0.7336309523809523 0.44285714285714284 0.12797619047619047
1 0.07323392921284894 0.6915867504409172 0.027720424107142858 0.021577380952380987
0 0.7237723214285714 0.22232142857142856 0.44285714285714284 0.11369047619047619
1 0.5126861414223348 0.1388420414462081 0.020521763392857145 0.021577380952380952
0 0.7237723214285714 0.33645833333333336 0.44285714285714284 0.17767857142857144
1 0.5126861414223348 0.24939098324514994 0.020521763392857145 0.021577380952380952
0 0.7237723214285714 0.4048363095238095 0.44285714285714284 0.14836309523809524
1 0.512700092315192 0.35993992504409167 0.02054966517857143 0.021577380952380952
0 0.7237723214285714 0.5021577380952381 0.44285714285714284 0.1644345238095238
1 0.5126931168687634 0.47048886684303354 0.020535714285714286 0.021577380952380952
0 0.7237723214285714 0.6183035714285714 0.44285714285714284 0.13779761904761906
1 0.5126861414223348 0.5810378086419753 0.020521763392857145 0.021577380952380952
0 0.7237723214285714 0.7357886904761904 0.44285714285714284 0.11770833333333333
1 0.5126861414223348 0.6915867504409172 0.020521763392857145 0.021577380952380987
