0 0.16975446428571428 0.27038690476190474 0.22142857142857142 0.05238095238095238
1 0.06267091990985048 0.18095592403628116 0.007198660714285714 0.021577380952380952
0 0.16975446428571428 0.3907738095238095 0.22142857142857142 0.09761904761904762
1 0.0645961431241362 0.3230902777777778 0.011049107142857144 0.021577380952380952
0 0.16975446428571428 0.5546130952380952 0.22142857142857142 0.07053571428571428
1 0.0665213663384219 0.4652246315192744 0.014899553571428572 0.021577380952380952
0 0.39140625 0.30967261904761906 0.22142857142857142 0.07261904761904762
1 0.2944842439573125 0.18095592403628116 0.027483258928571428 0.021577380952380952
0 0.39140625 0.4244791666666667 0.22142857142857142 0.03080357142857143
1 0.2953840765465982 0.3230902777777778 0.029282924107142855 0.021577380952380952
0 0.39140625 0.54375 0.22142857142857142 0.08244047619047619
1 0.2946028265465982 0.4652246315192744 0.027720424107142858 0.021577380952380952
0 0.6130580357142857 0.31651785714285713 0.22142857142857142 0.09285714285714286
1 0.5126745211297744 0.18095592403628116 0.020521763392857145 0.021577380952380952
0 0.6130580357142857 0.4744791666666667 0.22142857142857142 0.17098214285714286
1 0.5126745211297744 0.3230902777777778 0.020521763392857145 0.021577380952380952
0 0.6130580357142857 0.6158482142857142 0.22142857142857142 0.17366071428571428
1 0.5126884720226316 0.4652246315192744 0.02054966517857143 0.021577380952380952
0 0.8347098214285714 0.2735119047619048 0.22142857142857142 0.17142857142857143
1 0.7343525215165222 0.18095592403628116 0.020535714285714286 0.021577380952380952
0 0.8347098214285714 0.40319940476190474 0.22142857142857142 0.12485119047619048
1 0.7343455460700936 0.3230902777777778 0.020521763392857145 0.021577380952380952
0 0.8347098214285714 0.5382440476190476 0.22142857142857142 0.09494047619047619
1 0.7343455460700936 0.4652246315192744 0.020521763392857145 0.021577380952380952
0 0.49832589285714285 0.6790922619047619 0.8785714285714286 0.11711309523809524
1 0.0645961431241362 0.6073589852607709 0.011049107142857144 0.021577380952380952
