0 0.2806919642857143 0.21510416666666668 0.44285714285714284 0.0337797619047619
1 0.06297304751642037 0.1388420414462081 0.007198660714285714 0.021577380952380952
0 0.2806919642857143 0.32775297619047616 0.44285714285714284 0.03080357142857143
1 0.06489827073070609 0.24939098324514994 0.011049107142857144 0.021577380952380952
0 0.2806919642857143 0.4451636904761905 0.44285714285714284 0.02693452380952381
1 0.0668234939449918 0.35993992504409167 0.014899553571428572 0.021577380952380952
0 0.2806919642857143 0.557217261904762 0.44285714285714284 0.028125
1 0.07311534662356323 0.47048886684303354 0.027483258928571428 0.021577380952380952
0 0.2806919642857143 0.6592261904761905 0.44285714285714284 0.028273809523809524
1 0.07401517921284895 0.5810378086419753 0.029282924107142855 0.021577380952380952
0 0.2806919642857143 0.7744791666666667 0.44285714285714284 0.023958333333333335
1 0.07323392921284894 0.6915867504409172 0.027720424107142858 0.021577380952380987
0 0.7237723214285714 0.24040178571428572 0.44285714285714284 0.1293154761904762
1 0.5126861414223348 0.1388420414462081 0.020521763392857145 0.021577380952380952
0 0.7237723214285714 0.34672619047619047 0.44285714285714284 0.2732142857142857
1 0.5126861414223348 0.24939098324514994 0.020521763392857145 0.021577380952380952
0 0.7237723214285714 0.46778273809523807 0.44285714285714284 0.1611607142857143
1 0.512700092315192 0.35993992504409167 0.02054966517857143 0.021577380952380952
0 0.7237723214285714 0.5474702380952381 0.44285714285714284 0.13273809523809524
1 0.5126931168687634 0.47048886684303354 0.020535714285714286 0.021577380952380952
0 0.7237723214285714 0.6488095238095238 0.44285714285714284 0.0880952380952381
1 0.5126861414223348 0.5810378086419753 0.020521763392857145 0.021577380952380952
0 0.7237723214285714 0.7571428571428571 0.44285714285714284 0.060714285714285714
1 0.5126861414223348 0.6915867504409172 0.020521763392857145 0.021577380952380987
