0 0.16975446428571428 0.24203869047619048 0.22142857142857142 0.11889880952380952
1 0.06267091990985048 0.18095592403628116 0.007198660714285714 0.021577380952380952
0 0.16975446428571428 0.42016369047619045 0.22142857142857142 0.06235119047619048
1 0.0645961431241362 0.3230902777777778 0.011049107142857144 0.021577380952380952
0 0.16975446428571428 0.6037202380952381 0.22142857142857142 0.13005952380952382
1 0.0665213663384219 0.4652246315192744 0.014899553571428572 0.021577380952380952
0 0.39140625 0.3066964285714286 0.22142857142857142 0.0744047619047619
1 0.2944842439573125 0.18095592403628116 0.027483258928571428 0.021577380952380952
0 0.39140625 0.38876488095238093 0.22142857142857142 0.1212797619047619
1 0.2953840765465982 0.3230902777777778 0.029282924107142855 0.021577380952380952
0 0.39140625 0.5808779761904762 0.22142857142857142 0.08169642857142857
1 0.2946028265465982 0.4652246315192744 0.027720424107142858 0.021577380952380952
0 0.6130580357142857 0.32410714285714287 0.22142857142857142 0.11517857142857142
1 0.5126745211297744 0.18095592403628116 0.020521763392857145 0.021577380952380952
0 0.6130580357142857 0.4582589285714286 0.22142857142857142 0.1888392857142857
1 0.5126745211297744 0.3230902777777778 0.020521763392857145 0.021577380952380952
0 0.6130580357142857 0.5668898809523809 0.22142857142857142 0.20848214285714287
1 0.5126884720226316 0.4652246315192744 0.02054966517857143 0.021577380952380952
0 0.8347098214285714 0.23757440476190475 0.22142857142857142 0.20163690476190477
1 0.7343525215165222 0.18095592403628116 0.020535714285714286 0.021577380952380952
0 0.8347098214285714 0.36242559523809526 0.22142857142857142 0.1507440476190476
1 0.7343455460700936 0.3230902777777778 0.020521763392857145 0.021577380952380952
0 0.8347098214285714 0.53125 0.22142857142857142 0.19791666666666666
1 0.7343455460700936 0.4652246315192744 0.020521763392857145 0.021577380952380952
0 0.49832589285714285 0.6962053571428571 0.8785714285714286 0.08645833333333333
1 0.0645961431241362 0.6073589852607709 0.011049107142857144 0.021577380952380952
