0 0.2806919642857143 0.20386904761904762 0.44285714285714284 0.06666666666666667
1 0.06297304751642037 0.1388420414462081 0.007198660714285714 0.021577380952380952
0 0.2806919642857143 0.32849702380952384 0.44285714285714284 0.029910714285714287
1 0.06489827073070609 0.24939098324514994 0.011049107142857144 0.021577380952380952
0 0.2806919642857143 0.45483630952380955 0.44285714285714284 0.06324404761904762
1 0.0668234939449918 0.35993992504409167 0.014899553571428572 0.021577380952380952
0 0.2806919642857143 0.5625744047619048 0.44285714285714284 0.04181547619047619
1 0.07311534662356323 0.47048886684303354 0.027483258928571428 0.021577380952380952
0 0.2806919642857143 0.6477678571428571 0.44285714285714284 0.06398809523809523
1 0.07401517921284895 0.5810378086419753 0.029282924107142855 0.021577380952380952
0 0.2806919642857143 0.7793154761904761 0.44285714285714284 0.036904761904761905
1 0.07323392921284894 0.6915867504409172 0.027720424107142858 0.021577380952380987
0 0.7237723214285714 0.22931547619047618 0.44285714285714284 0.056845238095238095
1 0.5126861414223348 0.1388420414462081 0.020521763392857145 0.021577380952380952
0 0.7237723214285714 0.3600446428571429 0.44285714285714284 0.153125
1 0.5126861414223348 0.24939098324514994 0.020521763392857145 0.021577380952380952
0 0.7237723214285714 0.44419642857142855 0.44285714285714284 0.11785714285714285
1 0.512700092315192 0.35993992504409167 0.02054966517857143 0.021577380952380952
0 0.7237723214285714 0.5436755952380953 0.44285714285714284 0.12395833333333334
1 0.5126931168687634 0.47048886684303354 0.020535714285714286 0.021577380952380952
0 0.7237723214285714 0.6505208333333333 0.44285714285714284 0.10163690476190476
1 0.5126861414223348 0.5810378086419753 0.020521763392857145 0.021577380952380952
0 0.7237723214285714 0.7592261904761904 0.44285714285714284 0.0630952380952381
1 0.5126861414223348 0.6915867504409172 0.020521763392857145 0.021577380952380987
