0 0.16975446428571428 0.23266369047619048 0.22142857142857142 0.13645833333333332
1 0.06267091990985048 0.18095592403628116 0.007198660714285714 0.021577380952380952
0 0.16975446428571428 0.41316964285714286 0.22142857142857142 0.08288690476190476
1 0.0645961431241362 0.3230902777777778 0.011049107142857144 0.021577380952380952
0 0.16975446428571428 0.5969494047619047 0.22142857142857142 0.09657738095238096
1 0.0665213663384219 0.4652246315192744 0.014899553571428572 0.021577380952380952
0 0.39140625 0.3179315476190476 0.22142857142857142 0.10401785714285715
1 0.2944842439573125 0.18095592403628116 0.027483258928571428 0.021577380952380952
0 0.39140625 0.3860119047619048 0.22142857142857142 0.10892857142857143
1 0.2953840765465982 0.3230902777777778 0.029282924107142855 0.021577380952380952
0 0.39140625 0.579389880952381 0.22142857142857142 0.057291666666666664
1 0.2946028265465982 0.4652246315192744 0.027720424107142858 0.021577380952380952
0 0.6130580357142857 0.30431547619047616 0.22142857142857142 0.09791666666666667
1 0.5126745211297744 0.18095592403628116 0.020521763392857145 0.021577380952380952
0 0.6130580357142857 0.462202380952381 0.22142857142857142 0.26071428571428573
1 0.5126745211297744 0.3230902777777778 0.020521763392857145 0.021577380952380952
0 0.6130580357142857 0.5851934523809523 0.22142857142857142 0.30848214285714287
1 0.5126884720226316 0.4652246315192744 0.02054966517857143 0.021577380952380952
0 0.8347098214285714 0.2970982142857143 0.22142857142857142 0.28616071428571427
1 0.7343525215165222 0.18095592403628116 0.020535714285714286 0.021577380952380952
0 0.8347098214285714 0.4034970238095238 0.22142857142857142 0.2376488095238095
1 0.7343455460700936 0.3230902777777778 0.020521763392857145 0.021577380952380952
0 0.8347098214285714 0.5409226190476191 0.22142857142857142 0.16785714285714284
1 0.7343455460700936 0.4652246315192744 0.020521763392857145 0.021577380952380952
0 0.49832589285714285 0.6994047619047619 0.8785714285714286 0.10684523809523809
1 0.0645961431241362 0.6073589852607709 0.011049107142857144 0.021577380952380952
