0 0.2806919642857143 0.19546130952380952 0.44285714285714284 0.07782738095238095
1 0.06297304751642037 0.1388420414462081 0.007198660714285714 0.021577380952380952
0 0.2806919642857143 0.30825892857142856 0.44285714285714284 0.09092261904761904
1 0.06489827073070609 0.24939098324514994 0.011049107142857144 0.021577380952380952
0 0.2806919642857143 0.44895833333333335 0.44285714285714284 0.04255952380952381
1 0.0668234939449918 0.35993992504409167 0.014899553571428572 0.021577380952380952
0 0.2806919642857143 0.5791666666666667 0.44285714285714284 0.07738095238095238
1 0.07311534662356323 0.47048886684303354 0.027483258928571428 0.021577380952380952
0 0.2806919642857143 0.651264880952381 0.44285714285714284 0.04538690476190476
1 0.07401517921284895 0.5810378086419753 0.029282924107142855 0.021577380952380952
0 0.2806919642857143 0.7661458333333333 0.44285714285714284 0.06264880952380952
1 0.07323392921284894 0.6915867504409172 0.027720424107142858 0.021577380952380987
0 0.7237723214285714 0.24203869047619048 0.44285714285714284 0.1543154761904762
1 0.5126861414223348 0.1388420414462081 0.020521763392857145 0.021577380952380952
0 0.7237723214285714 0.36770833333333336 0.44285714285714284 0.14910714285714285
1 0.5126861414223348 0.24939098324514994 0.020521763392857145 0.021577380952380952
0 0.7237723214285714 0.4711309523809524 0.44285714285714284 0.13005952380952382
1 0.512700092315192 0.35993992504409167 0.02054966517857143 0.021577380952380952
0 0.7237723214285714 0.5609375 0.44285714285714284 0.13080357142857144
1 0.5126931168687634 0.47048886684303354 0.020535714285714286 0.021577380952380952
0 0.7237723214285714 0.6118303571428572 0.44285714285714284 0.17604166666666668
1 0.5126861414223348 0.5810378086419753 0.020521763392857145 0.021577380952380952
0 0.7237723214285714 0.7302827380952381 0.44285714285714284 0.13288690476190476
1 0.5126861414223348 0.6915867504409172 0.020521763392857145 0.021577380952380987
