0 0.16975446428571428 0.2701636904761905 0.22142857142857142 0.08616071428571428
1 0.06267091990985048 0.18095592403628116 0.007198660714285714 0.021577380952380952
0 0.16975446428571428 0.4450892857142857 0.22142857142857142 0.07529761904761904
1 0.0645961431241362 0.3230902777777778 0.011049107142857144 0.021577380952380952
0 0.16975446428571428 0.5886904761904762 0.22142857142857142 0.12113095238095238
1 0.0665213663384219 0.4652246315192744 0.014899553571428572 0.021577380952380952
0 0.39140625 0.28087797619047616 0.22142857142857142 0.06592261904761905
1 0.2944842439573125 0.18095592403628116 0.027483258928571428 0.021577380952380952
0 0.39140625 0.4108630952380952 0.22142857142857142 0.09642857142857143
1 0.2953840765465982 0.3230902777777778 0.029282924107142855 0.021577380952380952
0 0.39140625 0.5871279761904762 0.22142857142857142 0.09538690476190476
1 0.2946028265465982 0.4652246315192744 0.027720424107142858 0.021577380952380952
0 0.6130580357142857 0.31726190476190474 0.22142857142857142 0.0886904761904762
1 0.5126745211297744 0.18095592403628116 0.020521763392857145 0.021577380952380952
0 0.6130580357142857 0.451860119047619 0.22142857142857142 0.19270833333333334
1 0.5126745211297744 0.3230902777777778 0.020521763392857145 0.021577380952380952
0 0.6130580357142857 0.5785714285714286 0.22142857142857142 0.13392857142857142
1 0.5126884720226316 0.4652246315192744 0.02054966517857143 0.021577380952380952
0 0.8347098214285714 0.3007440476190476 0.22142857142857142 0.11369047619047619
1 0.7343525215165222 0.18095592403628116 0.020535714285714286 0.021577380952380952
0 0.8347098214285714 0.4148065476190476 0.22142857142857142 0.1043154761904762
1 0.7343455460700936 0.3230902777777778 0.020521763392857145 0.021577380952380952
0 0.8347098214285714 0.5700892857142857 0.22142857142857142 0.0931547619047619
1 0.7343455460700936 0.4652246315192744 0.020521763392857145 0.021577380952380952
0 0.49832589285714285 0.6980654761904762 0.8785714285714286 0.15386904761904763
1 0.0645961431241362 0.6073589852607709 0.011049107142857144 0.021577380952380952
