0 0.2806919642857143 0.20305059523809524 0.44285714285714284 0.05907738095238095
1 0.06297304751642037 0.1388420414462081 0.007198660714285714 0.021577380952380952
0 0.2806919642857143 0.298139880952381 0.44285714285714284 0.0918154761904762
1 0.06489827073070609 0.24939098324514994 0.011049107142857144 0.021577380952380952
0 0.2806919642857143 0.423139880952381 0.44285714285714284 0.05699404761904762
1 0.0668234939449918 0.35993992504409167 0.014899553571428572 0.021577380952380952
0 0.2806919642857143 0.5783482142857143 0.44285714285714284 0.07544642857142857
1 0.07311534662356323 0.47048886684303354 0.027483258928571428 0.021577380952380952
0 0.2806919642857143 0.6625744047619048 0.44285714285714284 0.029910714285714287
1 0.07401517921284895 0.5810378086419753 0.029282924107142855 0.021577380952380952
0 0.2806919642857143 0.7475446428571428 0.44285714285714284 0.07336309523809524
1 0.07323392921284894 0.6915867504409172 0.027720424107142858 0.021577380952380987
0 0.7237723214285714 0.2598958333333333 0.44285714285714284 0.14151785714285714
1 0.5126861414223348 0.1388420414462081 0.020521763392857145 0.021577380952380952
0 0.7237723214285714 0.39092261904761905 0.44285714285714284 0.2255952380952381
1 0.5126861414223348 0.24939098324514994 0.020521763392857145 0.021577380952380952
0 0.7237723214285714 0.4875 0.44285714285714284 0.20416666666666666
1 0.512700092315192 0.35993992504409167 0.02054966517857143 0.021577380952380952
0 0.7237723214285714 0.5787202380952381 0.44285714285714284 0.15892857142857142
1 0.5126931168687634 0.47048886684303354 0.020535714285714286 0.021577380952380952
0 0.7237723214285714 0.6157738095238096 0.44285714285714284 0.13035714285714287
1 0.5126861414223348 0.5810378086419753 0.020521763392857145 0.021577380952380952
0 0.7237723214285714 0.7370535714285714 0.44285714285714284 0.11041666666666666
1 0.5126861414223348 0.6915867504409172 0.020521763392857145 0.021577380952380987
