0 0.5022879464285714 0.11160714285714286 0.8856026785714286 0.07797619047619048
1 0.0631253166160081 0.07988260582010584 0.007198660714285714 0.021577380952380952
0 0.5022879464285714 0.22380952380952382 0.8856026785714286 0.09761904761904762
1 0.06505053983029382 0.1462119708994709 0.011049107142857144 0.021577380952380952
0 0.5022879464285714 0.3116815476190476 0.8856026785714286 0.16026785714285716
1 0.06697576304457953 0.21254133597883595 0.014899553571428572 0.021577380952380952
0 0.5022879464285714 0.33229166666666665 0.8856026785714286 0.03511904761904762
1 0.07326761572315096 0.27887070105820105 0.027483258928571428 0.021577380952380952
0 0.5022879464285714 0.3638392857142857 0.8856026785714286 0.1181547619047619
1 0.07416744831243667 0.3452000661375661 0.029282924107142855 0.021577380952380952
0 0.5022879464285714 0.5005208333333333 0.8856026785714286 0.1269345238095238
1 0.07338619831243667 0.41152943121693125 0.027720424107142858 0.021577380952380952
0 0.5022879464285714 0.5194196428571428 0.8856026785714286 0.054910714285714285
1 0.06978686795529382 0.4778587962962963 0.020521763392857145 0.021577380952380952
0 0.5022879464285714 0.5927827380952381 0.8856026785714286 0.07961309523809523
1 0.06978686795529382 0.5441881613756614 0.020521763392857145 0.021577380952380952
0 0.5022879464285714 0.6591517857142857 0.8856026785714286 0.07961309523809523
1 0.06980081884815097 0.6105175264550264 0.02054966517857143 0.021577380952380952
0 0.5022879464285714 0.7307291666666667 0.8856026785714286 0.053422619047619045
1 0.06979384340172239 0.6768468915343916 0.020535714285714286 0.021577380952380952
0 0.5022879464285714 0.7945684523809524 0.8856026785714286 0.12247023809523809
1 0.06978686795529382 0.7431762566137565 0.020521763392857145 0.021577380952380952
0 0.5022879464285714 0.8572916666666667 0.8856026785714286 0.12857142857142856
1 0.06978686795529382 0.8095056216931217 0.020521763392857145 0.021577380952380952
