0 0.16975446428571428 0.2552083333333333 0.22142857142857142 0.09970238095238096
1 0.06267091990985048 0.18095592403628116 0.007198660714285714 0.021577380952380952
0 0.16975446428571428 0.3933035714285714 0.22142857142857142 0.11875
1 0.0645961431241362 0.3230902777777778 0.011049107142857144 0.021577380952380952
0 0.16975446428571428 0.5664434523809524 0.22142857142857142 0.03764880952380952
1 0.0665213663384219 0.4652246315192744 0.014899553571428572 0.021577380952380952
0 0.39140625 0.3157738095238095 0.22142857142857142 0.10773809523809524
1 0.2944842439573125 0.18095592403628116 0.027483258928571428 0.021577380952380952
0 0.39140625 0.41592261904761907 0.22142857142857142 0.04672619047619048
1 0.2953840765465982 0.3230902777777778 0.029282924107142855 0.021577380952380952
0 0.39140625 0.5506696428571428 0.22142857142857142 0.0724702380952381
1 0.2946028265465982 0.4652246315192744 0.027720424107142858 0.021577380952380952
0 0.6130580357142857 0.2840029761904762 0.22142857142857142 0.20758928571428573
1 0.5126745211297744 0.18095592403628116 0.020521763392857145 0.021577380952380952
0 0.6130580357142857 0.4177827380952381 0.22142857142857142 0.1230654761904762
1 0.5126745211297744 0.3230902777777778 0.020521763392857145 0.021577380952380952
0 0.6130580357142857 0.5583333333333333 0.22142857142857142 0.12410714285714286
1 0.5126884720226316 0.4652246315192744 0.02054966517857143 0.021577380952380952
0 0.8347098214285714 0.24933035714285715 0.22142857142857142 0.19032738095238094
1 0.7343525215165222 0.18095592403628116 0.020535714285714286 0.021577380952380952
0 0.8347098214285714 0.36674107142857143 0.22142857142857142 0.1575892857142857
1 0.7343455460700936 0.3230902777777778 0.020521763392857145 0.021577380952380952
0 0.8347098214285714 0.5269345238095238 0.22142857142857142 0.15178571428571427
1 0.7343455460700936 0.4652246315192744 0.020521763392857145 0.021577380952380952
0 0.49832589285714285 0.6753720238095238 0.8785714285714286 0.1230654761904762
1 0.0645961431241362 0.6073589852607709 0.011049107142857144 0.021577380952380952
