0 0.2806919642857143 0.19188988095238096 0.44285714285714284 0.0775297619047619
1 0.06297304751642037 0.1388420414462081 0.007198660714285714 0.021577380952380952
0 0.2806919642857143 0.31607142857142856 0.44285714285714284 0.06845238095238096
1 0.06489827073070609 0.24939098324514994 0.011049107142857144 0.021577380952380952
0 0.2806919642857143 0.4476934523809524 0.44285714285714284 0.04627976190476191
1 0.0668234939449918 0.35993992504409167 0.014899553571428572 0.021577380952380952
0 0.2806919642857143 0.5765625 0.44285714285714284 0.06949404761904762
1 0.07311534662356323 0.47048886684303354 0.027483258928571428 0.021577380952380952
0 0.2806919642857143 0.645907738095238 0.44285714285714284 0.053422619047619045
1 0.07401517921284895 0.5810378086419753 0.029282924107142855 0.021577380952380952
0 0.2806919642857143 0.7726934523809523 0.44285714285714284 0.048660714285714286
1 0.07323392921284894 0.6915867504409172 0.027720424107142858 0.021577380952380987
0 0.7237723214285714 0.26748511904761907 0.44285714285714284 0.16711309523809523
1 0.5126861414223348 0.1388420414462081 0.020521763392857145 0.021577380952380952
0 0.7237723214285714 0.3451636904761905 0.44285714285714284 0.2635416666666667
1 0.5126861414223348 0.24939098324514994 0.020521763392857145 0.021577380952380952
0 0.7237723214285714 0.4322916666666667 0.44285714285714284 0.18154761904761904
1 0.512700092315192 0.35993992504409167 0.02054966517857143 0.021577380952380952
0 0.7237723214285714 0.5416666666666666 0.44285714285714284 0.1836309523809524
1 0.5126931168687634 0.47048886684303354 0.020535714285714286 0.021577380952380952
0 0.7237723214285714 0.6420386904761904 0.44285714285714284 0.07604166666666666
1 0.5126861414223348 0.5810378086419753 0.020521763392857145 0.021577380952380952
0 0.7237723214285714 0.7550595238095238 0.44285714285714284 0.05773809523809524
1 0.5126861414223348 0.6915867504409172 0.020521763392857145 0.021577380952380987
