0 0.16975446428571428 0.25491071428571427 0.22142857142857142 0.10982142857142857
1 0.06267091990985048 0.18095592403628116 0.007198660714285714 0.021577380952380952
0 0.16975446428571428 0.3959077380952381 0.22142857142857142 0.09360119047619048
1 0.0645961431241362 0.3230902777777778 0.011049107142857144 0.021577380952380952
0 0.16975446428571428 0.561235119047619 0.22142857142857142 0.05818452380952381
1 0.0665213663384219 0.4652246315192744 0.014899553571428572 0.021577380952380952
0 0.39140625 0.3176339285714286 0.22142857142857142 0.09360119047619048
1 0.2944842439573125 0.18095592403628116 0.027483258928571428 0.021577380952380952
0 0.39140625 0.41361607142857143 0.22142857142857142 0.07782738095238095
1 0.2953840765465982 0.3230902777777778 0.029282924107142855 0.021577380952380952
0 0.39140625 0.5548363095238096 0.22142857142857142 0.05580357142857143
1 0.2946028265465982 0.4652246315192744 0.027720424107142858 0.021577380952380952
0 0.6130580357142857 0.3177083333333333 0.22142857142857142 0.10714285714285714
1 0.5126745211297744 0.18095592403628116 0.020521763392857145 0.021577380952380952
0 0.6130580357142857 0.49642857142857144 0.22142857142857142 0.175
1 0.5126745211297744 0.3230902777777778 0.020521763392857145 0.021577380952380952
0 0.6130580357142857 0.6162202380952381 0.22142857142857142 0.2050595238095238
1 0.5126884720226316 0.4652246315192744 0.02054966517857143 0.021577380952380952
0 0.8347098214285714 0.2654761904761905 0.22142857142857142 0.24047619047619048
1 0.7343525215165222 0.18095592403628116 0.020535714285714286 0.021577380952380952
0 0.8347098214285714 0.390625 0.22142857142857142 0.21785714285714286
1 0.7343455460700936 0.3230902777777778 0.020521763392857145 0.021577380952380952
0 0.8347098214285714 0.520610119047619 0.22142857142857142 0.1900297619047619
1 0.7343455460700936 0.4652246315192744 0.020521763392857145 0.021577380952380952
0 0.49832589285714285 0.6767113095238095 0.8785714285714286 0.10044642857142858
1 0.0645961431241362 0.6073589852607709 0.011049107142857144 0.021577380952380952
