0 0.16975446428571428 0.26867559523809526 0.22142857142857142 0.0918154761904762
1 0.06267091990985048 0.18095592403628116 0.007198660714285714 0.021577380952380952
0 0.16975446428571428 0.39352678571428573 0.22142857142857142 0.14598214285714287
1 0.0645961431241362 0.3230902777777778 0.011049107142857144 0.021577380952380952
0 0.16975446428571428 0.5537946428571429 0.22142857142857142 0.06413690476190476
1 0.0665213663384219 0.4652246315192744 0.014899553571428572 0.021577380952380952
0 0.39140625 0.3091517857142857 0.22142857142857142 0.11741071428571428
1 0.2944842439573125 0.18095592403628116 0.027483258928571428 0.021577380952380952
0 0.39140625 0.42016369047619045 0.22142857142857142 0.04330357142857143
1 0.2953840765465982 0.3230902777777778 0.029282924107142855 0.021577380952380952
0 0.39140625 0.5444940476190476 0.22142857142857142 0.10446428571428572
1 0.2946028265465982 0.4652246315192744 0.027720424107142858 0.021577380952380952
0 0.6130580357142857 0.3046875 0.22142857142857142 0.07842261904761905
1 0.5126745211297744 0.18095592403628116 0.020521763392857145 0.021577380952380952
0 0.6130580357142857 0.43601190476190477 0.22142857142857142 0.14107142857142857
1 0.5126745211297744 0.3230902777777778 0.020521763392857145 0.021577380952380952
0 0.6130580357142857 0.538764880952381 0.22142857142857142 0.2769345238095238
1 0.5126884720226316 0.4652246315192744 0.02054966517857143 0.021577380952380952
0 0.8347098214285714 0.23058035714285716 0.22142857142857142 0.25877976190476193
1 0.7343525215165222 0.18095592403628116 0.020535714285714286 0.021577380952380952
0 0.8347098214285714 0.3764136904761905 0.22142857142857142 0.1825892857142857
1 0.7343455460700936 0.3230902777777778 0.020521763392857145 0.021577380952380952
0 0.8347098214285714 0.5322916666666667 0.22142857142857142 0.12172619047619047
1 0.7343455460700936 0.4652246315192744 0.020521763392857145 0.021577380952380952
0 0.49832589285714285 0.677157738095238 0.8785714285714286 0.14717261904761905
1 0.0645961431241362 0.6073589852607709 0.011049107142857144 0.021577380952380952
