0 0.16975446428571428 0.28809523809523807 0.22142857142857142 0.04136904761904762
1 0.06267091990985048 0.18095592403628116 0.007198660714285714 0.021577380952380952
0 0.16975446428571428 0.3644345238095238 0.22142857142857142 0.17291666666666666
1 0.0645961431241362 0.3230902777777778 0.011049107142857144 0.021577380952380952
0 0.16975446428571428 0.5010416666666667 0.22142857142857142 0.1625
1 0.0665213663384219 0.4652246315192744 0.014899553571428572 0.021577380952380952
0 0.39140625 0.30959821428571427 0.22142857142857142 0.09955357142857142
1 0.2944842439573125 0.18095592403628116 0.027483258928571428 0.021577380952380952
0 0.39140625 0.4608630952380952 0.22142857142857142 0.0818452380952381
1 0.2953840765465982 0.3230902777777778 0.029282924107142855 0.021577380952380952
0 0.39140625 0.5020089285714285 0.22142857142857142 0.16383928571428572
1 0.2946028265465982 0.4652246315192744 0.027720424107142858 0.021577380952380952
0 0.6130580357142857 0.32909226190476193 0.22142857142857142 0.1331845238095238
1 0.5126745211297744 0.18095592403628116 0.020521763392857145 0.021577380952380952
0 0.6130580357142857 0.46056547619047616 0.22142857142857142 0.21666666666666667
1 0.5126745211297744 0.3230902777777778 0.020521763392857145 0.021577380952380952
0 0.6130580357142857 0.6264880952380952 0.22142857142857142 0.2610119047619048
1 0.5126884720226316 0.4652246315192744 0.02054966517857143 0.021577380952380952
0 0.8347098214285714 0.27879464285714284 0.22142857142857142 0.1275297619047619
1 0.7343525215165222 0.18095592403628116 0.020535714285714286 0.021577380952380952
0 0.8347098214285714 0.4270833333333333 0.22142857142857142 0.0943452380952381
1 0.7343455460700936 0.3230902777777778 0.020521763392857145 0.021577380952380952
0 0.8347098214285714 0.5508928571428572 0.22142857142857142 0.10267857142857142
1 0.7343455460700936 0.4652246315192744 0.020521763392857145 0.021577380952380952
0 0.49832589285714285 0.6485119047619048 0.8785714285714286 0.18779761904761905
1 0.0645961431241362 0.6073589852607709 0.011049107142857144 0.021577380952380952
