0 0.2806919642857143 0.2011904761904762 0.44285714285714284 0.06458333333333334
1 0.06297304751642037 0.1388420414462081 0.007198660714285714 0.021577380952380952
0 0.2806919642857143 0.33556547619047616 0.44285714285714284 0.04851190476190476
1 0.06489827073070609 0.24939098324514994 0.011049107142857144 0.021577380952380952
0 0.2806919642857143 0.4610119047619048 0.44285714285714284 0.06696428571428571
1 0.0668234939449918 0.35993992504409167 0.014899553571428572 0.021577380952380952
0 0.2806919642857143 0.5611607142857142 0.44285714285714284 0.054464285714285715
1 0.07311534662356323 0.47048886684303354 0.027483258928571428 0.021577380952380952
0 0.2806919642857143 0.6426339285714285 0.44285714285714284 0.061160714285714284
1 0.07401517921284895 0.5810378086419753 0.029282924107142855 0.021577380952380952
0 0.2806919642857143 0.7805059523809523 0.44285714285714284 0.04375
1 0.07323392921284894 0.6915867504409172 0.027720424107142858 0.021577380952380987
0 0.7237723214285714 0.2304315476190476 0.44285714285714284 0.05282738095238095
1 0.5126861414223348 0.1388420414462081 0.020521763392857145 0.021577380952380952
0 0.7237723214285714 0.3575892857142857 0.44285714285714284 0.10386904761904762
1 0.5126861414223348 0.24939098324514994 0.020521763392857145 0.021577380952380952
0 0.7237723214285714 0.4630952380952381 0.44285714285714284 0.09047619047619047
1 0.512700092315192 0.35993992504409167 0.02054966517857143 0.021577380952380952
0 0.7237723214285714 0.5631696428571429 0.44285714285714284 0.08526785714285715
1 0.5126931168687634 0.47048886684303354 0.020535714285714286 0.021577380952380952
0 0.7237723214285714 0.6654761904761904 0.44285714285714284 0.08154761904761905
1 0.5126861414223348 0.5810378086419753 0.020521763392857145 0.021577380952380952
0 0.7237723214285714 0.7723958333333333 0.44285714285714284 0.09092261904761904
1 0.5126861414223348 0.6915867504409172 0.020521763392857145 0.021577380952380987
