0 0.16975446428571428 0.2592261904761905 0.22142857142857142 0.10386904761904762
1 0.06267091990985048 0.18095592403628116 0.007198660714285714 0.021577380952380952
0 0.16975446428571428 0.45208333333333334 0.22142857142857142 0.12261904761904761
1 0.0645961431241362 0.3230902777777778 0.011049107142857144 0.021577380952380952
0 0.16975446428571428 0.6256696428571429 0.22142857142857142 0.1757440476190476
1 0.0665213663384219 0.4652246315192744 0.014899553571428572 0.021577380952380952
0 0.39140625 0.28169642857142857 0.22142857142857142 0.05476190476190476
1 0.2944842439573125 0.18095592403628116 0.027483258928571428 0.021577380952380952
0 0.39140625 0.38377976190476193 0.22142857142857142 0.12321428571428572
1 0.2953840765465982 0.3230902777777778 0.029282924107142855 0.021577380952380952
0 0.39140625 0.6095982142857143 0.22142857142857142 0.1474702380952381
1 0.2946028265465982 0.4652246315192744 0.027720424107142858 0.021577380952380952
0 0.6130580357142857 0.26733630952380955 0.22142857142857142 0.09806547619047619
1 0.5126745211297744 0.18095592403628116 0.020521763392857145 0.021577380952380952
0 0.6130580357142857 0.40528273809523807 0.22142857142857142 0.07485119047619047
1 0.5126745211297744 0.3230902777777778 0.020521763392857145 0.021577380952380952
0 0.6130580357142857 0.5563244047619048 0.22142857142857142 0.05133928571428571
1 0.5126884720226316 0.4652246315192744 0.02054966517857143 0.021577380952380952
0 0.8347098214285714 0.266889880952381 0.22142857142857142 0.12514880952380952
1 0.7343525215165222 0.18095592403628116 0.020535714285714286 0.021577380952380952
0 0.8347098214285714 0.36436011904761906 0.22142857142857142 0.2924107142857143
1 0.7343455460700936 0.3230902777777778 0.020521763392857145 0.021577380952380952
0 0.8347098214285714 0.5336309523809524 0.22142857142857142 0.14375
1 0.7343455460700936 0.4652246315192744 0.020521763392857145 0.021577380952380952
0 0.49832589285714285 0.7363095238095239 0.8785714285714286 0.12261904761904761
1 0.0645961431241362 0.6073589852607709 0.011049107142857144 0.021577380952380952
