0 0.2806919642857143 0.21875 0.44285714285714284 0.06369047619047619
1 0.06297304751642037 0.1388420414462081 0.007198660714285714 0.021577380952380952
0 0.2806919642857143 0.33958333333333335 0.44285714285714284 0.05386904761904762
1 0.06489827073070609 0.24939098324514994 0.011049107142857144 0.021577380952380952
0 0.2806919642857143 0.44642857142857145 0.44285714285714284 0.03482142857142857
1 0.0668234939449918 0.35993992504409167 0.014899553571428572 0.021577380952380952
0 0.2806919642857143 0.55 0.44285714285714284 0.0556547619047619
1 0.07311534662356323 0.47048886684303354 0.027483258928571428 0.021577380952380952
0 0.2806919642857143 0.6584077380952381 0.44285714285714284 0.045089285714285714
1 0.07401517921284895 0.5810378086419753 0.029282924107142855 0.021577380952380952
0 0.2806919642857143 0.7794642857142857 0.44285714285714284 0.03511904761904762
1 0.07323392921284894 0.6915867504409172 0.027720424107142858 0.021577380952380987
0 0.7237723214285714 0.2078125 0.44285714285714284 0.07276785714285715
1 0.5126861414223348 0.1388420414462081 0.020521763392857145 0.021577380952380952
0 0.7237723214285714 0.30885416666666665 0.44285714285714284 0.12098214285714286
1 0.5126861414223348 0.24939098324514994 0.020521763392857145 0.021577380952380952
0 0.7237723214285714 0.4245535714285714 0.44285714285714284 0.16101190476190477
1 0.512700092315192 0.35993992504409167 0.02054966517857143 0.021577380952380952
0 0.7237723214285714 0.5389880952380952 0.44285714285714284 0.18511904761904763
1 0.5126931168687634 0.47048886684303354 0.020535714285714286 0.021577380952380952
0 0.7237723214285714 0.6672619047619047 0.44285714285714284 0.11875
1 0.5126861414223348 0.5810378086419753 0.020521763392857145 0.021577380952380952
0 0.7237723214285714 0.7822172619047619 0.44285714285714284 0.08854166666666667
1 0.5126861414223348 0.6915867504409172 0.020521763392857145 0.021577380952380987
