0 0.16975446428571428 0.2532738095238095 0.22142857142857142 0.0931547619047619
1 0.06267091990985048 0.18095592403628116 0.007198660714285714 0.021577380952380952
0 0.16975446428571428 0.4181547619047619 0.22142857142857142 0.06577380952380953
1 0.0645961431241362 0.3230902777777778 0.011049107142857144 0.021577380952380952
0 0.16975446428571428 0.5885416666666666 0.22142857142857142 0.07678571428571429
1 0.0665213663384219 0.4652246315192744 0.014899553571428572 0.021577380952380952
0 0.39140625 0.3053571428571429 0.22142857142857142 0.0681547619047619
1 0.2944842439573125 0.18095592403628116 0.027483258928571428 0.021577380952380952
0 0.39140625 0.4015625 0.22142857142857142 0.07485119047619047
1 0.2953840765465982 0.3230902777777778 0.029282924107142855 0.021577380952380952
0 0.39140625 0.5760416666666667 0.22142857142857142 0.06130952380952381
1 0.2946028265465982 0.4652246315192744 0.027720424107142858 0.021577380952380952
0 0.6130580357142857 0.3117559523809524 0.22142857142857142 0.09285714285714286
1 0.5126745211297744 0.18095592403628116 0.020521763392857145 0.021577380952380952
0 0.6130580357142857 0.5026041666666666 0.22142857142857142 0.3456845238095238
1 0.5126745211297744 0.3230902777777778 0.020521763392857145 0.021577380952380952
0 0.6130580357142857 0.5610119047619048 0.22142857142857142 0.16398809523809524
1 0.5126884720226316 0.4652246315192744 0.02054966517857143 0.021577380952380952
0 0.8347098214285714 0.25625 0.22142857142857142 0.17261904761904762
1 0.7343525215165222 0.18095592403628116 0.020535714285714286 0.021577380952380952
0 0.8347098214285714 0.3556547619047619 0.22142857142857142 0.32708333333333334
1 0.7343455460700936 0.3230902777777778 0.020521763392857145 0.021577380952380952
0 0.8347098214285714 0.5397321428571429 0.22142857142857142 0.1732142857142857
1 0.7343455460700936 0.4652246315192744 0.020521763392857145 0.021577380952380952
0 0.49832589285714285 0.6988095238095238 0.8785714285714286 0.07291666666666667
1 0.0645961431241362 0.6073589852607709 0.011049107142857144 0.021577380952380952
