0 0.2806919642857143 0.19389880952380953 0.44285714285714284 0.07738095238095238
1 0.06297304751642037 0.1388420414462081 0.007198660714285714 0.021577380952380952
0 0.2806919642857143 0.3000744047619048 0.44285714285714284 0.10074404761904762
1 0.06489827073070609 0.24939098324514994 0.011049107142857144 0.021577380952380952
0 0.2806919642857143 0.4375744047619048 0.44285714285714284 0.04241071428571429
1 0.0668234939449918 0.35993992504409167 0.014899553571428572 0.021577380952380952
0 0.2806919642857143 0.5829613095238095 0.44285714285714284 0.08705357142857142
1 0.07311534662356323 0.47048886684303354 0.027483258928571428 0.021577380952380952
0 0.2806919642857143 0.6530505952380953 0.44285714285714284 0.03764880952380952
1 0.07401517921284895 0.5810378086419753 0.029282924107142855 0.021577380952380952
0 0.2806919642857143 0.7566220238095238 0.44285714285714284 0.06949404761904762
1 0.07323392921284894 0.6915867504409172 0.027720424107142858 0.021577380952380987
0 0.7237723214285714 0.26316964285714284 0.44285714285714284 0.11235119047619048
1 0.5126861414223348 0.1388420414462081 0.020521763392857145 0.021577380952380952
0 0.7237723214285714 0.3736607142857143 0.44285714285714284 0.13005952380952382
1 0.5126861414223348 0.24939098324514994 0.020521763392857145 0.021577380952380952
0 0.7237723214285714 0.5164434523809524 0.44285714285714284 0.2144345238095238
1 0.512700092315192 0.35993992504409167 0.02054966517857143 0.021577380952380952
0 0.7237723214285714 0.5436755952380953 0.44285714285714284 0.1418154761904762
1 0.5126931168687634 0.47048886684303354 0.020535714285714286 0.021577380952380952
0 0.7237723214285714 0.6131696428571428 0.44285714285714284 0.14419642857142856
1 0.5126861414223348 0.5810378086419753 0.020521763392857145 0.021577380952380952
0 0.7237723214285714 0.7384672619047619 0.44285714285714284 0.09479166666666666
1 0.5126861414223348 0.6915867504409172 0.020521763392857145 0.021577380952380987
