0 0.16975446428571428 0.3098958333333333 0.22142857142857142 0.08973214285714286
1 0.06267091990985048 0.18095592403628116 0.007198660714285714 0.021577380952380952
0 0.16975446428571428 0.43132440476190476 0.22142857142857142 0.1519345238095238
1 0.0645961431241362 0.3230902777777778 0.011049107142857144 0.021577380952380952
0 0.16975446428571428 0.5486607142857143 0.22142857142857142 0.20684523809523808
1 0.0665213663384219 0.4652246315192744 0.014899553571428572 0.021577380952380952
0 0.39140625 0.2735119047619048 0.22142857142857142 0.06547619047619048
1 0.2944842439573125 0.18095592403628116 0.027483258928571428 0.021577380952380952
0 0.39140625 0.4499255952380952 0.22142857142857142 0.1462797619047619
1 0.2953840765465982 0.3230902777777778 0.029282924107142855 0.021577380952380952
0 0.39140625 0.5635416666666667 0.22142857142857142 0.16845238095238096
1 0.2946028265465982 0.4652246315192744 0.027720424107142858 0.021577380952380952
0 0.6130580357142857 0.3109375 0.22142857142857142 0.25491071428571427
1 0.5126745211297744 0.18095592403628116 0.020521763392857145 0.021577380952380952
0 0.6130580357142857 0.48683035714285716 0.22142857142857142 0.32455357142857144
1 0.5126745211297744 0.3230902777777778 0.020521763392857145 0.021577380952380952
0 0.6130580357142857 0.6198660714285714 0.22142857142857142 0.33824404761904764
1 0.5126884720226316 0.4652246315192744 0.02054966517857143 0.021577380952380952
0 0.8347098214285714 0.32857142857142857 0.22142857142857142 0.30357142857142855
1 0.7343525215165222 0.18095592403628116 0.020535714285714286 0.021577380952380952
0 0.8347098214285714 0.39747023809523807 0.22142857142857142 0.1568452380952381
1 0.7343455460700936 0.3230902777777778 0.020521763392857145 0.021577380952380952
0 0.8347098214285714 0.5381696428571429 0.22142857142857142 0.13616071428571427
1 0.7343455460700936 0.4652246315192744 0.020521763392857145 0.021577380952380952
0 0.49832589285714285 0.7079613095238095 0.8785714285714286 0.16711309523809523
1 0.0645961431241362 0.6073589852607709 0.011049107142857144 0.021577380952380952
