0 0.2806919642857143 0.18526785714285715 0.44285714285714284 0.0931547619047619
1 0.06297304751642037 0.1388420414462081 0.007198660714285714 0.021577380952380952
0 0.2806919642857143 0.3228422619047619 0.44285714285714284 0.04300595238095238
1 0.06489827073070609 0.24939098324514994 0.011049107142857144 0.021577380952380952
0 0.2806919642857143 0.46629464285714284 0.44285714285714284 0.07842261904761905
1 0.0668234939449918 0.35993992504409167 0.014899553571428572 0.021577380952380952
0 0.2806919642857143 0.5742559523809524 0.44285714285714284 0.06488095238095239
1 0.07311534662356323 0.47048886684303354 0.027483258928571428 0.021577380952380952
0 0.2806919642857143 0.6309523809523809 0.44285714285714284 0.0800595238095238
1 0.07401517921284895 0.5810378086419753 0.029282924107142855 0.021577380952380952
0 0.2806919642857143 0.7769345238095238 0.44285714285714284 0.04136904761904762
1 0.07323392921284894 0.6915867504409172 0.027720424107142858 0.021577380952380987
0 0.7237723214285714 0.2525297619047619 0.44285714285714284 0.08244047619047619
1 0.5126861414223348 0.1388420414462081 0.020521763392857145 0.021577380952380952
0 0.7237723214285714 0.3572916666666667 0.44285714285714284 0.10833333333333334
1 0.5126861414223348 0.24939098324514994 0.020521763392857145 0.021577380952380952
0 0.7237723214285714 0.3738095238095238 0.44285714285714284 0.33154761904761904
1 0.512700092315192 0.35993992504409167 0.02054966517857143 0.021577380952380952
0 0.7237723214285714 0.49888392857142855 0.44285714285714284 0.18735119047619048
1 0.5126931168687634 0.47048886684303354 0.020535714285714286 0.021577380952380952
0 0.7237723214285714 0.6257440476190477 0.44285714285714284 0.1074404761904762
1 0.5126861414223348 0.5810378086419753 0.020521763392857145 0.021577380952380952
0 0.7237723214285714 0.7463541666666667 0.44285714285714284 0.07485119047619047
1 0.5126861414223348 0.6915867504409172 0.020521763392857145 0.021577380952380987
