0 0.5022879464285714 0.10424107142857143 0.8856026785714286 0.1099702380952381
1 0.0631253166160081 0.07988260582010584 0.007198660714285714 0.021577380952380952
0 0.5022879464285714 0.1784970238095238 0.8856026785714286 0.09866071428571428
1 0.06505053983029382 0.1462119708994709 0.011049107142857144 0.021577380952380952
0 0.5022879464285714 0.2754464285714286 0.8856026785714286 0.06220238095238095
1 0.06697576304457953 0.21254133597883595 0.014899553571428572 0.021577380952380952
0 0.5022879464285714 0.35595238095238096 0.8856026785714286 0.10089285714285715
1 0.07326761572315096 0.27887070105820105 0.027483258928571428 0.021577380952380952
0 0.5022879464285714 0.37686011904761907 0.8856026785714286 0.08258928571428571
1 0.07416744831243667 0.3452000661375661 0.029282924107142855 0.021577380952380952
0 0.5022879464285714 0.4550595238095238 0.8856026785714286 0.06190476190476191
1 0.07338619831243667 0.41152943121693125 0.027720424107142858 0.021577380952380952
0 0.5022879464285714 0.557217261904762 0.8856026785714286 0.11473214285714285
1 0.06978686795529382 0.4778587962962963 0.020521763392857145 0.021577380952380952
0 0.5022879464285714 0.5617559523809523 0.8856026785714286 0.1744047619047619
1 0.06978686795529382 0.5441881613756614 0.020521763392857145 0.021577380952380952
0 0.5022879464285714 0.6177083333333333 0.8856026785714286 0.2244047619047619
1 0.06980081884815097 0.6105175264550264 0.02054966517857143 0.021577380952380952
0 0.5022879464285714 0.6881696428571429 0.8856026785714286 0.13258928571428572
1 0.06979384340172239 0.6768468915343916 0.020535714285714286 0.021577380952380952
0 0.5022879464285714 0.7595982142857143 0.8856026785714286 0.12008928571428572
1 0.06978686795529382 0.7431762566137565 0.020521763392857145 0.021577380952380952
0 0.5022879464285714 0.8380208333333333 0.8856026785714286 0.11383928571428571
1 0.06978686795529382 0.8095056216931217 0.020521763392857145 0.021577380952380952
