0 0.16975446428571428 0.2617559523809524 0.22142857142857142 0.08095238095238096
1 0.06267091990985048 0.18095592403628116 0.007198660714285714 0.021577380952380952
0 0.16975446428571428 0.43065476190476193 0.22142857142857142 0.05029761904761905
1 0.0645961431241362 0.3230902777777778 0.011049107142857144 0.021577380952380952
0 0.16975446428571428 0.5877232142857143 0.22142857142857142 0.09270833333333334
1 0.0665213663384219 0.4652246315192744 0.014899553571428572 0.021577380952380952
0 0.39140625 0.2910714285714286 0.22142857142857142 0.058333333333333334
1 0.2944842439573125 0.18095592403628116 0.027483258928571428 0.021577380952380952
0 0.39140625 0.40520833333333334 0.22142857142857142 0.08035714285714286
1 0.2953840765465982 0.3230902777777778 0.029282924107142855 0.021577380952380952
0 0.39140625 0.5760416666666667 0.22142857142857142 0.0630952380952381
1 0.2946028265465982 0.4652246315192744 0.027720424107142858 0.021577380952380952
0 0.6130580357142857 0.24285714285714285 0.22142857142857142 0.2619047619047619
1 0.5126745211297744 0.18095592403628116 0.020521763392857145 0.021577380952380952
0 0.6130580357142857 0.42217261904761905 0.22142857142857142 0.11101190476190476
1 0.5126745211297744 0.3230902777777778 0.020521763392857145 0.021577380952380952
0 0.6130580357142857 0.5441220238095238 0.22142857142857142 0.1757440476190476
1 0.5126884720226316 0.4652246315192744 0.02054966517857143 0.021577380952380952
0 0.8347098214285714 0.2502232142857143 0.22142857142857142 0.16889880952380953
1 0.7343525215165222 0.18095592403628116 0.020535714285714286 0.021577380952380952
0 0.8347098214285714 0.3860863095238095 0.22142857142857142 0.13616071428571427
1 0.7343455460700936 0.3230902777777778 0.020521763392857145 0.021577380952380952
0 0.8347098214285714 0.5341517857142857 0.22142857142857142 0.0900297619047619
1 0.7343455460700936 0.4652246315192744 0.020521763392857145 0.021577380952380952
0 0.49832589285714285 0.7152529761904762 0.8785714285714286 0.051041666666666666
1 0.0645961431241362 0.6073589852607709 0.011049107142857144 0.021577380952380952
