0 0.2806919642857143 0.1985863095238095 0.44285714285714284 0.07038690476190476
1 0.06297304751642037 0.1388420414462081 0.007198660714285714 0.021577380952380952
0 0.2806919642857143 0.32760416666666664 0.44285714285714284 0.03675595238095238
1 0.06489827073070609 0.24939098324514994 0.011049107142857144 0.021577380952380952
0 0.2806919642857143 0.4577380952380952 0.44285714285714284 0.059226190476190474
1 0.0668234939449918 0.35993992504409167 0.014899553571428572 0.021577380952380952
0 0.2806919642857143 0.5671875 0.44285714285714284 0.04895833333333333
1 0.07311534662356323 0.47048886684303354 0.027483258928571428 0.021577380952380952
0 0.2806919642857143 0.6447172619047619 0.44285714285714284 0.0599702380952381
1 0.07401517921284895 0.5810378086419753 0.029282924107142855 0.021577380952380952
0 0.2806919642857143 0.7794642857142857 0.44285714285714284 0.03720238095238095
1 0.07323392921284894 0.6915867504409172 0.027720424107142858 0.021577380952380987
0 0.7237723214285714 0.2337797619047619 0.44285714285714284 0.09136904761904761
1 0.5126861414223348 0.1388420414462081 0.020521763392857145 0.021577380952380952
0 0.7237723214285714 0.33058035714285716 0.44285714285714284 0.0956845238095238
1 0.5126861414223348 0.24939098324514994 0.020521763392857145 0.021577380952380952
0 0.7237723214285714 0.4343005952380952 0.44285714285714284 0.11979166666666667
1 0.512700092315192 0.35993992504409167 0.02054966517857143 0.021577380952380952
0 0.7237723214285714 0.5256696428571429 0.44285714285714284 0.12574404761904762
1 0.5126931168687634 0.47048886684303354 0.020535714285714286 0.021577380952380952
0 0.7237723214285714 0.6496279761904762 0.44285714285714284 0.10639880952380952
1 0.5126861414223348 0.5810378086419753 0.020521763392857145 0.021577380952380952
0 0.7237723214285714 0.7695684523809524 0.44285714285714284 0.10401785714285715
1 0.5126861414223348 0.6915867504409172 0.020521763392857145 0.021577380952380987
