0 0.5022879464285714 0.12261904761904761 0.8856026785714286 0.03720238095238095
1 0.0631253166160081 0.07988260582010584 0.007198660714285714 0.021577380952380952
0 0.5022879464285714 0.17901785714285715 0.8856026785714286 0.05863095238095238
1 0.06505053983029382 0.1462119708994709 0.011049107142857144 0.021577380952380952
0 0.5022879464285714 0.25186011904761907 0.8856026785714286 0.040625
1 0.06697576304457953 0.21254133597883595 0.014899553571428572 0.021577380952380952
0 0.5022879464285714 0.34680059523809526 0.8856026785714286 0.04717261904761905
1 0.07326761572315096 0.27887070105820105 0.027483258928571428 0.021577380952380952
0 0.5022879464285714 0.3966517857142857 0.8856026785714286 0.022767857142857142
1 0.07416744831243667 0.3452000661375661 0.029282924107142855 0.021577380952380952
0 0.5022879464285714 0.4474702380952381 0.8856026785714286 0.0494047619047619
1 0.07338619831243667 0.41152943121693125 0.027720424107142858 0.021577380952380952
0 0.5022879464285714 0.5391369047619048 0.8856026785714286 0.03869047619047619
1 0.06978686795529382 0.4778587962962963 0.020521763392857145 0.021577380952380952
0 0.5022879464285714 0.608110119047619 0.8856026785714286 0.07395833333333333
1 0.06978686795529382 0.5441881613756614 0.020521763392857145 0.021577380952380952
0 0.5022879464285714 0.6604166666666667 0.8856026785714286 0.07083333333333333
1 0.06980081884815097 0.6105175264550264 0.02054966517857143 0.021577380952380952
0 0.5022879464285714 0.7132440476190476 0.8856026785714286 0.07767857142857143
1 0.06979384340172239 0.6768468915343916 0.020535714285714286 0.021577380952380952
0 0.5022879464285714 0.7757440476190476 0.8856026785714286 0.06398809523809523
1 0.06978686795529382 0.7431762566137565 0.020521763392857145 0.021577380952380952
0 0.5022879464285714 0.8454613095238095 0.8856026785714286 0.04776785714285714
1 0.06978686795529382 0.8095056216931217 0.020521763392857145 0.021577380952380952
