0 0.5022879464285714 0.11555059523809524 0.8856026785714286 0.057886904761904764
1 0.0631253166160081 0.07988260582010584 0.007198660714285714 0.021577380952380952
0 0.5022879464285714 0.21160714285714285 0.8856026785714286 0.05357142857142857
1 0.06505053983029382 0.1462119708994709 0.011049107142857144 0.021577380952380952
0 0.5022879464285714 0.2917410714285714 0.8856026785714286 0.07633928571428572
1 0.06697576304457953 0.21254133597883595 0.014899553571428572 0.021577380952380952
0 0.5022879464285714 0.3391369047619048 0.8856026785714286 0.039285714285714285
1 0.07326761572315096 0.27887070105820105 0.027483258928571428 0.021577380952380952
0 0.5022879464285714 0.37924107142857144 0.8856026785714286 0.057886904761904764
1 0.07416744831243667 0.3452000661375661 0.029282924107142855 0.021577380952380952
0 0.5022879464285714 0.48392857142857143 0.8856026785714286 0.06339285714285714
1 0.07338619831243667 0.41152943121693125 0.027720424107142858 0.021577380952380952
0 0.5022879464285714 0.5667410714285714 0.8856026785714286 0.12782738095238094
1 0.06978686795529382 0.4778587962962963 0.020521763392857145 0.021577380952380952
0 0.5022879464285714 0.6399553571428571 0.8856026785714286 0.14717261904761905
1 0.06978686795529382 0.5441881613756614 0.020521763392857145 0.021577380952380952
0 0.5022879464285714 0.7083333333333334 0.8856026785714286 0.14583333333333334
1 0.06980081884815097 0.6105175264550264 0.02054966517857143 0.021577380952380952
0 0.5022879464285714 0.7484375 0.8856026785714286 0.16592261904761904
1 0.06979384340172239 0.6768468915343916 0.020535714285714286 0.021577380952380952
0 0.5022879464285714 0.7872023809523809 0.8856026785714286 0.09196428571428572
1 0.06978686795529382 0.7431762566137565 0.020521763392857145 0.021577380952380952
0 0.5022879464285714 0.8545386904761905 0.8856026785714286 0.04895833333333333
1 0.06978686795529382 0.8095056216931217 0.020521763392857145 0.021577380952380952
