0 0.16975446428571428 0.2409970238095238 0.22142857142857142 0.10461309523809524
1 0.06267091990985048 0.18095592403628116 0.007198660714285714 0.021577380952380952
0 0.16975446428571428 0.44568452380952384 0.22142857142857142 0.09017857142857143
1 0.0645961431241362 0.3230902777777778 0.011049107142857144 0.021577380952380952
0 0.16975446428571428 0.6209821428571428 0.22142857142857142 0.13541666666666666
1 0.0665213663384219 0.4652246315192744 0.014899553571428572 0.021577380952380952
0 0.39140625 0.30811011904761904 0.22142857142857142 0.06651785714285714
1 0.2944842439573125 0.18095592403628116 0.027483258928571428 0.021577380952380952
0 0.39140625 0.38683035714285713 0.22142857142857142 0.10163690476190476
1 0.2953840765465982 0.3230902777777778 0.029282924107142855 0.021577380952380952
0 0.39140625 0.6054315476190476 0.22142857142857142 0.10967261904761905
1 0.2946028265465982 0.4652246315192744 0.027720424107142858 0.021577380952380952
0 0.6130580357142857 0.3633184523809524 0.22142857142857142 0.25818452380952384
1 0.5126745211297744 0.18095592403628116 0.020521763392857145 0.021577380952380952
0 0.6130580357142857 0.5124255952380953 0.22142857142857142 0.2837797619047619
1 0.5126745211297744 0.3230902777777778 0.020521763392857145 0.021577380952380952
0 0.6130580357142857 0.628125 0.22142857142857142 0.2988095238095238
1 0.5126884720226316 0.4652246315192744 0.02054966517857143 0.021577380952380952
0 0.8347098214285714 0.31495535714285716 0.22142857142857142 0.2989583333333333
1 0.7343525215165222 0.18095592403628116 0.020535714285714286 0.021577380952380952
0 0.8347098214285714 0.42016369047619045 0.22142857142857142 0.146875
1 0.7343455460700936 0.3230902777777778 0.020521763392857145 0.021577380952380952
0 0.8347098214285714 0.5566964285714285 0.22142857142857142 0.08928571428571429
1 0.7343455460700936 0.4652246315192744 0.020521763392857145 0.021577380952380952
0 0.49832589285714285 0.7316220238095238 0.8785714285714286 0.09360119047619048
1 0.0645961431241362 0.6073589852607709 0.011049107142857144 0.021577380952380952
