0 0.2806919642857143 0.17455357142857142 0.44285714285714284 0.13482142857142856
1 0.06297304751642037 0.1388420414462081 0.007198660714285714 0.021577380952380952
0 0.2806919642857143 0.30424107142857143 0.44285714285714284 0.09806547619047619
1 0.06489827073070609 0.24939098324514994 0.011049107142857144 0.021577380952380952
0 0.2806919642857143 0.46004464285714286 0.44285714285714284 0.05669642857142857
1 0.0668234939449918 0.35993992504409167 0.014899553571428572 0.021577380952380952
0 0.2806919642857143 0.5886904761904762 0.44285714285714284 0.11488095238095238
1 0.07311534662356323 0.47048886684303354 0.027483258928571428 0.021577380952380952
0 0.2806919642857143 0.6294642857142857 0.44285714285714284 0.09255952380952381
1 0.07401517921284895 0.5810378086419753 0.029282924107142855 0.021577380952380952
0 0.2806919642857143 0.7683035714285714 0.44285714285714284 0.03869047619047619
1 0.07323392921284894 0.6915867504409172 0.027720424107142858 0.021577380952380987
0 0.7237723214285714 0.24977678571428572 0.44285714285714284 0.10163690476190476
1 0.5126861414223348 0.1388420414462081 0.020521763392857145 0.021577380952380952
0 0.7237723214285714 0.3165922619047619 0.44285714285714284 0.13883928571428572
1 0.5126861414223348 0.24939098324514994 0.020521763392857145 0.021577380952380952
0 0.7237723214285714 0.3826636904761905 0.44285714285714284 0.1644345238095238
1 0.512700092315192 0.35993992504409167 0.02054966517857143 0.021577380952380952
0 0.7237723214285714 0.5046875 0.44285714285714284 0.14300595238095237
1 0.5126931168687634 0.47048886684303354 0.020535714285714286 0.021577380952380952
0 0.7237723214285714 0.610639880952381 0.44285714285714284 0.13764880952380953
1 0.5126861414223348 0.5810378086419753 0.020521763392857145 0.021577380952380952
0 0.7237723214285714 0.74375 0.44285714285714284 0.09791666666666667
1 0.5126861414223348 0.6915867504409172 0.020521763392857145 0.021577380952380987
