0 0.5022879464285714 0.12916666666666668 0.8856026785714286 0.05863095238095238
1 0.0631253166160081 0.07988260582010584 0.007198660714285714 0.021577380952380952
0 0.5022879464285714 0.19791666666666666 0.8856026785714286 0.04285714285714286
1 0.06505053983029382 0.1462119708994709 0.011049107142857144 0.021577380952380952
0 0.5022879464285714 0.25892857142857145 0.8856026785714286 0.044642857142857144
1 0.06697576304457953 0.21254133597883595 0.014899553571428572 0.021577380952380952
0 0.5022879464285714 0.3359375 0.8856026785714286 0.04598214285714286
1 0.07326761572315096 0.27887070105820105 0.027483258928571428 0.021577380952380952
0 0.5022879464285714 0.3990327380952381 0.8856026785714286 0.051041666666666666
1 0.07416744831243667 0.3452000661375661 0.029282924107142855 0.021577380952380952
0 0.5022879464285714 0.4627232142857143 0.8856026785714286 0.033482142857142856
1 0.07338619831243667 0.41152943121693125 0.027720424107142858 0.021577380952380952
0 0.5022879464285714 0.5242559523809524 0.8856026785714286 0.06636904761904762
1 0.06978686795529382 0.4778587962962963 0.020521763392857145 0.021577380952380952
0 0.5022879464285714 0.6227678571428571 0.8856026785714286 0.12410714285714286
1 0.06978686795529382 0.5441881613756614 0.020521763392857145 0.021577380952380952
0 0.5022879464285714 0.7043154761904762 0.8856026785714286 0.16160714285714287
1 0.06980081884815097 0.6105175264550264 0.02054966517857143 0.021577380952380952
0 0.5022879464285714 0.7766369047619047 0.8856026785714286 0.2056547619047619
1 0.06979384340172239 0.6768468915343916 0.020535714285714286 0.021577380952380952
0 0.5022879464285714 0.8066220238095239 0.8856026785714286 0.21294642857142856
1 0.06978686795529382 0.7431762566137565 0.020521763392857145 0.021577380952380952
0 0.5022879464285714 0.8453869047619048 0.8856026785714286 0.10327380952380952
1 0.06978686795529382 0.8095056216931217 0.020521763392857145 0.021577380952380952
