0 0.16975446428571428 0.24620535714285716 0.22142857142857142 0.16294642857142858
1 0.06267091990985048 0.18095592403628116 0.007198660714285714 0.021577380952380952
0 0.16975446428571428 0.4101190476190476 0.22142857142857142 0.11726190476190476
1 0.0645961431241362 0.3230902777777778 0.011049107142857144 0.021577380952380952
0 0.16975446428571428 0.5694196428571429 0.22142857142857142 0.19717261904761904
1 0.0665213663384219 0.4652246315192744 0.014899553571428572 0.021577380952380952
0 0.39140625 0.30714285714285716 0.22142857142857142 0.11220238095238096
1 0.2944842439573125 0.18095592403628116 0.027483258928571428 0.021577380952380952
0 0.39140625 0.4090029761904762 0.22142857142857142 0.1757440476190476
1 0.2953840765465982 0.3230902777777778 0.029282924107142855 0.021577380952380952
0 0.39140625 0.5602678571428571 0.22142857142857142 0.1375
1 0.2946028265465982 0.4652246315192744 0.027720424107142858 0.021577380952380952
0 0.6130580357142857 0.3125 0.22142857142857142 0.10684523809523809
1 0.5126745211297744 0.18095592403628116 0.020521763392857145 0.021577380952380952
0 0.6130580357142857 0.4711309523809524 0.22142857142857142 0.17232142857142857
1 0.5126745211297744 0.3230902777777778 0.020521763392857145 0.021577380952380952
0 0.6130580357142857 0.5972470238095238 0.22142857142857142 0.12276785714285714
1 0.5126884720226316 0.4652246315192744 0.02054966517857143 0.021577380952380952
0 0.8347098214285714 0.2780505952380952 0.22142857142857142 0.11979166666666667
1 0.7343525215165222 0.18095592403628116 0.020535714285714286 0.021577380952380952
0 0.8347098214285714 0.4276785714285714 0.22142857142857142 0.14285714285714285
1 0.7343455460700936 0.3230902777777778 0.020521763392857145 0.021577380952380952
0 0.8347098214285714 0.5647321428571429 0.22142857142857142 0.12142857142857143
1 0.7343455460700936 0.4652246315192744 0.020521763392857145 0.021577380952380952
0 0.49832589285714285 0.7142113095238095 0.8785714285714286 0.17008928571428572
1 0.0645961431241362 0.6073589852607709 0.011049107142857144 0.021577380952380952
