0 0.16975446428571428 0.21793154761904762 0.22142857142857142 0.17455357142857142
1 0.06267091990985048 0.18095592403628116 0.007198660714285714 0.021577380952380952
0 0.16975446428571428 0.42723214285714284 0.22142857142857142 0.05327380952380952
1 0.0645961431241362 0.3230902777777778 0.011049107142857144 0.021577380952380952
0 0.16975446428571428 0.6296875 0.22142857142857142 0.17693452380952382
1 0.0665213663384219 0.4652246315192744 0.014899553571428572 0.021577380952380952
0 0.39140625 0.31614583333333335 0.22142857142857142 0.10163690476190476
1 0.2944842439573125 0.18095592403628116 0.027483258928571428 0.021577380952380952
0 0.39140625 0.36220238095238094 0.22142857142857142 0.175
1 0.2953840765465982 0.3230902777777778 0.029282924107142855 0.021577380952380952
0 0.39140625 0.5996279761904761 0.22142857142857142 0.10133928571428572
1 0.2946028265465982 0.4652246315192744 0.027720424107142858 0.021577380952380952
0 0.6130580357142857 0.31666666666666665 0.22142857142857142 0.15863095238095237
1 0.5126745211297744 0.18095592403628116 0.020521763392857145 0.021577380952380952
0 0.6130580357142857 0.4640625 0.22142857142857142 0.16741071428571427
1 0.5126745211297744 0.3230902777777778 0.020521763392857145 0.021577380952380952
0 0.6130580357142857 0.5970982142857143 0.22142857142857142 0.14985119047619047
1 0.5126884720226316 0.4652246315192744 0.02054966517857143 0.021577380952380952
0 0.8347098214285714 0.31339285714285714 0.22142857142857142 0.10535714285714286
1 0.7343525215165222 0.18095592403628116 0.020535714285714286 0.021577380952380952
0 0.8347098214285714 0.3986607142857143 0.22142857142857142 0.1282738095238095
1 0.7343455460700936 0.3230902777777778 0.020521763392857145 0.021577380952380952
0 0.8347098214285714 0.554985119047619 0.22142857142857142 0.08348214285714285
1 0.7343455460700936 0.4652246315192744 0.020521763392857145 0.021577380952380952
0 0.49832589285714285 0.7114583333333333 0.8785714285714286 0.05327380952380952
1 0.0645961431241362 0.6073589852607709 0.011049107142857144 0.021577380952380952
