0 0.16975446428571428 0.2382440476190476 0.22142857142857142 0.1375
1 0.06267091990985048 0.18095592403628116 0.007198660714285714 0.021577380952380952
0 0.16975446428571428 0.4107142857142857 0.22142857142857142 0.09255952380952381
1 0.0645961431241362 0.3230902777777778 0.011049107142857144 0.021577380952380952
0 0.16975446428571428 0.6118303571428572 0.22142857142857142 0.11532738095238096
1 0.0665213663384219 0.4652246315192744 0.014899553571428572 0.021577380952380952
0 0.39140625 0.31748511904761906 0.22142857142857142 0.10788690476190477
1 0.2944842439573125 0.18095592403628116 0.027483258928571428 0.021577380952380952
0 0.39140625 0.3869047619047619 0.22142857142857142 0.11369047619047619
1 0.2953840765465982 0.3230902777777778 0.029282924107142855 0.021577380952380952
0 0.39140625 0.5828869047619047 0.22142857142857142 0.08363095238095238
1 0.2946028265465982 0.4652246315192744 0.027720424107142858 0.021577380952380952
0 0.6130580357142857 0.36666666666666664 0.22142857142857142 0.20833333333333334
1 0.5126745211297744 0.18095592403628116 0.020521763392857145 0.021577380952380952
0 0.6130580357142857 0.5366071428571428 0.22142857142857142 0.3238095238095238
1 0.5126745211297744 0.3230902777777778 0.020521763392857145 0.021577380952380952
0 0.6130580357142857 0.670610119047619 0.22142857142857142 0.2980654761904762
1 0.5126884720226316 0.4652246315192744 0.02054966517857143 0.021577380952380952
0 0.8347098214285714 0.36436011904761906 0.22142857142857142 0.22901785714285713
1 0.7343525215165222 0.18095592403628116 0.020535714285714286 0.021577380952380952
0 0.8347098214285714 0.41302083333333334 0.22142857142857142 0.13199404761904762
1 0.7343455460700936 0.3230902777777778 0.020521763392857145 0.021577380952380952
0 0.8347098214285714 0.5385416666666667 0.22142857142857142 0.12351190476190477
1 0.7343455460700936 0.4652246315192744 0.020521763392857145 0.021577380952380952
0 0.49832589285714285 0.6883184523809524 0.8785714285714286 0.10610119047619047
1 0.0645961431241362 0.6073589852607709 0.011049107142857144 0.021577380952380952
