0 0.16975446428571428 0.2551339285714286 0.22142857142857142 0.08199404761904762
1 0.06267091990985048 0.18095592403628116 0.007198660714285714 0.021577380952380952
0 0.16975446428571428 0.3879464285714286 0.22142857142857142 0.1375
1 0.0645961431241362 0.3230902777777778 0.011049107142857144 0.021577380952380952
0 0.16975446428571428 0.5697172619047619 0.22142857142857142 0.09330357142857143
1 0.0665213663384219 0.4652246315192744 0.014899553571428572 0.021577380952380952
0 0.39140625 0.3209821428571429 0.22142857142857142 0.10357142857142858
1 0.2944842439573125 0.18095592403628116 0.027483258928571428 0.021577380952380952
0 0.39140625 0.41495535714285714 0.22142857142857142 0.06383928571428571
1 0.2953840765465982 0.3230902777777778 0.029282924107142855 0.021577380952380952
0 0.39140625 0.5514136904761905 0.22142857142857142 0.11235119047619048
1 0.2946028265465982 0.4652246315192744 0.027720424107142858 0.021577380952380952
0 0.6130580357142857 0.34486607142857145 0.22142857142857142 0.16383928571428572
1 0.5126745211297744 0.18095592403628116 0.020521763392857145 0.021577380952380952
0 0.6130580357142857 0.47953869047619047 0.22142857142857142 0.1992559523809524
1 0.5126745211297744 0.3230902777777778 0.020521763392857145 0.021577380952380952
0 0.6130580357142857 0.6190476190476191 0.22142857142857142 0.1949404761904762
1 0.5126884720226316 0.4652246315192744 0.02054966517857143 0.021577380952380952
0 0.8347098214285714 0.25029761904761905 0.22142857142857142 0.1988095238095238
1 0.7343525215165222 0.18095592403628116 0.020535714285714286 0.021577380952380952
0 0.8347098214285714 0.3601934523809524 0.22142857142857142 0.16919642857142858
1 0.7343455460700936 0.3230902777777778 0.020521763392857145 0.021577380952380952
0 0.8347098214285714 0.5072916666666667 0.22142857142857142 0.16101190476190477
1 0.7343455460700936 0.4652246315192744 0.020521763392857145 0.021577380952380952
0 0.49832589285714285 0.679985119047619 0.8785714285714286 0.153125
1 0.0645961431241362 0.6073589852607709 0.011049107142857144 0.021577380952380952
