0 0.2806919642857143 0.1900297619047619 0.44285714285714284 0.09136904761904761
1 0.06297304751642037 0.1388420414462081 0.007198660714285714 0.021577380952380952
0 0.2806919642857143 0.2912202380952381 0.44285714285714284 0.11577380952380953
1 0.06489827073070609 0.24939098324514994 0.011049107142857144 0.021577380952380952
0 0.2806919642857143 0.4277529761904762 0.44285714285714284 0.04747023809523809
1 0.0668234939449918 0.35993992504409167 0.014899553571428572 0.021577380952380952
0 0.2806919642857143 0.5867559523809524 0.44285714285714284 0.0994047619047619
1 0.07311534662356323 0.47048886684303354 0.027483258928571428 0.021577380952380952
0 0.2806919642857143 0.653422619047619 0.44285714285714284 0.04494047619047619
1 0.07401517921284895 0.5810378086419753 0.029282924107142855 0.021577380952380952
0 0.2806919642857143 0.7470238095238095 0.44285714285714284 0.07708333333333334
1 0.07323392921284894 0.6915867504409172 0.027720424107142858 0.021577380952380987
0 0.7237723214285714 0.25877976190476193 0.44285714285714284 0.11607142857142858
1 0.5126861414223348 0.1388420414462081 0.020521763392857145 0.021577380952380952
0 0.7237723214285714 0.36688988095238095 0.44285714285714284 0.15282738095238096
1 0.5126861414223348 0.24939098324514994 0.020521763392857145 0.021577380952380952
0 0.7237723214285714 0.44568452380952384 0.44285714285714284 0.09970238095238096
1 0.512700092315192 0.35993992504409167 0.02054966517857143 0.021577380952380952
0 0.7237723214285714 0.5276785714285714 0.44285714285714284 0.1
1 0.5126931168687634 0.47048886684303354 0.020535714285714286 0.021577380952380952
0 0.7237723214285714 0.6257440476190477 0.44285714285714284 0.10625
1 0.5126861414223348 0.5810378086419753 0.020521763392857145 0.021577380952380952
0 0.7237723214285714 0.7380952380952381 0.44285714285714284 0.10892857142857143
1 0.5126861414223348 0.6915867504409172 0.020521763392857145 0.021577380952380987
