0 0.2806919642857143 0.20751488095238096 0.44285714285714284 0.04538690476190476
1 0.06297304751642037 0.1388420414462081 0.007198660714285714 0.021577380952380952
0 0.2806919642857143 0.30959821428571427 0.44285714285714284 0.0787202380952381
1 0.06489827073070609 0.24939098324514994 0.011049107142857144 0.021577380952380952
0 0.2806919642857143 0.4351190476190476 0.44285714285714284 0.05029761904761905
1 0.0668234939449918 0.35993992504409167 0.014899553571428572 0.021577380952380952
0 0.2806919642857143 0.5722470238095239 0.44285714285714284 0.05848214285714286
1 0.07311534662356323 0.47048886684303354 0.027483258928571428 0.021577380952380952
0 0.2806919642857143 0.6619791666666667 0.44285714285714284 0.020982142857142855
1 0.07401517921284895 0.5810378086419753 0.029282924107142855 0.021577380952380952
0 0.2806919642857143 0.7604166666666666 0.44285714285714284 0.06220238095238095
1 0.07323392921284894 0.6915867504409172 0.027720424107142858 0.021577380952380987
0 0.7237723214285714 0.2465029761904762 0.44285714285714284 0.10758928571428572
1 0.5126861414223348 0.1388420414462081 0.020521763392857145 0.021577380952380952
0 0.7237723214285714 0.3639136904761905 0.44285714285714284 0.1418154761904762
1 0.5126861414223348 0.24939098324514994 0.020521763392857145 0.021577380952380952
0 0.7237723214285714 0.45930059523809524 0.44285714285714284 0.1331845238095238
1 0.512700092315192 0.35993992504409167 0.02054966517857143 0.021577380952380952
0 0.7237723214285714 0.5327380952380952 0.44285714285714284 0.14672619047619048
1 0.5126931168687634 0.47048886684303354 0.020535714285714286 0.021577380952380952
0 0.7237723214285714 0.6336309523809524 0.44285714285714284 0.12083333333333333
1 0.5126861414223348 0.5810378086419753 0.020521763392857145 0.021577380952380952
0 0.7237723214285714 0.7433779761904762 0.44285714285714284 0.10104166666666667
1 0.5126861414223348 0.6915867504409172 0.020521763392857145 0.021577380952380987
