0 0.16975446428571428 0.27098214285714284 0.22142857142857142 0.06130952380952381
1 0.06267091990985048 0.18095592403628116 0.007198660714285714 0.021577380952380952
0 0.16975446428571428 0.3829613095238095 0.22142857142857142 0.10639880952380952
1 0.0645961431241362 0.3230902777777778 0.011049107142857144 0.021577380952380952
0 0.16975446428571428 0.53125 0.22142857142857142 0.10178571428571428
1 0.0665213663384219 0.4652246315192744 0.014899553571428572 0.021577380952380952
0 0.39140625 0.31220238095238095 0.22142857142857142 0.07053571428571428
1 0.2944842439573125 0.18095592403628116 0.027483258928571428 0.021577380952380952
0 0.39140625 0.43839285714285714 0.22142857142857142 0.06547619047619048
1 0.2953840765465982 0.3230902777777778 0.029282924107142855 0.021577380952380952
0 0.39140625 0.5286458333333334 0.22142857142857142 0.09866071428571428
1 0.2946028265465982 0.4652246315192744 0.027720424107142858 0.021577380952380952
0 0.6130580357142857 0.3326636904761905 0.22142857142857142 0.1212797619047619
1 0.5126745211297744 0.18095592403628116 0.020521763392857145 0.021577380952380952
0 0.6130580357142857 0.5082589285714286 0.22142857142857142 0.21651785714285715
1 0.5126745211297744 0.3230902777777778 0.020521763392857145 0.021577380952380952
0 0.6130580357142857 0.6523809523809524 0.22142857142857142 0.23392857142857143
1 0.5126884720226316 0.4652246315192744 0.02054966517857143 0.021577380952380952
0 0.8347098214285714 0.3415922619047619 0.22142857142857142 0.171875
1 0.7343525215165222 0.18095592403628116 0.020535714285714286 0.021577380952380952
0 0.8347098214285714 0.40074404761904764 0.22142857142857142 0.15208333333333332
1 0.7343455460700936 0.3230902777777778 0.020521763392857145 0.021577380952380952
0 0.8347098214285714 0.5292410714285715 0.22142857142857142 0.165625
1 0.7343455460700936 0.4652246315192744 0.020521763392857145 0.021577380952380952
0 0.49832589285714285 0.6729910714285714 0.8785714285714286 0.1212797619047619
1 0.0645961431241362 0.6073589852607709 0.011049107142857144 0.021577380952380952
