0 0.2806919642857143 0.21242559523809523 0.44285714285714284 0.06324404761904762
1 0.06297304751642037 0.1388420414462081 0.007198660714285714 0.021577380952380952
0 0.2806919642857143 0.31748511904761906 0.44285714285714284 0.04985119047619048
1 0.06489827073070609 0.24939098324514994 0.011049107142857144 0.021577380952380952
0 0.2806919642857143 0.4377232142857143 0.44285714285714284 0.06235119047619048
1 0.0668234939449918 0.35993992504409167 0.014899553571428572 0.021577380952380952
0 0.2806919642857143 0.5644345238095239 0.44285714285714284 0.0494047619047619
1 0.07311534662356323 0.47048886684303354 0.027483258928571428 0.021577380952380952
0 0.2806919642857143 0.6613095238095238 0.44285714285714284 0.058333333333333334
1 0.07401517921284895 0.5810378086419753 0.029282924107142855 0.021577380952380952
0 0.2806919642857143 0.7654017857142857 0.44285714285714284 0.04895833333333333
1 0.07323392921284894 0.6915867504409172 0.027720424107142858 0.021577380952380987
0 0.7237723214285714 0.23563988095238095 0.44285714285714284 0.06949404761904762
1 0.5126861414223348 0.1388420414462081 0.020521763392857145 0.021577380952380952
0 0.7237723214285714 0.35766369047619045 0.44285714285714284 0.14568452380952382
1 0.5126861414223348 0.24939098324514994 0.020521763392857145 0.021577380952380952
0 0.7237723214285714 0.4550595238095238 0.44285714285714284 0.14434523809523808
1 0.512700092315192 0.35993992504409167 0.02054966517857143 0.021577380952380952
0 0.7237723214285714 0.5485863095238095 0.44285714285714284 0.153125
1 0.5126931168687634 0.47048886684303354 0.020535714285714286 0.021577380952380952
0 0.7237723214285714 0.6398065476190476 0.44285714285714284 0.13526785714285713
1 0.5126861414223348 0.5810378086419753 0.020521763392857145 0.021577380952380952
0 0.7237723214285714 0.7639880952380952 0.44285714285714284 0.12351190476190477
1 0.5126861414223348 0.6915867504409172 0.020521763392857145 0.021577380952380987
