0 0.5022879464285714 0.12217261904761904 0.8856026785714286 0.037797619047619045
1 0.0631253166160081 0.07988260582010584 0.007198660714285714 0.021577380952380952
0 0.5022879464285714 0.21011904761904762 0.8856026785714286 0.05803571428571429
1 0.06505053983029382 0.1462119708994709 0.011049107142857144 0.021577380952380952
0 0.5022879464285714 0.28616071428571427 0.8856026785714286 0.08511904761904762
1 0.06697576304457953 0.21254133597883595 0.014899553571428572 0.021577380952380952
0 0.5022879464285714 0.33043154761904764 0.8856026785714286 0.020982142857142855
1 0.07326761572315096 0.27887070105820105 0.027483258928571428 0.021577380952380952
0 0.5022879464285714 0.38191964285714286 0.8856026785714286 0.060267857142857144
1 0.07416744831243667 0.3452000661375661 0.029282924107142855 0.021577380952380952
0 0.5022879464285714 0.4802827380952381 0.8856026785714286 0.0712797619047619
1 0.07338619831243667 0.41152943121693125 0.027720424107142858 0.021577380952380952
0 0.5022879464285714 0.5254464285714285 0.8856026785714286 0.030952380952380953
1 0.06978686795529382 0.4778587962962963 0.020521763392857145 0.021577380952380952
0 0.5022879464285714 0.592485119047619 0.8856026785714286 0.03169642857142857
1 0.06978686795529382 0.5441881613756614 0.020521763392857145 0.021577380952380952
0 0.5022879464285714 0.65625 0.8856026785714286 0.045535714285714284
1 0.06980081884815097 0.6105175264550264 0.02054966517857143 0.021577380952380952
0 0.5022879464285714 0.7233630952380953 0.8856026785714286 0.06220238095238095
1 0.06979384340172239 0.6768468915343916 0.020535714285714286 0.021577380952380952
0 0.5022879464285714 0.7892113095238096 0.8856026785714286 0.05044642857142857
1 0.06978686795529382 0.7431762566137565 0.020521763392857145 0.021577380952380952
0 0.5022879464285714 0.8640625 0.8856026785714286 0.023065476190476192
1 0.06978686795529382 0.8095056216931217 0.020521763392857145 0.021577380952380952
