0 0.2806919642857143 0.21026785714285715 0.44285714285714284 0.04583333333333333
1 0.06297304751642037 0.1388420414462081 0.007198660714285714 0.021577380952380952
0 0.2806919642857143 0.3337797619047619 0.44285714285714284 0.06607142857142857
1 0.06489827073070609 0.24939098324514994 0.011049107142857144 0.021577380952380952
0 0.2806919642857143 0.4517113095238095 0.44285714285714284 0.059375
1 0.0668234939449918 0.35993992504409167 0.014899553571428572 0.021577380952380952
0 0.2806919642857143 0.5591517857142857 0.44285714285714284 0.051041666666666666
1 0.07311534662356323 0.47048886684303354 0.027483258928571428 0.021577380952380952
0 0.2806919642857143 0.6580357142857143 0.44285714285714284 0.0380952380952381
1 0.07401517921284895 0.5810378086419753 0.029282924107142855 0.021577380952380952
0 0.2806919642857143 0.7813244047619048 0.44285714285714284 0.05907738095238095
1 0.07323392921284894 0.6915867504409172 0.027720424107142858 0.021577380952380987
0 0.7237723214285714 0.24575892857142856 0.44285714285714284 0.10788690476190477
1 0.5126861414223348 0.1388420414462081 0.020521763392857145 0.021577380952380952
0 0.7237723214285714 0.3698660714285714 0.44285714285714284 0.20163690476190477
1 0.5126861414223348 0.24939098324514994 0.020521763392857145 0.021577380952380952
0 0.7237723214285714 0.4745535714285714 0.44285714285714284 0.20148809523809524
1 0.512700092315192 0.35993992504409167 0.02054966517857143 0.021577380952380952
0 0.7237723214285714 0.5673363095238095 0.44285714285714284 0.1962797619047619
1 0.5126931168687634 0.47048886684303354 0.020535714285714286 0.021577380952380952
0 0.7237723214285714 0.6447916666666667 0.44285714285714284 0.11339285714285714
1 0.5126861414223348 0.5810378086419753 0.020521763392857145 0.021577380952380952
0 0.7237723214285714 0.7679315476190476 0.44285714285714284 0.09657738095238096
1 0.5126861414223348 0.6915867504409172 0.020521763392857145 0.021577380952380987
