0 0.16975446428571428 0.23117559523809525 0.22142857142857142 0.21145833333333333
1 0.06267091990985048 0.18095592403628116 0.007198660714285714 0.021577380952380952
0 0.16975446428571428 0.37008928571428573 0.22142857142857142 0.15535714285714286
1 0.0645961431241362 0.3230902777777778 0.011049107142857144 0.021577380952380952
0 0.16975446428571428 0.5717261904761904 0.22142857142857142 0.12708333333333333
1 0.0665213663384219 0.4652246315192744 0.014899553571428572 0.021577380952380952
0 0.39140625 0.34010416666666665 0.22142857142857142 0.18080357142857142
1 0.2944842439573125 0.18095592403628116 0.027483258928571428 0.021577380952380952
0 0.39140625 0.39955357142857145 0.22142857142857142 0.1449404761904762
1 0.2953840765465982 0.3230902777777778 0.029282924107142855 0.021577380952380952
0 0.39140625 0.5485863095238095 0.22142857142857142 0.09538690476190476
1 0.2946028265465982 0.4652246315192744 0.027720424107142858 0.021577380952380952
0 0.6130580357142857 0.3657738095238095 0.22142857142857142 0.29732142857142857
1 0.5126745211297744 0.18095592403628116 0.020521763392857145 0.021577380952380952
0 0.6130580357142857 0.4998511904761905 0.22142857142857142 0.31726190476190474
1 0.5126745211297744 0.3230902777777778 0.020521763392857145 0.021577380952380952
0 0.6130580357142857 0.5822916666666667 0.22142857142857142 0.3386904761904762
1 0.5126884720226316 0.4652246315192744 0.02054966517857143 0.021577380952380952
0 0.8347098214285714 0.21941964285714285 0.22142857142857142 0.3450892857142857
1 0.7343525215165222 0.18095592403628116 0.020535714285714286 0.021577380952380952
0 0.8347098214285714 0.3384672619047619 0.22142857142857142 0.27157738095238093
1 0.7343455460700936 0.3230902777777778 0.020521763392857145 0.021577380952380952
0 0.8347098214285714 0.4942708333333333 0.22142857142857142 0.21800595238095238
1 0.7343455460700936 0.4652246315192744 0.020521763392857145 0.021577380952380952
0 0.49832589285714285 0.6491071428571429 0.8785714285714286 0.17202380952380952
1 0.0645961431241362 0.6073589852607709 0.011049107142857144 0.021577380952380952
