0 0.2806919642857143 0.20595238095238094 0.44285714285714284 0.050595238095238096
1 0.06297304751642037 0.1388420414462081 0.007198660714285714 0.021577380952380952
0 0.2806919642857143 0.3260416666666667 0.44285714285714284 0.05089285714285714
1 0.06489827073070609 0.24939098324514994 0.011049107142857144 0.021577380952380952
0 0.2806919642857143 0.43913690476190476 0.44285714285714284 0.05714285714285714
1 0.0668234939449918 0.35993992504409167 0.014899553571428572 0.021577380952380952
0 0.2806919642857143 0.5632440476190477 0.44285714285714284 0.04523809523809524
1 0.07311534662356323 0.47048886684303354 0.027483258928571428 0.021577380952380952
0 0.2806919642857143 0.6585565476190476 0.44285714285714284 0.050148809523809526
1 0.07401517921284895 0.5810378086419753 0.029282924107142855 0.021577380952380952
0 0.2806919642857143 0.7703125 0.44285714285714284 0.05044642857142857
1 0.07323392921284894 0.6915867504409172 0.027720424107142858 0.021577380952380987
0 0.7237723214285714 0.24665178571428573 0.44285714285714284 0.07663690476190477
1 0.5126861414223348 0.1388420414462081 0.020521763392857145 0.021577380952380952
0 0.7237723214285714 0.3513392857142857 0.44285714285714284 0.08482142857142858
1 0.5126861414223348 0.24939098324514994 0.020521763392857145 0.021577380952380952
0 0.7237723214285714 0.45461309523809523 0.44285714285714284 0.07738095238095238
1 0.512700092315192 0.35993992504409167 0.02054966517857143 0.021577380952380952
0 0.7237723214285714 0.5667410714285714 0.44285714285714284 0.06681547619047619
1 0.5126931168687634 0.47048886684303354 0.020535714285714286 0.021577380952380952
0 0.7237723214285714 0.6456845238095238 0.44285714285714284 0.06190476190476191
1 0.5126861414223348 0.5810378086419753 0.020521763392857145 0.021577380952380952
0 0.7237723214285714 0.7639136904761905 0.44285714285714284 0.0662202380952381
1 0.5126861414223348 0.6915867504409172 0.020521763392857145 0.021577380952380987
