0 0.16975446428571428 0.2484375 0.22142857142857142 0.12157738095238095
1 0.06267091990985048 0.18095592403628116 0.007198660714285714 0.021577380952380952
0 0.16975446428571428 0.3775297619047619 0.22142857142857142 0.12797619047619047
1 0.0645961431241362 0.3230902777777778 0.011049107142857144 0.021577380952380952
0 0.16975446428571428 0.5513392857142857 0.22142857142857142 0.06220238095238095
1 0.0665213663384219 0.4652246315192744 0.014899553571428572 0.021577380952380952
0 0.39140625 0.32663690476190477 0.22142857142857142 0.12321428571428572
1 0.2944842439573125 0.18095592403628116 0.027483258928571428 0.021577380952380952
0 0.39140625 0.42016369047619045 0.22142857142857142 0.0712797619047619
1 0.2953840765465982 0.3230902777777778 0.029282924107142855 0.021577380952380952
0 0.39140625 0.5366815476190476 0.22142857142857142 0.08794642857142858
1 0.2946028265465982 0.4652246315192744 0.027720424107142858 0.021577380952380952
0 0.6130580357142857 0.3097470238095238 0.22142857142857142 0.1617559523809524
1 0.5126745211297744 0.18095592403628116 0.020521763392857145 0.021577380952380952
0 0.6130580357142857 0.428125 0.22142857142857142 0.30357142857142855
1 0.5126745211297744 0.3230902777777778 0.020521763392857145 0.021577380952380952
0 0.6130580357142857 0.5240327380952381 0.22142857142857142 0.3177083333333333
1 0.5126884720226316 0.4652246315192744 0.02054966517857143 0.021577380952380952
0 0.8347098214285714 0.2154761904761905 0.22142857142857142 0.28541666666666665
1 0.7343525215165222 0.18095592403628116 0.020535714285714286 0.021577380952380952
0 0.8347098214285714 0.35714285714285715 0.22142857142857142 0.1982142857142857
1 0.7343455460700936 0.3230902777777778 0.020521763392857145 0.021577380952380952
0 0.8347098214285714 0.515327380952381 0.22142857142857142 0.14583333333333334
1 0.7343455460700936 0.4652246315192744 0.020521763392857145 0.021577380952380952
0 0.49832589285714285 0.6642857142857143 0.8785714285714286 0.14672619047619048
1 0.0645961431241362 0.6073589852607709 0.011049107142857144 0.021577380952380952
