0 0.16975446428571428 0.2571428571428571 0.22142857142857142 0.07648809523809524
1 0.06267091990985048 0.18095592403628116 0.007198660714285714 0.021577380952380952
0 0.16975446428571428 0.38563988095238094 0.22142857142857142 0.12514880952380952
1 0.0645961431241362 0.3230902777777778 0.011049107142857144 0.021577380952380952
0 0.16975446428571428 0.5543154761904762 0.22142857142857142 0.0681547619047619
1 0.0665213663384219 0.4652246315192744 0.014899553571428572 0.021577380952380952
0 0.39140625 0.31785714285714284 0.22142857142857142 0.09970238095238096
1 0.2944842439573125 0.18095592403628116 0.027483258928571428 0.021577380952380952
0 0.39140625 0.4212797619047619 0.22142857142857142 0.04404761904761905
1 0.2953840765465982 0.3230902777777778 0.029282924107142855 0.021577380952380952
0 0.39140625 0.5406994047619048 0.22142857142857142 0.09598214285714286
1 0.2946028265465982 0.4652246315192744 0.027720424107142858 0.021577380952380952
0 0.6130580357142857 0.3574404761904762 0.22142857142857142 0.21696428571428572
1 0.5126745211297744 0.18095592403628116 0.020521763392857145 0.021577380952380952
0 0.6130580357142857 0.4558035714285714 0.22142857142857142 0.3327380952380952
1 0.5126745211297744 0.3230902777777778 0.020521763392857145 0.021577380952380952
0 0.6130580357142857 0.5561011904761904 0.22142857142857142 0.25535714285714284
1 0.5126884720226316 0.4652246315192744 0.02054966517857143 0.021577380952380952
0 0.8347098214285714 0.26450892857142855 0.22142857142857142 0.24092261904761905
1 0.7343525215165222 0.18095592403628116 0.020535714285714286 0.021577380952380952
0 0.8347098214285714 0.34427083333333336 0.22142857142857142 0.2138392857142857
1 0.7343455460700936 0.3230902777777778 0.020521763392857145 0.021577380952380952
0 0.8347098214285714 0.493452380952381 0.22142857142857142 0.2154761904761905
1 0.7343455460700936 0.4652246315192744 0.020521763392857145 0.021577380952380952
0 0.49832589285714285 0.6676339285714286 0.8785714285714286 0.12961309523809525
1 0.0645961431241362 0.6073589852607709 0.011049107142857144 0.021577380952380952
