0 0.5022879464285714 0.11190476190476191 0.8856026785714286 0.07232142857142858
1 0.0631253166160081 0.07988260582010584 0.007198660714285714 0.021577380952380952
0 0.5022879464285714 0.19464285714285715 0.8856026785714286 0.05089285714285714
1 0.06505053983029382 0.1462119708994709 0.011049107142857144 0.021577380952380952
0 0.5022879464285714 0.27760416666666665 0.8856026785714286 0.08080357142857143
1 0.06697576304457953 0.21254133597883595 0.014899553571428572 0.021577380952380952
0 0.5022879464285714 0.34419642857142857 0.8856026785714286 0.05
1 0.07326761572315096 0.27887070105820105 0.027483258928571428 0.021577380952380952
0 0.5022879464285714 0.38169642857142855 0.8856026785714286 0.07529761904761904
1 0.07416744831243667 0.3452000661375661 0.029282924107142855 0.021577380952380952
0 0.5022879464285714 0.4668154761904762 0.8856026785714286 0.04880952380952381
1 0.07338619831243667 0.41152943121693125 0.027720424107142858 0.021577380952380952
0 0.5022879464285714 0.5489583333333333 0.8856026785714286 0.16220238095238096
1 0.06978686795529382 0.4778587962962963 0.020521763392857145 0.021577380952380952
0 0.5022879464285714 0.6468005952380952 0.8856026785714286 0.1998511904761905
1 0.06978686795529382 0.5441881613756614 0.020521763392857145 0.021577380952380952
0 0.5022879464285714 0.7287946428571429 0.8856026785714286 0.2775297619047619
1 0.06980081884815097 0.6105175264550264 0.02054966517857143 0.021577380952380952
0 0.5022879464285714 0.7956845238095238 0.8856026785714286 0.2904761904761905
1 0.06979384340172239 0.6768468915343916 0.020535714285714286 0.021577380952380952
0 0.5022879464285714 0.7357886904761904 0.8856026785714286 0.2635416666666667
1 0.06978686795529382 0.7431762566137565 0.020521763392857145 0.021577380952380952
0 0.5022879464285714 0.8048363095238096 0.8856026785714286 0.2105654761904762
1 0.06978686795529382 0.8095056216931217 0.020521763392857145 0.021577380952380952
