0 0.16975446428571428 0.2617559523809524 0.22142857142857142 0.09196428571428572
1 0.06267091990985048 0.18095592403628116 0.007198660714285714 0.021577380952380952
0 0.16975446428571428 0.4322916666666667 0.22142857142857142 0.05089285714285714
1 0.0645961431241362 0.3230902777777778 0.011049107142857144 0.021577380952380952
0 0.16975446428571428 0.5850446428571429 0.22142857142857142 0.07693452380952381
1 0.0665213663384219 0.4652246315192744 0.014899553571428572 0.021577380952380952
0 0.39140625 0.29285714285714287 0.22142857142857142 0.06636904761904762
1 0.2944842439573125 0.18095592403628116 0.027483258928571428 0.021577380952380952
0 0.39140625 0.40513392857142855 0.22142857142857142 0.08110119047619048
1 0.2953840765465982 0.3230902777777778 0.029282924107142855 0.021577380952380952
0 0.39140625 0.570014880952381 0.22142857142857142 0.04449404761904762
1 0.2946028265465982 0.4652246315192744 0.027720424107142858 0.021577380952380952
0 0.6130580357142857 0.3020833333333333 0.22142857142857142 0.10505952380952381
1 0.5126745211297744 0.18095592403628116 0.020521763392857145 0.021577380952380952
0 0.6130580357142857 0.4746279761904762 0.22142857142857142 0.23883928571428573
1 0.5126745211297744 0.3230902777777778 0.020521763392857145 0.021577380952380952
0 0.6130580357142857 0.6052827380952381 0.22142857142857142 0.22455357142857144
1 0.5126884720226316 0.4652246315192744 0.02054966517857143 0.021577380952380952
0 0.8347098214285714 0.30952380952380953 0.22142857142857142 0.21517857142857144
1 0.7343525215165222 0.18095592403628116 0.020535714285714286 0.021577380952380952
0 0.8347098214285714 0.40580357142857143 0.22142857142857142 0.14375
1 0.7343455460700936 0.3230902777777778 0.020521763392857145 0.021577380952380952
0 0.8347098214285714 0.559375 0.22142857142857142 0.09017857142857143
1 0.7343455460700936 0.4652246315192744 0.020521763392857145 0.021577380952380952
0 0.49832589285714285 0.7164434523809524 0.8785714285714286 0.05967261904761905
1 0.0645961431241362 0.6073589852607709 0.011049107142857144 0.021577380952380952
