0 0.2806919642857143 0.21986607142857142 0.44285714285714284 0.09151785714285714
1 0.06297304751642037 0.1388420414462081 0.007198660714285714 0.021577380952380952
0 0.2806919642857143 0.34717261904761904 0.44285714285714284 0.07916666666666666
1 0.06489827073070609 0.24939098324514994 0.011049107142857144 0.021577380952380952
0 0.2806919642857143 0.4700892857142857 0.44285714285714284 0.12202380952380952
1 0.0668234939449918 0.35993992504409167 0.014899553571428572 0.021577380952380952
0 0.2806919642857143 0.5486607142857143 0.44285714285714284 0.059821428571428574
1 0.07311534662356323 0.47048886684303354 0.027483258928571428 0.021577380952380952
0 0.2806919642857143 0.6502976190476191 0.44285714285714284 0.10029761904761905
1 0.07401517921284895 0.5810378086419753 0.029282924107142855 0.021577380952380952
0 0.2806919642857143 0.8001488095238095 0.44285714285714284 0.09107142857142857
1 0.07323392921284894 0.6915867504409172 0.027720424107142858 0.021577380952380987
0 0.7237723214285714 0.21101190476190476 0.44285714285714284 0.17916666666666667
1 0.5126861414223348 0.1388420414462081 0.020521763392857145 0.021577380952380952
0 0.7237723214285714 0.3724702380952381 0.44285714285714284 0.2732142857142857
1 0.5126861414223348 0.24939098324514994 0.020521763392857145 0.021577380952380952
0 0.7237723214285714 0.4935267857142857 0.44285714285714284 0.26651785714285714
1 0.512700092315192 0.35993992504409167 0.02054966517857143 0.021577380952380952
0 0.7237723214285714 0.5970982142857143 0.44285714285714284 0.19806547619047618
1 0.5126931168687634 0.47048886684303354 0.020535714285714286 0.021577380952380952
0 0.7237723214285714 0.680952380952381 0.44285714285714284 0.08839285714285715
1 0.5126861414223348 0.5810378086419753 0.020521763392857145 0.021577380952380952
0 0.7237723214285714 0.7805059523809523 0.44285714285714284 0.07470238095238095
1 0.5126861414223348 0.6915867504409172 0.020521763392857145 0.021577380952380987
