0 0.2806919642857143 0.18950892857142856 0.44285714285714284 0.12157738095238095
1 0.06297304751642037 0.1388420414462081 0.007198660714285714 0.021577380952380952
0 0.2806919642857143 0.3400297619047619 0.44285714285714284 0.10208333333333333
1 0.06489827073070609 0.24939098324514994 0.011049107142857144 0.021577380952380952
0 0.2806919642857143 0.4956845238095238 0.44285714285714284 0.16517857142857142
1 0.0668234939449918 0.35993992504409167 0.014899553571428572 0.021577380952380952
0 0.2806919642857143 0.5696428571428571 0.44285714285714284 0.0693452380952381
1 0.07311534662356323 0.47048886684303354 0.027483258928571428 0.021577380952380952
0 0.2806919642857143 0.6208333333333333 0.44285714285714284 0.14107142857142857
1 0.07401517921284895 0.5810378086419753 0.029282924107142855 0.021577380952380952
0 0.2806919642857143 0.8066964285714285 0.44285714285714284 0.1255952380952381
1 0.07323392921284894 0.6915867504409172 0.027720424107142858 0.021577380952380987
0 0.7237723214285714 0.2814732142857143 0.44285714285714284 0.24389880952380952
1 0.5126861414223348 0.1388420414462081 0.020521763392857145 0.021577380952380952
0 0.7237723214285714 0.3900297619047619 0.44285714285714284 0.24910714285714286
1 0.5126861414223348 0.24939098324514994 0.020521763392857145 0.021577380952380952
0 0.7237723214285714 0.46711309523809524 0.44285714285714284 0.22113095238095237
1 0.512700092315192 0.35993992504409167 0.02054966517857143 0.021577380952380952
0 0.7237723214285714 0.5726934523809524 0.44285714285714284 0.10193452380952381
1 0.5126931168687634 0.47048886684303354 0.020535714285714286 0.021577380952380952
0 0.7237723214285714 0.6279017857142857 0.44285714285714284 0.15997023809523808
1 0.5126861414223348 0.5810378086419753 0.020521763392857145 0.021577380952380952
0 0.7237723214285714 0.7441220238095239 0.44285714285714284 0.1462797619047619
1 0.5126861414223348 0.6915867504409172 0.020521763392857145 0.021577380952380987
