0 0.16975446428571428 0.23958333333333334 0.22142857142857142 0.12261904761904761
1 0.06267091990985048 0.18095592403628116 0.007198660714285714 0.021577380952380952
0 0.16975446428571428 0.39895833333333336 0.22142857142857142 0.10029761904761905
1 0.0645961431241362 0.3230902777777778 0.011049107142857144 0.021577380952380952
0 0.16975446428571428 0.5792410714285714 0.22142857142857142 0.052529761904761905
1 0.0665213663384219 0.4652246315192744 0.014899553571428572 0.021577380952380952
0 0.39140625 0.32180059523809523 0.22142857142857142 0.10610119047619047
1 0.2944842439573125 0.18095592403628116 0.027483258928571428 0.021577380952380952
0 0.39140625 0.39754464285714286 0.22142857142857142 0.08258928571428571
1 0.2953840765465982 0.3230902777777778 0.029282924107142855 0.021577380952380952
0 0.39140625 0.5679315476190476 0.22142857142857142 0.057886904761904764
1 0.2946028265465982 0.4652246315192744 0.027720424107142858 0.021577380952380952
0 0.6130580357142857 0.3226934523809524 0.22142857142857142 0.15014880952380952
1 0.5126745211297744 0.18095592403628116 0.020521763392857145 0.021577380952380952
0 0.6130580357142857 0.4497767857142857 0.22142857142857142 0.14836309523809524
1 0.5126745211297744 0.3230902777777778 0.020521763392857145 0.021577380952380952
0 0.6130580357142857 0.5542410714285714 0.22142857142857142 0.1331845238095238
1 0.5126884720226316 0.4652246315192744 0.02054966517857143 0.021577380952380952
0 0.8347098214285714 0.24873511904761905 0.22142857142857142 0.14479166666666668
1 0.7343525215165222 0.18095592403628116 0.020535714285714286 0.021577380952380952
0 0.8347098214285714 0.38876488095238093 0.22142857142857142 0.134375
1 0.7343455460700936 0.3230902777777778 0.020521763392857145 0.021577380952380952
0 0.8347098214285714 0.525 0.22142857142857142 0.11636904761904762
1 0.7343455460700936 0.4652246315192744 0.020521763392857145 0.021577380952380952
0 0.49832589285714285 0.6816964285714285 0.8785714285714286 0.10357142857142858
1 0.0645961431241362 0.6073589852607709 0.011049107142857144 0.021577380952380952
