0 0.2806919642857143 0.20788690476190477 0.44285714285714284 0.07380952380952381
1 0.06297304751642037 0.1388420414462081 0.007198660714285714 0.021577380952380952
0 0.2806919642857143 0.32388392857142856 0.44285714285714284 0.06264880952380952
1 0.06489827073070609 0.24939098324514994 0.011049107142857144 0.021577380952380952
0 0.2806919642857143 0.4499255952380952 0.44285714285714284 0.03229166666666667
1 0.0668234939449918 0.35993992504409167 0.014899553571428572 0.021577380952380952
0 0.2806919642857143 0.5631696428571429 0.44285714285714284 0.06651785714285714
1 0.07311534662356323 0.47048886684303354 0.027483258928571428 0.021577380952380952
0 0.2806919642857143 0.6516369047619047 0.44285714285714284 0.05089285714285714
1 0.07401517921284895 0.5810378086419753 0.029282924107142855 0.021577380952380952
0 0.2806919642857143 0.7726190476190476 0.44285714285714284 0.03244047619047619
1 0.07323392921284894 0.6915867504409172 0.027720424107142858 0.021577380952380987
0 0.7237723214285714 0.23273809523809524 0.44285714285714284 0.05773809523809524
1 0.5126861414223348 0.1388420414462081 0.020521763392857145 0.021577380952380952
0 0.7237723214285714 0.34791666666666665 0.44285714285714284 0.2050595238095238
1 0.5126861414223348 0.24939098324514994 0.020521763392857145 0.021577380952380952
0 0.7237723214285714 0.45014880952380953 0.44285714285714284 0.2830357142857143
1 0.512700092315192 0.35993992504409167 0.02054966517857143 0.021577380952380952
0 0.7237723214285714 0.5604910714285715 0.44285714285714284 0.28794642857142855
1 0.5126931168687634 0.47048886684303354 0.020535714285714286 0.021577380952380952
0 0.7237723214285714 0.6412202380952381 0.44285714285714284 0.2761904761904762
1 0.5126861414223348 0.5810378086419753 0.020521763392857145 0.021577380952380952
0 0.7237723214285714 0.7532738095238095 0.44285714285714284 0.16339285714285715
1 0.5126861414223348 0.6915867504409172 0.020521763392857145 0.021577380952380987
