0 0.16975446428571428 0.2636160714285714 0.22142857142857142 0.0787202380952381
1 0.06267091990985048 0.18095592403628116 0.007198660714285714 0.021577380952380952
0 0.16975446428571428 0.4002232142857143 0.22142857142857142 0.09122023809523809
1 0.0645961431241362 0.3230902777777778 0.011049107142857144 0.021577380952380952
0 0.16975446428571428 0.5567708333333333 0.22142857142857142 0.05580357142857143
1 0.0665213663384219 0.4652246315192744 0.014899553571428572 0.021577380952380952
0 0.39140625 0.3070684523809524 0.22142857142857142 0.07901785714285714
1 0.2944842439573125 0.18095592403628116 0.027483258928571428 0.021577380952380952
0 0.39140625 0.42299107142857145 0.22142857142857142 0.05610119047619048
1 0.2953840765465982 0.3230902777777778 0.029282924107142855 0.021577380952380952
0 0.39140625 0.5525297619047619 0.22142857142857142 0.06101190476190476
1 0.2946028265465982 0.4652246315192744 0.027720424107142858 0.021577380952380952
0 0.6130580357142857 0.29851190476190476 0.22142857142857142 0.09285714285714286
1 0.5126745211297744 0.18095592403628116 0.020521763392857145 0.021577380952380952
0 0.6130580357142857 0.44486607142857143 0.22142857142857142 0.16741071428571427
1 0.5126745211297744 0.3230902777777778 0.020521763392857145 0.021577380952380952
0 0.6130580357142857 0.5867559523809524 0.22142857142857142 0.16845238095238096
1 0.5126884720226316 0.4652246315192744 0.02054966517857143 0.021577380952380952
0 0.8347098214285714 0.2968005952380952 0.22142857142857142 0.21264880952380952
1 0.7343525215165222 0.18095592403628116 0.020535714285714286 0.021577380952380952
0 0.8347098214285714 0.3537202380952381 0.22142857142857142 0.17529761904761904
1 0.7343455460700936 0.3230902777777778 0.020521763392857145 0.021577380952380952
0 0.8347098214285714 0.515625 0.22142857142857142 0.1375
1 0.7343455460700936 0.4652246315192744 0.020521763392857145 0.021577380952380952
0 0.49832589285714285 0.6822916666666666 0.8785714285714286 0.09523809523809523
1 0.0645961431241362 0.6073589852607709 0.011049107142857144 0.021577380952380952
