0 0.2806919642857143 0.22135416666666666 0.44285714285714284 0.034375
1 0.06297304751642037 0.1388420414462081 0.007198660714285714 0.021577380952380952
0 0.2806919642857143 0.315625 0.44285714285714284 0.06607142857142857
1 0.06489827073070609 0.24939098324514994 0.011049107142857144 0.021577380952380952
0 0.2806919642857143 0.43020833333333336 0.44285714285714284 0.05714285714285714
1 0.0668234939449918 0.35993992504409167 0.014899553571428572 0.021577380952380952
0 0.2806919642857143 0.5598214285714286 0.44285714285714284 0.04880952380952381
1 0.07311534662356323 0.47048886684303354 0.027483258928571428 0.021577380952380952
0 0.2806919642857143 0.6657738095238095 0.44285714285714284 0.03244047619047619
1 0.07401517921284895 0.5810378086419753 0.029282924107142855 0.021577380952380952
0 0.2806919642857143 0.7578125 0.44285714285714284 0.05758928571428571
1 0.07323392921284894 0.6915867504409172 0.027720424107142858 0.021577380952380987
0 0.7237723214285714 0.23444940476190476 0.44285714285714284 0.04151785714285714
1 0.5126861414223348 0.1388420414462081 0.020521763392857145 0.021577380952380952
0 0.7237723214285714 0.358110119047619 0.44285714285714284 0.10104166666666667
1 0.5126861414223348 0.24939098324514994 0.020521763392857145 0.021577380952380952
0 0.7237723214285714 0.44434523809523807 0.44285714285714284 0.08214285714285714
1 0.512700092315192 0.35993992504409167 0.02054966517857143 0.021577380952380952
0 0.7237723214285714 0.5360863095238095 0.44285714285714284 0.10104166666666667
1 0.5126931168687634 0.47048886684303354 0.020535714285714286 0.021577380952380952
0 0.7237723214285714 0.6436011904761905 0.44285714285714284 0.08125
1 0.5126861414223348 0.5810378086419753 0.020521763392857145 0.021577380952380952
0 0.7237723214285714 0.7547619047619047 0.44285714285714284 0.05714285714285714
1 0.5126861414223348 0.6915867504409172 0.020521763392857145 0.021577380952380987
