0 0.2806919642857143 0.20595238095238094 0.44285714285714284 0.06369047619047619
1 0.06297304751642037 0.1388420414462081 0.007198660714285714 0.021577380952380952
0 0.2806919642857143 0.33236607142857144 0.44285714285714284 0.03288690476190476
1 0.06489827073070609 0.24939098324514994 0.011049107142857144 0.021577380952380952
0 0.2806919642857143 0.46130952380952384 0.44285714285714284 0.07410714285714286
1 0.0668234939449918 0.35993992504409167 0.014899553571428572 0.021577380952380952
0 0.2806919642857143 0.559672619047619 0.44285714285714284 0.04017857142857143
1 0.07311534662356323 0.47048886684303354 0.027483258928571428 0.021577380952380952
0 0.2806919642857143 0.645610119047619 0.44285714285714284 0.0662202380952381
1 0.07401517921284895 0.5810378086419753 0.029282924107142855 0.021577380952380952
0 0.2806919642857143 0.7830357142857143 0.44285714285714284 0.05119047619047619
1 0.07323392921284894 0.6915867504409172 0.027720424107142858 0.021577380952380987
0 0.7237723214285714 0.2517857142857143 0.44285714285714284 0.1261904761904762
1 0.5126861414223348 0.1388420414462081 0.020521763392857145 0.021577380952380952
0 0.7237723214285714 0.35825892857142855 0.44285714285714284 0.10461309523809524
1 0.5126861414223348 0.24939098324514994 0.020521763392857145 0.021577380952380952
0 0.7237723214285714 0.4681547619047619 0.44285714285714284 0.08541666666666667
1 0.512700092315192 0.35993992504409167 0.02054966517857143 0.021577380952380952
0 0.7237723214285714 0.520610119047619 0.44285714285714284 0.28943452380952384
1 0.5126931168687634 0.47048886684303354 0.020535714285714286 0.021577380952380952
0 0.7237723214285714 0.6608630952380953 0.44285714285714284 0.06101190476190476
1 0.5126861414223348 0.5810378086419753 0.020521763392857145 0.021577380952380952
0 0.7237723214285714 0.7674107142857143 0.44285714285714284 0.046130952380952384
1 0.5126861414223348 0.6915867504409172 0.020521763392857145 0.021577380952380987
