0 0.16975446428571428 0.24583333333333332 0.22142857142857142 0.10863095238095238
1 0.06267091990985048 0.18095592403628116 0.007198660714285714 0.021577380952380952
0 0.16975446428571428 0.3836309523809524 0.22142857142857142 0.11339285714285714
1 0.0645961431241362 0.3230902777777778 0.011049107142857144 0.021577380952380952
0 0.16975446428571428 0.5537946428571429 0.22142857142857142 0.06086309523809524
1 0.0665213663384219 0.4652246315192744 0.014899553571428572 0.021577380952380952
0 0.39140625 0.3261904761904762 0.22142857142857142 0.10386904761904762
1 0.2944842439573125 0.18095592403628116 0.027483258928571428 0.021577380952380952
0 0.39140625 0.4152529761904762 0.22142857142857142 0.07395833333333333
1 0.2953840765465982 0.3230902777777778 0.029282924107142855 0.021577380952380952
0 0.39140625 0.5444940476190476 0.22142857142857142 0.07559523809523809
1 0.2946028265465982 0.4652246315192744 0.027720424107142858 0.021577380952380952
0 0.6130580357142857 0.3146577380952381 0.22142857142857142 0.08973214285714286
1 0.5126745211297744 0.18095592403628116 0.020521763392857145 0.021577380952380952
0 0.6130580357142857 0.47046130952380955 0.22142857142857142 0.1400297619047619
1 0.5126745211297744 0.3230902777777778 0.020521763392857145 0.021577380952380952
0 0.6130580357142857 0.5555059523809524 0.22142857142857142 0.13303571428571428
1 0.5126884720226316 0.4652246315192744 0.02054966517857143 0.021577380952380952
0 0.8347098214285714 0.24144345238095238 0.22142857142857142 0.15580357142857143
1 0.7343525215165222 0.18095592403628116 0.020535714285714286 0.021577380952380952
0 0.8347098214285714 0.3750744047619048 0.22142857142857142 0.1438988095238095
1 0.7343455460700936 0.3230902777777778 0.020521763392857145 0.021577380952380952
0 0.8347098214285714 0.5070684523809523 0.22142857142857142 0.128125
1 0.7343455460700936 0.4652246315192744 0.020521763392857145 0.021577380952380952
0 0.49832589285714285 0.6676339285714286 0.8785714285714286 0.11860119047619047
1 0.0645961431241362 0.6073589852607709 0.011049107142857144 0.021577380952380952
