0 0.2806919642857143 0.16949404761904763 0.44285714285714284 0.16577380952380952
1 0.06297304751642037 0.1388420414462081 0.007198660714285714 0.021577380952380952
0 0.2806919642857143 0.32075892857142857 0.44285714285714284 0.06979166666666667
1 0.06489827073070609 0.24939098324514994 0.011049107142857144 0.021577380952380952
0 0.2806919642857143 0.4836309523809524 0.44285714285714284 0.16815476190476192
1 0.0668234939449918 0.35993992504409167 0.014899553571428572 0.021577380952380952
0 0.2806919642857143 0.5825148809523809 0.44285714285714284 0.10758928571428572
1 0.07311534662356323 0.47048886684303354 0.027483258928571428 0.021577380952380952
0 0.2806919642857143 0.6190476190476191 0.44285714285714284 0.1601190476190476
1 0.07401517921284895 0.5810378086419753 0.029282924107142855 0.021577380952380952
0 0.2806919642857143 0.7951636904761905 0.44285714285714284 0.1025297619047619
1 0.07323392921284894 0.6915867504409172 0.027720424107142858 0.021577380952380987
0 0.7237723214285714 0.2515625 0.44285714285714284 0.11294642857142857
1 0.5126861414223348 0.1388420414462081 0.020521763392857145 0.021577380952380952
0 0.7237723214285714 0.3347470238095238 0.44285714285714284 0.12068452380952381
1 0.5126861414223348 0.24939098324514994 0.020521763392857145 0.021577380952380952
0 0.7237723214285714 0.4537946428571429 0.44285714285714284 0.09806547619047619
1 0.512700092315192 0.35993992504409167 0.02054966517857143 0.021577380952380952
0 0.7237723214285714 0.5542410714285714 0.44285714285714284 0.12098214285714286
1 0.5126931168687634 0.47048886684303354 0.020535714285714286 0.021577380952380952
0 0.7237723214285714 0.6639136904761904 0.44285714285714284 0.09895833333333333
1 0.5126861414223348 0.5810378086419753 0.020521763392857145 0.021577380952380952
0 0.7237723214285714 0.775 0.44285714285714284 0.07529761904761904
1 0.5126861414223348 0.6915867504409172 0.020521763392857145 0.021577380952380987
