0 0.2806919642857143 0.1927827380952381 0.44285714285714284 0.07901785714285714
1 0.06297304751642037 0.1388420414462081 0.007198660714285714 0.021577380952380952
0 0.2806919642857143 0.3058779761904762 0.44285714285714284 0.11264880952380953
1 0.06489827073070609 0.24939098324514994 0.011049107142857144 0.021577380952380952
0 0.2806919642857143 0.4488095238095238 0.44285714285714284 0.06904761904761905
1 0.0668234939449918 0.35993992504409167 0.014899553571428572 0.021577380952380952
0 0.2806919642857143 0.5819196428571428 0.44285714285714284 0.08645833333333333
1 0.07311534662356323 0.47048886684303354 0.027483258928571428 0.021577380952380952
0 0.2806919642857143 0.6489583333333333 0.44285714285714284 0.051488095238095236
1 0.07401517921284895 0.5810378086419753 0.029282924107142855 0.021577380952380952
0 0.2806919642857143 0.7657738095238096 0.44285714285714284 0.08720238095238095
1 0.07323392921284894 0.6915867504409172 0.027720424107142858 0.021577380952380987
0 0.7237723214285714 0.2444940476190476 0.44285714285714284 0.10357142857142858
1 0.5126861414223348 0.1388420414462081 0.020521763392857145 0.021577380952380952
0 0.7237723214285714 0.31495535714285716 0.44285714285714284 0.3331845238095238
1 0.5126861414223348 0.24939098324514994 0.020521763392857145 0.021577380952380952
0 0.7237723214285714 0.3874255952380952 0.44285714285714284 0.371875
1 0.512700092315192 0.35993992504409167 0.02054966517857143 0.021577380952380952
0 0.7237723214285714 0.5080357142857143 0.44285714285714284 0.26726190476190476
1 0.5126931168687634 0.47048886684303354 0.020535714285714286 0.021577380952380952
0 0.7237723214285714 0.6267857142857143 0.44285714285714284 0.24553571428571427
1 0.5126861414223348 0.5810378086419753 0.020521763392857145 0.021577380952380952
0 0.7237723214285714 0.7132440476190476 0.44285714285714284 0.22648809523809524
1 0.5126861414223348 0.6915867504409172 0.020521763392857145 0.021577380952380987
