0 0.16975446428571428 0.2197172619047619 0.22142857142857142 0.16949404761904763
1 0.06267091990985048 0.18095592403628116 0.007198660714285714 0.021577380952380952
0 0.16975446428571428 0.4054315476190476 0.22142857142857142 0.08407738095238096
1 0.0645961431241362 0.3230902777777778 0.011049107142857144 0.021577380952380952
0 0.16975446428571428 0.6067708333333334 0.22142857142857142 0.14241071428571428
1 0.0665213663384219 0.4652246315192744 0.014899553571428572 0.021577380952380952
0 0.39140625 0.3313244047619048 0.22142857142857142 0.11770833333333333
1 0.2944842439573125 0.18095592403628116 0.027483258928571428 0.021577380952380952
0 0.39140625 0.37901785714285713 0.22142857142857142 0.14761904761904762
1 0.2953840765465982 0.3230902777777778 0.029282924107142855 0.021577380952380952
0 0.39140625 0.5828125 0.22142857142857142 0.08288690476190476
1 0.2946028265465982 0.4652246315192744 0.027720424107142858 0.021577380952380952
0 0.6130580357142857 0.32901785714285714 0.22142857142857142 0.15386904761904763
1 0.5126745211297744 0.18095592403628116 0.020521763392857145 0.021577380952380952
0 0.6130580357142857 0.4753720238095238 0.22142857142857142 0.19270833333333334
1 0.5126745211297744 0.3230902777777778 0.020521763392857145 0.021577380952380952
0 0.6130580357142857 0.6031994047619048 0.22142857142857142 0.16532738095238095
1 0.5126884720226316 0.4652246315192744 0.02054966517857143 0.021577380952380952
0 0.8347098214285714 0.2831845238095238 0.22142857142857142 0.1556547619047619
1 0.7343525215165222 0.18095592403628116 0.020535714285714286 0.021577380952380952
0 0.8347098214285714 0.4016369047619048 0.22142857142857142 0.16130952380952382
1 0.7343455460700936 0.3230902777777778 0.020521763392857145 0.021577380952380952
0 0.8347098214285714 0.532514880952381 0.22142857142857142 0.13110119047619048
1 0.7343455460700936 0.4652246315192744 0.020521763392857145 0.021577380952380952
0 0.49832589285714285 0.6890625 0.8785714285714286 0.09360119047619048
1 0.0645961431241362 0.6073589852607709 0.011049107142857144 0.021577380952380952
