0 0.5022879464285714 0.12105654761904762 0.8856026785714286 0.04717261904761905
1 0.0631253166160081 0.07988260582010584 0.007198660714285714 0.021577380952380952
0 0.5022879464285714 0.17730654761904763 0.8856026785714286 0.06830357142857142
1 0.06505053983029382 0.1462119708994709 0.011049107142857144 0.021577380952380952
0 0.5022879464285714 0.2586309523809524 0.8856026785714286 0.03273809523809524
1 0.06697576304457953 0.21254133597883595 0.014899553571428572 0.021577380952380952
0 0.5022879464285714 0.3483630952380952 0.8856026785714286 0.056845238095238095
1 0.07326761572315096 0.27887070105820105 0.027483258928571428 0.021577380952380952
0 0.5022879464285714 0.3965029761904762 0.8856026785714286 0.028125
1 0.07416744831243667 0.3452000661375661 0.029282924107142855 0.021577380952380952
0 0.5022879464285714 0.44933035714285713 0.8856026785714286 0.04895833333333333
1 0.07338619831243667 0.41152943121693125 0.027720424107142858 0.021577380952380952
0 0.5022879464285714 0.549404761904762 0.8856026785714286 0.08035714285714286
1 0.06978686795529382 0.4778587962962963 0.020521763392857145 0.021577380952380952
0 0.5022879464285714 0.6148809523809524 0.8856026785714286 0.07857142857142857
1 0.06978686795529382 0.5441881613756614 0.020521763392857145 0.021577380952380952
0 0.5022879464285714 0.6691964285714286 0.8856026785714286 0.05744047619047619
1 0.06980081884815097 0.6105175264550264 0.02054966517857143 0.021577380952380952
0 0.5022879464285714 0.6912946428571428 0.8856026785714286 0.12336309523809524
1 0.06979384340172239 0.6768468915343916 0.020535714285714286 0.021577380952380952
0 0.5022879464285714 0.7722470238095238 0.8856026785714286 0.06860119047619048
1 0.06978686795529382 0.7431762566137565 0.020521763392857145 0.021577380952380952
0 0.5022879464285714 0.8472470238095238 0.8856026785714286 0.05282738095238095
1 0.06978686795529382 0.8095056216931217 0.020521763392857145 0.021577380952380952
