0 0.16975446428571428 0.28095238095238095 0.22142857142857142 0.06398809523809523
1 0.06267091990985048 0.18095592403628116 0.007198660714285714 0.021577380952380952
0 0.16975446428571428 0.3800595238095238 0.22142857142857142 0.18333333333333332
1 0.0645961431241362 0.3230902777777778 0.011049107142857144 0.021577380952380952
0 0.16975446428571428 0.5257440476190476 0.22142857142857142 0.15446428571428572
1 0.0665213663384219 0.4652246315192744 0.014899553571428572 0.021577380952380952
0 0.39140625 0.30714285714285716 0.22142857142857142 0.11220238095238096
1 0.2944842439573125 0.18095592403628116 0.027483258928571428 0.021577380952380952
0 0.39140625 0.4419642857142857 0.22142857142857142 0.08035714285714286
1 0.2953840765465982 0.3230902777777778 0.029282924107142855 0.021577380952380952
0 0.39140625 0.5220238095238096 0.22142857142857142 0.16488095238095238
1 0.2946028265465982 0.4652246315192744 0.027720424107142858 0.021577380952380952
0 0.6130580357142857 0.31026785714285715 0.22142857142857142 0.1005952380952381
1 0.5126745211297744 0.18095592403628116 0.020521763392857145 0.021577380952380952
0 0.6130580357142857 0.4503720238095238 0.22142857142857142 0.20788690476190477
1 0.5126745211297744 0.3230902777777778 0.020521763392857145 0.021577380952380952
0 0.6130580357142857 0.5810267857142857 0.22142857142857142 0.21651785714285715
1 0.5126884720226316 0.4652246315192744 0.02054966517857143 0.021577380952380952
0 0.8347098214285714 0.24241071428571428 0.22142857142857142 0.2363095238095238
1 0.7343525215165222 0.18095592403628116 0.020535714285714286 0.021577380952380952
0 0.8347098214285714 0.3825892857142857 0.22142857142857142 0.2074404761904762
1 0.7343455460700936 0.3230902777777778 0.020521763392857145 0.021577380952380952
0 0.8347098214285714 0.5279761904761905 0.22142857142857142 0.17291666666666666
1 0.7343455460700936 0.4652246315192744 0.020521763392857145 0.021577380952380952
0 0.49832589285714285 0.6642857142857143 0.8785714285714286 0.18333333333333332
1 0.0645961431241362 0.6073589852607709 0.011049107142857144 0.021577380952380952
