0 0.2806919642857143 0.19672619047619047 0.44285714285714284 0.0994047619047619
1 0.06297304751642037 0.1388420414462081 0.007198660714285714 0.021577380952380952
0 0.2806919642857143 0.3124255952380952 0.44285714285714284 0.09449404761904762
1 0.06489827073070609 0.24939098324514994 0.011049107142857144 0.021577380952380952
0 0.2806919642857143 0.44486607142857143 0.44285714285714284 0.051041666666666666
1 0.0668234939449918 0.35993992504409167 0.014899553571428572 0.021577380952380952
0 0.2806919642857143 0.5754464285714286 0.44285714285714284 0.0886904761904762
1 0.07311534662356323 0.47048886684303354 0.027483258928571428 0.021577380952380952
0 0.2806919642857143 0.6503720238095239 0.44285714285714284 0.06502976190476191
1 0.07401517921284895 0.5810378086419753 0.029282924107142855 0.021577380952380952
0 0.2806919642857143 0.76875 0.44285714285714284 0.056845238095238095
1 0.07323392921284894 0.6915867504409172 0.027720424107142858 0.021577380952380987
0 0.7237723214285714 0.2975446428571429 0.44285714285714284 0.20223214285714286
1 0.5126861414223348 0.1388420414462081 0.020521763392857145 0.021577380952380952
0 0.7237723214285714 0.3607886904761905 0.44285714285714284 0.1444940476190476
1 0.5126861414223348 0.24939098324514994 0.020521763392857145 0.021577380952380952
0 0.7237723214285714 0.4732142857142857 0.44285714285714284 0.1357142857142857
1 0.512700092315192 0.35993992504409167 0.02054966517857143 0.021577380952380952
0 0.7237723214285714 0.5543154761904762 0.44285714285714284 0.06011904761904762
1 0.5126931168687634 0.47048886684303354 0.020535714285714286 0.021577380952380952
0 0.7237723214285714 0.640625 0.44285714285714284 0.10446428571428572
1 0.5126861414223348 0.5810378086419753 0.020521763392857145 0.021577380952380952
0 0.7237723214285714 0.7239583333333334 0.44285714285714284 0.2910714285714286
1 0.5126861414223348 0.6915867504409172 0.020521763392857145 0.021577380952380987
