0 0.16975446428571428 0.2747767857142857 0.22142857142857142 0.04479166666666667
1 0.06267091990985048 0.18095592403628116 0.007198660714285714 0.021577380952380952
0 0.16975446428571428 0.3904017857142857 0.22142857142857142 0.10223214285714285
1 0.0645961431241362 0.3230902777777778 0.011049107142857144 0.021577380952380952
0 0.16975446428571428 0.5436755952380953 0.22142857142857142 0.08139880952380953
1 0.0665213663384219 0.4652246315192744 0.014899553571428572 0.021577380952380952
0 0.39140625 0.3061011904761905 0.22142857142857142 0.06696428571428571
1 0.2944842439573125 0.18095592403628116 0.027483258928571428 0.021577380952380952
0 0.39140625 0.4324404761904762 0.22142857142857142 0.03988095238095238
1 0.2953840765465982 0.3230902777777778 0.029282924107142855 0.021577380952380952
0 0.39140625 0.5380952380952381 0.22142857142857142 0.09166666666666666
1 0.2946028265465982 0.4652246315192744 0.027720424107142858 0.021577380952380952
0 0.6130580357142857 0.2953125 0.22142857142857142 0.036458333333333336
1 0.5126745211297744 0.18095592403628116 0.020521763392857145 0.021577380952380952
0 0.6130580357142857 0.4401041666666667 0.22142857142857142 0.090625
1 0.5126745211297744 0.3230902777777778 0.020521763392857145 0.021577380952380952
0 0.6130580357142857 0.559375 0.22142857142857142 0.07261904761904762
1 0.5126884720226316 0.4652246315192744 0.02054966517857143 0.021577380952380952
0 0.8347098214285714 0.25967261904761907 0.22142857142857142 0.10505952380952381
1 0.7343525215165222 0.18095592403628116 0.020535714285714286 0.021577380952380952
0 0.8347098214285714 0.3898065476190476 0.22142857142857142 0.12217261904761904
1 0.7343455460700936 0.3230902777777778 0.020521763392857145 0.021577380952380952
0 0.8347098214285714 0.526264880952381 0.22142857142857142 0.11741071428571428
1 0.7343455460700936 0.4652246315192744 0.020521763392857145 0.021577380952380952
0 0.49832589285714285 0.6794642857142857 0.8785714285714286 0.11190476190476191
1 0.0645961431241362 0.6073589852607709 0.011049107142857144 0.021577380952380952
