0 0.16975446428571428 0.2806547619047619 0.22142857142857142 0.09226190476190477
1 0.06267091990985048 0.18095592403628116 0.007198660714285714 0.021577380952380952
0 0.16975446428571428 0.4121279761904762 0.22142857142857142 0.08705357142857142
1 0.0645961431241362 0.3230902777777778 0.011049107142857144 0.021577380952380952
0 0.16975446428571428 0.5553571428571429 0.22142857142857142 0.03482142857142857
1 0.0665213663384219 0.4652246315192744 0.014899553571428572 0.021577380952380952
0 0.39140625 0.2922619047619048 0.22142857142857142 0.08839285714285715
1 0.2944842439573125 0.18095592403628116 0.027483258928571428 0.021577380952380952
0 0.39140625 0.42872023809523807 0.22142857142857142 0.054464285714285715
1 0.2953840765465982 0.3230902777777778 0.029282924107142855 0.021577380952380952
0 0.39140625 0.5570684523809524 0.22142857142857142 0.04776785714285714
1 0.2946028265465982 0.4652246315192744 0.027720424107142858 0.021577380952380952
0 0.6130580357142857 0.29799107142857145 0.22142857142857142 0.07455357142857143
1 0.5126745211297744 0.18095592403628116 0.020521763392857145 0.021577380952380952
0 0.6130580357142857 0.49962797619047616 0.22142857142857142 0.25877976190476193
1 0.5126745211297744 0.3230902777777778 0.020521763392857145 0.021577380952380952
0 0.6130580357142857 0.6230654761904761 0.22142857142857142 0.2800595238095238
1 0.5126884720226316 0.4652246315192744 0.02054966517857143 0.021577380952380952
0 0.8347098214285714 0.29799107142857145 0.22142857142857142 0.28407738095238094
1 0.7343525215165222 0.18095592403628116 0.020535714285714286 0.021577380952380952
0 0.8347098214285714 0.39992559523809523 0.22142857142857142 0.21502976190476192
1 0.7343455460700936 0.3230902777777778 0.020521763392857145 0.021577380952380952
0 0.8347098214285714 0.5421130952380953 0.22142857142857142 0.11488095238095238
1 0.7343455460700936 0.4652246315192744 0.020521763392857145 0.021577380952380952
0 0.49832589285714285 0.6982886904761905 0.8785714285714286 0.13258928571428572
1 0.0645961431241362 0.6073589852607709 0.011049107142857144 0.021577380952380952
