0 0.2806919642857143 0.21108630952380952 0.44285714285714284 0.04747023809523809
1 0.06297304751642037 0.1388420414462081 0.007198660714285714 0.021577380952380952
0 0.2806919642857143 0.32083333333333336 0.44285714285714284 0.055357142857142855
1 0.06489827073070609 0.24939098324514994 0.011049107142857144 0.021577380952380952
0 0.2806919642857143 0.44151785714285713 0.44285714285714284 0.026785714285714284
1 0.0668234939449918 0.35993992504409167 0.014899553571428572 0.021577380952380952
0 0.2806919642857143 0.5633928571428571 0.44285714285714284 0.0494047619047619
1 0.07311534662356323 0.47048886684303354 0.027483258928571428 0.021577380952380952
0 0.2806919642857143 0.6598214285714286 0.44285714285714284 0.025595238095238095
1 0.07401517921284895 0.5810378086419753 0.029282924107142855 0.021577380952380952
0 0.2806919642857143 0.7685267857142857 0.44285714285714284 0.036458333333333336
1 0.07323392921284894 0.6915867504409172 0.027720424107142858 0.021577380952380987
0 0.7237723214285714 0.21830357142857143 0.44285714285714284 0.054464285714285715
1 0.5126861414223348 0.1388420414462081 0.020521763392857145 0.021577380952380952
0 0.7237723214285714 0.33497023809523807 0.44285714285714284 0.09583333333333334
1 0.5126861414223348 0.24939098324514994 0.020521763392857145 0.021577380952380952
0 0.7237723214285714 0.4347470238095238 0.44285714285714284 0.11145833333333334
1 0.512700092315192 0.35993992504409167 0.02054966517857143 0.021577380952380952
0 0.7237723214285714 0.5330357142857143 0.44285714285714284 0.1288690476190476
1 0.5126931168687634 0.47048886684303354 0.020535714285714286 0.021577380952380952
0 0.7237723214285714 0.6332589285714286 0.44285714285714284 0.13616071428571427
1 0.5126861414223348 0.5810378086419753 0.020521763392857145 0.021577380952380952
0 0.7237723214285714 0.7502232142857143 0.44285714285714284 0.08913690476190476
1 0.5126861414223348 0.6915867504409172 0.020521763392857145 0.021577380952380987
