0 0.16975446428571428 0.27157738095238093 0.22142857142857142 0.04702380952380952
1 0.06267091990985048 0.18095592403628116 0.007198660714285714 0.021577380952380952
0 0.16975446428571428 0.3730654761904762 0.22142857142857142 0.15773809523809523
1 0.0645961431241362 0.3230902777777778 0.011049107142857144 0.021577380952380952
0 0.16975446428571428 0.5234375 0.22142857142857142 0.1305059523809524
1 0.0665213663384219 0.4652246315192744 0.014899553571428572 0.021577380952380952
0 0.39140625 0.3148809523809524 0.22142857142857142 0.09464285714285714
1 0.2944842439573125 0.18095592403628116 0.027483258928571428 0.021577380952380952
0 0.39140625 0.43936011904761907 0.22142857142857142 0.06473214285714286
1 0.2953840765465982 0.3230902777777778 0.029282924107142855 0.021577380952380952
0 0.39140625 0.5191964285714286 0.22142857142857142 0.14404761904761904
1 0.2946028265465982 0.4652246315192744 0.027720424107142858 0.021577380952380952
0 0.6130580357142857 0.33764880952380955 0.22142857142857142 0.15386904761904763
1 0.5126745211297744 0.18095592403628116 0.020521763392857145 0.021577380952380952
0 0.6130580357142857 0.4999255952380952 0.22142857142857142 0.2662202380952381
1 0.5126745211297744 0.3230902777777778 0.020521763392857145 0.021577380952380952
0 0.6130580357142857 0.5651785714285714 0.22142857142857142 0.14285714285714285
1 0.5126884720226316 0.4652246315192744 0.02054966517857143 0.021577380952380952
0 0.8347098214285714 0.2454613095238095 0.22142857142857142 0.15788690476190476
1 0.7343525215165222 0.18095592403628116 0.020535714285714286 0.021577380952380952
0 0.8347098214285714 0.36316964285714287 0.22142857142857142 0.18824404761904762
1 0.7343455460700936 0.3230902777777778 0.020521763392857145 0.021577380952380952
0 0.8347098214285714 0.5137648809523809 0.22142857142857142 0.14895833333333333
1 0.7343455460700936 0.4652246315192744 0.020521763392857145 0.021577380952380952
0 0.49832589285714285 0.6610119047619047 0.8785714285714286 0.16517857142857142
1 0.0645961431241362 0.6073589852607709 0.011049107142857144 0.021577380952380952
