0 0.16975446428571428 0.33363095238095236 0.22142857142857142 0.20684523809523808
1 0.06267091990985048 0.18095592403628116 0.007198660714285714 0.021577380952380952
0 0.16975446428571428 0.47165178571428573 0.22142857142857142 0.22723214285714285
1 0.0645961431241362 0.3230902777777778 0.011049107142857144 0.021577380952380952
0 0.16975446428571428 0.5500744047619047 0.22142857142857142 0.08110119047619048
1 0.0665213663384219 0.4652246315192744 0.014899553571428572 0.021577380952380952
0 0.39140625 0.23251488095238096 0.22142857142857142 0.2063988095238095
1 0.2944842439573125 0.18095592403628116 0.027483258928571428 0.021577380952380952
0 0.39140625 0.454389880952381 0.22142857142857142 0.1293154761904762
1 0.2953840765465982 0.3230902777777778 0.029282924107142855 0.021577380952380952
0 0.39140625 0.5793154761904762 0.22142857142857142 0.14761904761904762
1 0.2946028265465982 0.4652246315192744 0.027720424107142858 0.021577380952380952
0 0.6130580357142857 0.3025297619047619 0.22142857142857142 0.0943452380952381
1 0.5126745211297744 0.18095592403628116 0.020521763392857145 0.021577380952380952
0 0.6130580357142857 0.4318452380952381 0.22142857142857142 0.4238095238095238
1 0.5126745211297744 0.3230902777777778 0.020521763392857145 0.021577380952380952
0 0.6130580357142857 0.6343005952380952 0.22142857142857142 0.2552083333333333
1 0.5126884720226316 0.4652246315192744 0.02054966517857143 0.021577380952380952
0 0.8347098214285714 0.39657738095238093 0.22142857142857142 0.34851190476190474
1 0.7343525215165222 0.18095592403628116 0.020535714285714286 0.021577380952380952
0 0.8347098214285714 0.44226190476190474 0.22142857142857142 0.13422619047619047
1 0.7343455460700936 0.3230902777777778 0.020521763392857145 0.021577380952380952
0 0.8347098214285714 0.5322172619047619 0.22142857142857142 0.1269345238095238
1 0.7343455460700936 0.4652246315192744 0.020521763392857145 0.021577380952380952
0 0.49832589285714285 0.7541666666666667 0.8785714285714286 0.23065476190476192
1 0.0645961431241362 0.6073589852607709 0.011049107142857144 0.021577380952380952
