0 0.2806919642857143 0.18392857142857144 0.44285714285714284 0.10922619047619048
1 0.06297304751642037 0.1388420414462081 0.007198660714285714 0.021577380952380952
0 0.2806919642857143 0.31651785714285713 0.44285714285714284 0.05952380952380952
1 0.06489827073070609 0.24939098324514994 0.011049107142857144 0.021577380952380952
0 0.2806919642857143 0.46376488095238094 0.44285714285714284 0.07157738095238095
1 0.0668234939449918 0.35993992504409167 0.014899553571428572 0.021577380952380952
0 0.2806919642857143 0.5777529761904762 0.44285714285714284 0.08020833333333334
1 0.07311534662356323 0.47048886684303354 0.027483258928571428 0.021577380952380952
0 0.2806919642857143 0.6335565476190477 0.44285714285714284 0.08854166666666667
1 0.07401517921284895 0.5810378086419753 0.029282924107142855 0.021577380952380952
0 0.2806919642857143 0.7776785714285714 0.44285714285714284 0.033035714285714286
1 0.07323392921284894 0.6915867504409172 0.027720424107142858 0.021577380952380987
0 0.7237723214285714 0.24813988095238096 0.44285714285714284 0.10669642857142857
1 0.5126861414223348 0.1388420414462081 0.020521763392857145 0.021577380952380952
0 0.7237723214285714 0.34851190476190474 0.44285714285714284 0.12083333333333333
1 0.5126861414223348 0.24939098324514994 0.020521763392857145 0.021577380952380952
0 0.7237723214285714 0.45401785714285714 0.44285714285714284 0.1449404761904762
1 0.512700092315192 0.35993992504409167 0.02054966517857143 0.021577380952380952
0 0.7237723214285714 0.5444940476190476 0.44285714285714284 0.12946428571428573
1 0.5126931168687634 0.47048886684303354 0.020535714285714286 0.021577380952380952
0 0.7237723214285714 0.6430059523809524 0.44285714285714284 0.1074404761904762
1 0.5126861414223348 0.5810378086419753 0.020521763392857145 0.021577380952380952
0 0.7237723214285714 0.7506696428571429 0.44285714285714284 0.07961309523809523
1 0.5126861414223348 0.6915867504409172 0.020521763392857145 0.021577380952380987
