0 0.5022879464285714 0.12924107142857144 0.8856026785714286 0.03318452380952381
1 0.0631253166160081 0.07988260582010584 0.007198660714285714 0.021577380952380952
0 0.5022879464285714 0.1991815476190476 0.8856026785714286 0.028720238095238094
1 0.06505053983029382 0.1462119708994709 0.011049107142857144 0.021577380952380952
0 0.5022879464285714 0.2670386904761905 0.8856026785714286 0.023065476190476192
1 0.06697576304457953 0.21254133597883595 0.014899553571428572 0.021577380952380952
0 0.5022879464285714 0.3331845238095238 0.8856026785714286 0.02857142857142857
1 0.07326761572315096 0.27887070105820105 0.027483258928571428 0.021577380952380952
0 0.5022879464285714 0.3945684523809524 0.8856026785714286 0.02336309523809524
1 0.07416744831243667 0.3452000661375661 0.029282924107142855 0.021577380952380952
0 0.5022879464285714 0.46577380952380953 0.8856026785714286 0.023809523809523808
1 0.07338619831243667 0.41152943121693125 0.027720424107142858 0.021577380952380952
0 0.5022879464285714 0.5351934523809524 0.8856026785714286 0.027232142857142858
1 0.06978686795529382 0.4778587962962963 0.020521763392857145 0.021577380952380952
0 0.5022879464285714 0.6080357142857142 0.8856026785714286 0.07648809523809524
1 0.06978686795529382 0.5441881613756614 0.020521763392857145 0.021577380952380952
0 0.5022879464285714 0.6641369047619048 0.8856026785714286 0.0556547619047619
1 0.06980081884815097 0.6105175264550264 0.02054966517857143 0.021577380952380952
0 0.5022879464285714 0.721875 0.8856026785714286 0.07142857142857142
1 0.06979384340172239 0.6768468915343916 0.020535714285714286 0.021577380952380952
0 0.5022879464285714 0.7834077380952381 0.8856026785714286 0.057886904761904764
1 0.06978686795529382 0.7431762566137565 0.020521763392857145 0.021577380952380952
0 0.5022879464285714 0.851860119047619 0.8856026785714286 0.04449404761904762
1 0.06978686795529382 0.8095056216931217 0.020521763392857145 0.021577380952380952
