0 0.16975446428571428 0.24895833333333334 0.22142857142857142 0.09583333333333334
1 0.06267091990985048 0.18095592403628116 0.007198660714285714 0.021577380952380952
0 0.16975446428571428 0.420610119047619 0.22142857142857142 0.032589285714285716
1 0.0645961431241362 0.3230902777777778 0.011049107142857144 0.021577380952380952
0 0.16975446428571428 0.5930803571428571 0.22142857142857142 0.08199404761904762
1 0.0665213663384219 0.4652246315192744 0.014899553571428572 0.021577380952380952
0 0.39140625 0.3048363095238095 0.22142857142857142 0.06145833333333333
1 0.2944842439573125 0.18095592403628116 0.027483258928571428 0.021577380952380952
0 0.39140625 0.3949404761904762 0.22142857142857142 0.08601190476190476
1 0.2953840765465982 0.3230902777777778 0.029282924107142855 0.021577380952380952
0 0.39140625 0.5738839285714286 0.22142857142857142 0.03913690476190476
1 0.2946028265465982 0.4652246315192744 0.027720424107142858 0.021577380952380952
0 0.6130580357142857 0.3145089285714286 0.22142857142857142 0.10044642857142858
1 0.5126745211297744 0.18095592403628116 0.020521763392857145 0.021577380952380952
0 0.6130580357142857 0.43504464285714284 0.22142857142857142 0.12961309523809525
1 0.5126745211297744 0.3230902777777778 0.020521763392857145 0.021577380952380952
0 0.6130580357142857 0.5538690476190476 0.22142857142857142 0.1386904761904762
1 0.5126884720226316 0.4652246315192744 0.02054966517857143 0.021577380952380952
0 0.8347098214285714 0.28154761904761905 0.22142857142857142 0.10505952380952381
1 0.7343525215165222 0.18095592403628116 0.020535714285714286 0.021577380952380952
0 0.8347098214285714 0.41369047619047616 0.22142857142857142 0.10833333333333334
1 0.7343455460700936 0.3230902777777778 0.020521763392857145 0.021577380952380952
0 0.8347098214285714 0.5508184523809524 0.22142857142857142 0.1144345238095238
1 0.7343455460700936 0.4652246315192744 0.020521763392857145 0.021577380952380952
0 0.49832589285714285 0.7057291666666666 0.8785714285714286 0.04241071428571429
1 0.0645961431241362 0.6073589852607709 0.011049107142857144 0.021577380952380952
