0 0.2806919642857143 0.20357142857142857 0.44285714285714284 0.07321428571428572
1 0.06297304751642037 0.1388420414462081 0.007198660714285714 0.021577380952380952
0 0.2806919642857143 0.3513392857142857 0.44285714285714284 0.0943452380952381
1 0.06489827073070609 0.24939098324514994 0.011049107142857144 0.021577380952380952
0 0.2806919642857143 0.47165178571428573 0.44285714285714284 0.11116071428571428
1 0.0668234939449918 0.35993992504409167 0.014899553571428572 0.021577380952380952
0 0.2806919642857143 0.5533482142857142 0.44285714285714284 0.060267857142857144
1 0.07311534662356323 0.47048886684303354 0.027483258928571428 0.021577380952380952
0 0.2806919642857143 0.6374255952380953 0.44285714285714284 0.0831845238095238
1 0.07401517921284895 0.5810378086419753 0.029282924107142855 0.021577380952380952
0 0.2806919642857143 0.7986607142857143 0.44285714285714284 0.10208333333333333
1 0.07323392921284894 0.6915867504409172 0.027720424107142858 0.021577380952380987
0 0.7237723214285714 0.23370535714285715 0.44285714285714284 0.08735119047619047
1 0.5126861414223348 0.1388420414462081 0.020521763392857145 0.021577380952380952
0 0.7237723214285714 0.3392113095238095 0.44285714285714284 0.10788690476190477
1 0.5126861414223348 0.24939098324514994 0.020521763392857145 0.021577380952380952
0 0.7237723214285714 0.4615327380952381 0.44285714285714284 0.15997023809523808
1 0.512700092315192 0.35993992504409167 0.02054966517857143 0.021577380952380952
0 0.7237723214285714 0.5691220238095238 0.44285714285714284 0.14985119047619047
1 0.5126931168687634 0.47048886684303354 0.020535714285714286 0.021577380952380952
0 0.7237723214285714 0.653125 0.44285714285714284 0.16130952380952382
1 0.5126861414223348 0.5810378086419753 0.020521763392857145 0.021577380952380952
0 0.7237723214285714 0.7758928571428572 0.44285714285714284 0.14672619047619048
1 0.5126861414223348 0.6915867504409172 0.020521763392857145 0.021577380952380987
