0 0.16975446428571428 0.2253720238095238 0.22142857142857142 0.14479166666666668
1 0.06267091990985048 0.18095592403628116 0.007198660714285714 0.021577380952380952
0 0.16975446428571428 0.42544642857142856 0.22142857142857142 0.04345238095238095
1 0.0645961431241362 0.3230902777777778 0.011049107142857144 0.021577380952380952
0 0.16975446428571428 0.6203125 0.22142857142857142 0.1299107142857143
1 0.0665213663384219 0.4652246315192744 0.014899553571428572 0.021577380952380952
0 0.39140625 0.3165922619047619 0.22142857142857142 0.0831845238095238
1 0.2944842439573125 0.18095592403628116 0.027483258928571428 0.021577380952380952
0 0.39140625 0.3704613095238095 0.22142857142857142 0.13616071428571427
1 0.2953840765465982 0.3230902777777778 0.029282924107142855 0.021577380952380952
0 0.39140625 0.5931547619047619 0.22142857142857142 0.06994047619047619
1 0.2946028265465982 0.4652246315192744 0.027720424107142858 0.021577380952380952
0 0.6130580357142857 0.3197172619047619 0.22142857142857142 0.11592261904761905
1 0.5126745211297744 0.18095592403628116 0.020521763392857145 0.021577380952380952
0 0.6130580357142857 0.4875 0.22142857142857142 0.15327380952380953
1 0.5126745211297744 0.3230902777777778 0.020521763392857145 0.021577380952380952
0 0.6130580357142857 0.6080357142857142 0.22142857142857142 0.10892857142857143
1 0.5126884720226316 0.4652246315192744 0.02054966517857143 0.021577380952380952
0 0.8347098214285714 0.30364583333333334 0.22142857142857142 0.12514880952380952
1 0.7343525215165222 0.18095592403628116 0.020535714285714286 0.021577380952380952
0 0.8347098214285714 0.4238839285714286 0.22142857142857142 0.11264880952380953
1 0.7343455460700936 0.3230902777777778 0.020521763392857145 0.021577380952380952
0 0.8347098214285714 0.7000744047619047 0.22142857142857142 0.4382440476190476
1 0.7343455460700936 0.4652246315192744 0.020521763392857145 0.021577380952380952
0 0.49832589285714285 0.709672619047619 0.8785714285714286 0.04345238095238095
1 0.0645961431241362 0.6073589852607709 0.011049107142857144 0.021577380952380952
