0 0.16975446428571428 0.27373511904761905 0.22142857142857142 0.08110119047619048
1 0.06267091990985048 0.18095592403628116 0.007198660714285714 0.021577380952380952
0 0.16975446428571428 0.3907738095238095 0.22142857142857142 0.15863095238095237
1 0.0645961431241362 0.3230902777777778 0.011049107142857144 0.021577380952380952
0 0.16975446428571428 0.5516369047619047 0.22142857142857142 0.1130952380952381
1 0.0665213663384219 0.4652246315192744 0.014899553571428572 0.021577380952380952
0 0.39140625 0.30565476190476193 0.22142857142857142 0.11547619047619048
1 0.2944842439573125 0.18095592403628116 0.027483258928571428 0.021577380952380952
0 0.39140625 0.42075892857142855 0.22142857142857142 0.05907738095238095
1 0.2953840765465982 0.3230902777777778 0.029282924107142855 0.021577380952380952
0 0.39140625 0.5367559523809524 0.22142857142857142 0.12470238095238095
1 0.2946028265465982 0.4652246315192744 0.027720424107142858 0.021577380952380952
0 0.6130580357142857 0.34270833333333334 0.22142857142857142 0.2080357142857143
1 0.5126745211297744 0.18095592403628116 0.020521763392857145 0.021577380952380952
0 0.6130580357142857 0.5178571428571429 0.22142857142857142 0.27976190476190477
1 0.5126745211297744 0.3230902777777778 0.020521763392857145 0.021577380952380952
0 0.6130580357142857 0.6087053571428571 0.22142857142857142 0.18229166666666666
1 0.5126884720226316 0.4652246315192744 0.02054966517857143 0.021577380952380952
0 0.8347098214285714 0.2701636904761905 0.22142857142857142 0.19538690476190476
1 0.7343525215165222 0.18095592403628116 0.020535714285714286 0.021577380952380952
0 0.8347098214285714 0.38660714285714287 0.22142857142857142 0.18928571428571428
1 0.7343455460700936 0.3230902777777778 0.020521763392857145 0.021577380952380952
0 0.8347098214285714 0.5144345238095238 0.22142857142857142 0.16607142857142856
1 0.7343455460700936 0.4652246315192744 0.020521763392857145 0.021577380952380952
0 0.49832589285714285 0.6740327380952381 0.8785714285714286 0.16086309523809525
1 0.0645961431241362 0.6073589852607709 0.011049107142857144 0.021577380952380952
