0 0.16975446428571428 0.27529761904761907 0.22142857142857142 0.08035714285714286
1 0.06267091990985048 0.18095592403628116 0.007198660714285714 0.021577380952380952
0 0.16975446428571428 0.40907738095238094 0.22142857142857142 0.07142857142857142
1 0.0645961431241362 0.3230902777777778 0.011049107142857144 0.021577380952380952
0 0.16975446428571428 0.5589285714285714 0.22142857142857142 0.09136904761904761
1 0.0665213663384219 0.4652246315192744 0.014899553571428572 0.021577380952380952
0 0.39140625 0.29650297619047616 0.22142857142857142 0.06532738095238096
1 0.2944842439573125 0.18095592403628116 0.027483258928571428 0.021577380952380952
0 0.39140625 0.42604166666666665 0.22142857142857142 0.07410714285714286
1 0.2953840765465982 0.3230902777777778 0.029282924107142855 0.021577380952380952
0 0.39140625 0.5539434523809523 0.22142857142857142 0.06949404761904762
1 0.2946028265465982 0.4652246315192744 0.027720424107142858 0.021577380952380952
0 0.6130580357142857 0.3138392857142857 0.22142857142857142 0.1505952380952381
1 0.5126745211297744 0.18095592403628116 0.020521763392857145 0.021577380952380952
0 0.6130580357142857 0.46919642857142857 0.22142857142857142 0.28720238095238093
1 0.5126745211297744 0.3230902777777778 0.020521763392857145 0.021577380952380952
0 0.6130580357142857 0.577827380952381 0.22142857142857142 0.30178571428571427
1 0.5126884720226316 0.4652246315192744 0.02054966517857143 0.021577380952380952
0 0.8347098214285714 0.2753720238095238 0.22142857142857142 0.27455357142857145
1 0.7343525215165222 0.18095592403628116 0.020535714285714286 0.021577380952380952
0 0.8347098214285714 0.4048363095238095 0.22142857142857142 0.1855654761904762
1 0.7343455460700936 0.3230902777777778 0.020521763392857145 0.021577380952380952
0 0.8347098214285714 0.544345238095238 0.22142857142857142 0.12023809523809524
1 0.7343455460700936 0.4652246315192744 0.020521763392857145 0.021577380952380952
0 0.49832589285714285 0.6914434523809524 0.8785714285714286 0.07633928571428572
1 0.0645961431241362 0.6073589852607709 0.011049107142857144 0.021577380952380952
