0 0.2806919642857143 0.1859375 0.44285714285714284 0.13526785714285713
1 0.06297304751642037 0.1388420414462081 0.007198660714285714 0.021577380952380952
0 0.2806919642857143 0.3185267857142857 0.44285714285714284 0.084375
1 0.06489827073070609 0.24939098324514994 0.011049107142857144 0.021577380952380952
0 0.2806919642857143 0.46473214285714287 0.44285714285714284 0.08660714285714285
1 0.0668234939449918 0.35993992504409167 0.014899553571428572 0.021577380952380952
0 0.2806919642857143 0.5775297619047619 0.44285714285714284 0.10803571428571429
1 0.07311534662356323 0.47048886684303354 0.027483258928571428 0.021577380952380952
0 0.2806919642857143 0.6369791666666667 0.44285714285714284 0.10014880952380953
1 0.07401517921284895 0.5810378086419753 0.029282924107142855 0.021577380952380952
0 0.2806919642857143 0.7828125 0.44285714285714284 0.0599702380952381
1 0.07323392921284894 0.6915867504409172 0.027720424107142858 0.021577380952380987
0 0.7237723214285714 0.23943452380952382 0.44285714285714284 0.07738095238095238
1 0.5126861414223348 0.1388420414462081 0.020521763392857145 0.021577380952380952
0 0.7237723214285714 0.3513392857142857 0.44285714285714284 0.11964285714285715
1 0.5126861414223348 0.24939098324514994 0.020521763392857145 0.021577380952380952
0 0.7237723214285714 0.45989583333333334 0.44285714285714284 0.1617559523809524
1 0.512700092315192 0.35993992504409167 0.02054966517857143 0.021577380952380952
0 0.7237723214285714 0.5409970238095239 0.44285714285714284 0.15907738095238094
1 0.5126931168687634 0.47048886684303354 0.020535714285714286 0.021577380952380952
0 0.7237723214285714 0.639360119047619 0.44285714285714284 0.13973214285714286
1 0.5126861414223348 0.5810378086419753 0.020521763392857145 0.021577380952380952
0 0.7237723214285714 0.7387648809523809 0.44285714285714284 0.13854166666666667
1 0.5126861414223348 0.6915867504409172 0.020521763392857145 0.021577380952380987
