0 0.5022879464285714 0.1115327380952381 0.8856026785714286 0.0712797619047619
1 0.0631253166160081 0.07988260582010584 0.007198660714285714 0.021577380952380952
0 0.5022879464285714 0.196875 0.8856026785714286 0.026785714285714284
1 0.06505053983029382 0.1462119708994709 0.011049107142857144 0.021577380952380952
0 0.5022879464285714 0.2875 0.8856026785714286 0.06339285714285714
1 0.06697576304457953 0.21254133597883595 0.014899553571428572 0.021577380952380952
0 0.5022879464285714 0.3415922619047619 0.8856026785714286 0.04568452380952381
1 0.07326761572315096 0.27887070105820105 0.027483258928571428 0.021577380952380952
0 0.5022879464285714 0.3755952380952381 0.8856026785714286 0.06547619047619048
1 0.07416744831243667 0.3452000661375661 0.029282924107142855 0.021577380952380952
0 0.5022879464285714 0.4732886904761905 0.8856026785714286 0.035863095238095236
1 0.07338619831243667 0.41152943121693125 0.027720424107142858 0.021577380952380952
0 0.5022879464285714 0.5482886904761904 0.8856026785714286 0.06294642857142857
1 0.06978686795529382 0.4778587962962963 0.020521763392857145 0.021577380952380952
0 0.5022879464285714 0.6037202380952381 0.8856026785714286 0.10625
1 0.06978686795529382 0.5441881613756614 0.020521763392857145 0.021577380952380952
0 0.5022879464285714 0.6515625 0.8856026785714286 0.10520833333333333
1 0.06980081884815097 0.6105175264550264 0.02054966517857143 0.021577380952380952
0 0.5022879464285714 0.7140625 0.8856026785714286 0.08586309523809524
1 0.06979384340172239 0.6768468915343916 0.020535714285714286 0.021577380952380952
0 0.5022879464285714 0.7766369047619047 0.8856026785714286 0.06279761904761905
1 0.06978686795529382 0.7431762566137565 0.020521763392857145 0.021577380952380952
0 0.5022879464285714 0.846279761904762 0.8856026785714286 0.05089285714285714
1 0.06978686795529382 0.8095056216931217 0.020521763392857145 0.021577380952380952
