0 0.16975446428571428 0.2519345238095238 0.22142857142857142 0.12023809523809524
1 0.06267091990985048 0.18095592403628116 0.007198660714285714 0.021577380952380952
0 0.16975446428571428 0.4204613095238095 0.22142857142857142 0.08705357142857142
1 0.0645961431241362 0.3230902777777778 0.011049107142857144 0.021577380952380952
0 0.16975446428571428 0.6098958333333333 0.22142857142857142 0.1650297619047619
1 0.0665213663384219 0.4652246315192744 0.014899553571428572 0.021577380952380952
0 0.39140625 0.3073660714285714 0.22142857142857142 0.08526785714285715
1 0.2944842439573125 0.18095592403628116 0.027483258928571428 0.021577380952380952
0 0.39140625 0.38950892857142855 0.22142857142857142 0.13913690476190477
1 0.2953840765465982 0.3230902777777778 0.029282924107142855 0.021577380952380952
0 0.39140625 0.5926339285714286 0.22142857142857142 0.11294642857142857
1 0.2946028265465982 0.4652246315192744 0.027720424107142858 0.021577380952380952
0 0.6130580357142857 0.3613839285714286 0.22142857142857142 0.2980654761904762
1 0.5126745211297744 0.18095592403628116 0.020521763392857145 0.021577380952380952
0 0.6130580357142857 0.49642857142857144 0.22142857142857142 0.31607142857142856
1 0.5126745211297744 0.3230902777777778 0.020521763392857145 0.021577380952380952
0 0.6130580357142857 0.5920386904761905 0.22142857142857142 0.15967261904761904
1 0.5126884720226316 0.4652246315192744 0.02054966517857143 0.021577380952380952
0 0.8347098214285714 0.27492559523809523 0.22142857142857142 0.05758928571428571
1 0.7343525215165222 0.18095592403628116 0.020535714285714286 0.021577380952380952
0 0.8347098214285714 0.4069196428571429 0.22142857142857142 0.06949404761904762
1 0.7343455460700936 0.3230902777777778 0.020521763392857145 0.021577380952380952
0 0.8347098214285714 0.5432291666666667 0.22142857142857142 0.08883928571428572
1 0.7343455460700936 0.4652246315192744 0.020521763392857145 0.021577380952380952
0 0.49832589285714285 0.7023809523809523 0.8785714285714286 0.09196428571428572
1 0.0645961431241362 0.6073589852607709 0.011049107142857144 0.021577380952380952
