0 0.16975446428571428 0.26614583333333336 0.22142857142857142 0.07842261904761905
1 0.06267091990985048 0.18095592403628116 0.007198660714285714 0.021577380952380952
0 0.16975446428571428 0.3943452380952381 0.22142857142857142 0.12857142857142856
1 0.0645961431241362 0.3230902777777778 0.011049107142857144 0.021577380952380952
0 0.16975446428571428 0.5548363095238096 0.22142857142857142 0.05758928571428571
1 0.0665213663384219 0.4652246315192744 0.014899553571428572 0.021577380952380952
0 0.39140625 0.3091517857142857 0.22142857142857142 0.10342261904761904
1 0.2944842439573125 0.18095592403628116 0.027483258928571428 0.021577380952380952
0 0.39140625 0.4252232142857143 0.22142857142857142 0.028720238095238094
1 0.2953840765465982 0.3230902777777778 0.029282924107142855 0.021577380952380952
0 0.39140625 0.545610119047619 0.22142857142857142 0.09151785714285714
1 0.2946028265465982 0.4652246315192744 0.027720424107142858 0.021577380952380952
0 0.6130580357142857 0.3246279761904762 0.22142857142857142 0.13854166666666667
1 0.5126745211297744 0.18095592403628116 0.020521763392857145 0.021577380952380952
0 0.6130580357142857 0.44285714285714284 0.22142857142857142 0.16279761904761905
1 0.5126745211297744 0.3230902777777778 0.020521763392857145 0.021577380952380952
0 0.6130580357142857 0.5802083333333333 0.22142857142857142 0.1261904761904762
1 0.5126884720226316 0.4652246315192744 0.02054966517857143 0.021577380952380952
0 0.8347098214285714 0.25625 0.22142857142857142 0.1363095238095238
1 0.7343525215165222 0.18095592403628116 0.020535714285714286 0.021577380952380952
0 0.8347098214285714 0.35766369047619045 0.22142857142857142 0.24627976190476192
1 0.7343455460700936 0.3230902777777778 0.020521763392857145 0.021577380952380952
0 0.8347098214285714 0.5107886904761905 0.22142857142857142 0.1861607142857143
1 0.7343455460700936 0.4652246315192744 0.020521763392857145 0.021577380952380952
0 0.49832589285714285 0.6766369047619047 0.8785714285714286 0.1386904761904762
1 0.0645961431241362 0.6073589852607709 0.011049107142857144 0.021577380952380952
