0 0.5022879464285714 0.11078869047619047 0.8856026785714286 0.06651785714285714
1 0.0631253166160081 0.07988260582010584 0.007198660714285714 0.021577380952380952
0 0.5022879464285714 0.18794642857142857 0.8856026785714286 0.05178571428571429
1 0.06505053983029382 0.1462119708994709 0.011049107142857144 0.021577380952380952
0 0.5022879464285714 0.275 0.8856026785714286 0.03511904761904762
1 0.06697576304457953 0.21254133597883595 0.014899553571428572 0.021577380952380952
0 0.5022879464285714 0.3489583333333333 0.8856026785714286 0.055357142857142855
1 0.07326761572315096 0.27887070105820105 0.027483258928571428 0.021577380952380952
0 0.5022879464285714 0.3825892857142857 0.8856026785714286 0.048214285714285716
1 0.07416744831243667 0.3452000661375661 0.029282924107142855 0.021577380952380952
0 0.5022879464285714 0.4668154761904762 0.8856026785714286 0.03214285714285714
1 0.07338619831243667 0.41152943121693125 0.027720424107142858 0.021577380952380952
0 0.5022879464285714 0.5421875 0.8856026785714286 0.050148809523809526
1 0.06978686795529382 0.4778587962962963 0.020521763392857145 0.021577380952380952
0 0.5022879464285714 0.6121279761904762 0.8856026785714286 0.0724702380952381
1 0.06978686795529382 0.5441881613756614 0.020521763392857145 0.021577380952380952
0 0.5022879464285714 0.6666666666666666 0.8856026785714286 0.11339285714285714
1 0.06980081884815097 0.6105175264550264 0.02054966517857143 0.021577380952380952
0 0.5022879464285714 0.7098958333333333 0.8856026785714286 0.13199404761904762
1 0.06979384340172239 0.6768468915343916 0.020535714285714286 0.021577380952380952
0 0.5022879464285714 0.7650297619047619 0.8856026785714286 0.12410714285714286
1 0.06978686795529382 0.7431762566137565 0.020521763392857145 0.021577380952380952
0 0.5022879464285714 0.8299851190476191 0.8856026785714286 0.08764880952380952
1 0.06978686795529382 0.8095056216931217 0.020521763392857145 0.021577380952380952
