0 0.16975446428571428 0.29017857142857145 0.22142857142857142 0.06636904761904762
1 0.06267091990985048 0.18095592403628116 0.007198660714285714 0.021577380952380952
0 0.16975446428571428 0.40438988095238093 0.22142857142857142 0.11741071428571428
1 0.0645961431241362 0.3230902777777778 0.011049107142857144 0.021577380952380952
0 0.16975446428571428 0.5394345238095238 0.22142857142857142 0.12202380952380952
1 0.0665213663384219 0.4652246315192744 0.014899553571428572 0.021577380952380952
0 0.39140625 0.290327380952381 0.22142857142857142 0.06101190476190476
1 0.2944842439573125 0.18095592403628116 0.027483258928571428 0.021577380952380952
0 0.39140625 0.44427083333333334 0.22142857142857142 0.0837797619047619
1 0.2953840765465982 0.3230902777777778 0.029282924107142855 0.021577380952380952
0 0.39140625 0.5430059523809524 0.22142857142857142 0.11964285714285715
1 0.2946028265465982 0.4652246315192744 0.027720424107142858 0.021577380952380952
0 0.6130580357142857 0.3066964285714286 0.22142857142857142 0.08333333333333333
1 0.5126745211297744 0.18095592403628116 0.020521763392857145 0.021577380952380952
0 0.6130580357142857 0.48251488095238093 0.22142857142857142 0.22038690476190476
1 0.5126745211297744 0.3230902777777778 0.020521763392857145 0.021577380952380952
0 0.6130580357142857 0.5725446428571429 0.22142857142857142 0.22842261904761904
1 0.5126884720226316 0.4652246315192744 0.02054966517857143 0.021577380952380952
0 0.8347098214285714 0.2648065476190476 0.22142857142857142 0.21860119047619048
1 0.7343525215165222 0.18095592403628116 0.020535714285714286 0.021577380952380952
0 0.8347098214285714 0.3990327380952381 0.22142857142857142 0.15520833333333334
1 0.7343455460700936 0.3230902777777778 0.020521763392857145 0.021577380952380952
0 0.8347098214285714 0.5394345238095238 0.22142857142857142 0.11696428571428572
1 0.7343455460700936 0.4652246315192744 0.020521763392857145 0.021577380952380952
0 0.49832589285714285 0.6906994047619047 0.8785714285714286 0.1212797619047619
1 0.0645961431241362 0.6073589852607709 0.011049107142857144 0.021577380952380952
