0 0.5022879464285714 0.12194940476190476 0.8856026785714286 0.05967261904761905
1 0.0631253166160081 0.07988260582010584 0.007198660714285714 0.021577380952380952
0 0.5022879464285714 0.17366071428571428 0.8856026785714286 0.07648809523809524
1 0.06505053983029382 0.1462119708994709 0.011049107142857144 0.021577380952380952
0 0.5022879464285714 0.25357142857142856 0.8856026785714286 0.042261904761904764
1 0.06697576304457953 0.21254133597883595 0.014899553571428572 0.021577380952380952
0 0.5022879464285714 0.35059523809523807 0.8856026785714286 0.06547619047619048
1 0.07326761572315096 0.27887070105820105 0.027483258928571428 0.021577380952380952
0 0.5022879464285714 0.4017857142857143 0.8856026785714286 0.02738095238095238
1 0.07416744831243667 0.3452000661375661 0.029282924107142855 0.021577380952380952
0 0.5022879464285714 0.4473958333333333 0.8856026785714286 0.054910714285714285
1 0.07338619831243667 0.41152943121693125 0.027720424107142858 0.021577380952380952
0 0.5022879464285714 0.5249255952380952 0.8856026785714286 0.10520833333333333
1 0.06978686795529382 0.4778587962962963 0.020521763392857145 0.021577380952380952
0 0.5022879464285714 0.5959077380952381 0.8856026785714286 0.09836309523809524
1 0.06978686795529382 0.5441881613756614 0.020521763392857145 0.021577380952380952
0 0.5022879464285714 0.6696428571428571 0.8856026785714286 0.08065476190476191
1 0.06980081884815097 0.6105175264550264 0.02054966517857143 0.021577380952380952
0 0.5022879464285714 0.7057291666666666 0.8856026785714286 0.1212797619047619
1 0.06979384340172239 0.6768468915343916 0.020535714285714286 0.021577380952380952
0 0.5022879464285714 0.7657738095238096 0.8856026785714286 0.10892857142857143
1 0.06978686795529382 0.7431762566137565 0.020521763392857145 0.021577380952380952
0 0.5022879464285714 0.8348214285714286 0.8856026785714286 0.0869047619047619
1 0.06978686795529382 0.8095056216931217 0.020521763392857145 0.021577380952380952
