0 0.16975446428571428 0.25885416666666666 0.22142857142857142 0.09449404761904762
1 0.06267091990985048 0.18095592403628116 0.007198660714285714 0.021577380952380952
0 0.16975446428571428 0.40074404761904764 0.22142857142857142 0.10654761904761904
1 0.0645961431241362 0.3230902777777778 0.011049107142857144 0.021577380952380952
0 0.16975446428571428 0.5734375 0.22142857142857142 0.04657738095238095
1 0.0665213663384219 0.4652246315192744 0.014899553571428572 0.021577380952380952
0 0.39140625 0.31026785714285715 0.22142857142857142 0.09910714285714285
1 0.2944842439573125 0.18095592403628116 0.027483258928571428 0.021577380952380952
0 0.39140625 0.4148809523809524 0.22142857142857142 0.055357142857142855
1 0.2953840765465982 0.3230902777777778 0.029282924107142855 0.021577380952380952
0 0.39140625 0.5563988095238095 0.22142857142857142 0.07232142857142858
1 0.2946028265465982 0.4652246315192744 0.027720424107142858 0.021577380952380952
0 0.6130580357142857 0.31785714285714284 0.22142857142857142 0.13690476190476192
1 0.5126745211297744 0.18095592403628116 0.020521763392857145 0.021577380952380952
0 0.6130580357142857 0.46257440476190476 0.22142857142857142 0.2831845238095238
1 0.5126745211297744 0.3230902777777778 0.020521763392857145 0.021577380952380952
0 0.6130580357142857 0.5680059523809524 0.22142857142857142 0.11755952380952381
1 0.5126884720226316 0.4652246315192744 0.02054966517857143 0.021577380952380952
0 0.8347098214285714 0.26145833333333335 0.22142857142857142 0.12976190476190477
1 0.7343525215165222 0.18095592403628116 0.020535714285714286 0.021577380952380952
0 0.8347098214285714 0.3801339285714286 0.22142857142857142 0.1275297619047619
1 0.7343455460700936 0.3230902777777778 0.020521763392857145 0.021577380952380952
0 0.8347098214285714 0.525 0.22142857142857142 0.12470238095238095
1 0.7343455460700936 0.4652246315192744 0.020521763392857145 0.021577380952380952
0 0.49832589285714285 0.6711309523809523 0.8785714285714286 0.13452380952380952
1 0.0645961431241362 0.6073589852607709 0.011049107142857144 0.021577380952380952
