0 0.16975446428571428 0.24918154761904762 0.22142857142857142 0.11264880952380953
1 0.06267091990985048 0.18095592403628116 0.007198660714285714 0.021577380952380952
0 0.16975446428571428 0.4159970238095238 0.22142857142857142 0.09419642857142857
1 0.0645961431241362 0.3230902777777778 0.011049107142857144 0.021577380952380952
0 0.16975446428571428 0.5863839285714286 0.22142857142857142 0.05758928571428571
1 0.0665213663384219 0.4652246315192744 0.014899553571428572 0.021577380952380952
0 0.39140625 0.3047619047619048 0.22142857142857142 0.09910714285714285
1 0.2944842439573125 0.18095592403628116 0.027483258928571428 0.021577380952380952
0 0.39140625 0.39546130952380953 0.22142857142857142 0.07455357142857143
1 0.2953840765465982 0.3230902777777778 0.029282924107142855 0.021577380952380952
0 0.39140625 0.5693452380952381 0.22142857142857142 0.052976190476190475
1 0.2946028265465982 0.4652246315192744 0.027720424107142858 0.021577380952380952
0 0.6130580357142857 0.3352678571428571 0.22142857142857142 0.20029761904761906
1 0.5126745211297744 0.18095592403628116 0.020521763392857145 0.021577380952380952
0 0.6130580357142857 0.526264880952381 0.22142857142857142 0.34717261904761904
1 0.5126745211297744 0.3230902777777778 0.020521763392857145 0.021577380952380952
0 0.6130580357142857 0.6158482142857142 0.22142857142857142 0.19032738095238094
1 0.5126884720226316 0.4652246315192744 0.02054966517857143 0.021577380952380952
0 0.8347098214285714 0.30699404761904764 0.22142857142857142 0.18779761904761905
1 0.7343525215165222 0.18095592403628116 0.020535714285714286 0.021577380952380952
0 0.8347098214285714 0.41123511904761906 0.22142857142857142 0.18526785714285715
1 0.7343455460700936 0.3230902777777778 0.020521763392857145 0.021577380952380952
0 0.8347098214285714 0.5601190476190476 0.22142857142857142 0.17589285714285716
1 0.7343455460700936 0.4652246315192744 0.020521763392857145 0.021577380952380952
0 0.49832589285714285 0.7029017857142857 0.8785714285714286 0.14479166666666668
1 0.0645961431241362 0.6073589852607709 0.011049107142857144 0.021577380952380952
