0 0.2806919642857143 0.22611607142857143 0.44285714285714284 0.07574404761904761
1 0.06297304751642037 0.1388420414462081 0.007198660714285714 0.021577380952380952
0 0.2806919642857143 0.3040178571428571 0.44285714285714284 0.09226190476190477
1 0.06489827073070609 0.24939098324514994 0.011049107142857144 0.021577380952380952
0 0.2806919642857143 0.4183779761904762 0.44285714285714284 0.08616071428571428
1 0.0668234939449918 0.35993992504409167 0.014899553571428572 0.021577380952380952
0 0.2806919642857143 0.5631696428571429 0.44285714285714284 0.07574404761904761
1 0.07311534662356323 0.47048886684303354 0.027483258928571428 0.021577380952380952
0 0.2806919642857143 0.6761904761904762 0.44285714285714284 0.06845238095238096
1 0.07401517921284895 0.5810378086419753 0.029282924107142855 0.021577380952380952
0 0.2806919642857143 0.7497767857142857 0.44285714285714284 0.08199404761904762
1 0.07323392921284894 0.6915867504409172 0.027720424107142858 0.021577380952380987
0 0.7237723214285714 0.1863095238095238 0.44285714285714284 0.1699404761904762
1 0.5126861414223348 0.1388420414462081 0.020521763392857145 0.021577380952380952
0 0.7237723214285714 0.30699404761904764 0.44285714285714284 0.10863095238095238
1 0.5126861414223348 0.24939098324514994 0.020521763392857145 0.021577380952380952
0 0.7237723214285714 0.4242559523809524 0.44285714285714284 0.09464285714285714
1 0.512700092315192 0.35993992504409167 0.02054966517857143 0.021577380952380952
0 0.7237723214285714 0.5198660714285714 0.44285714285714284 0.284375
1 0.5126931168687634 0.47048886684303354 0.020535714285714286 0.021577380952380952
0 0.7237723214285714 0.6264880952380952 0.44285714285714284 0.3092261904761905
1 0.5126861414223348 0.5810378086419753 0.020521763392857145 0.021577380952380952
0 0.7237723214285714 0.7514136904761904 0.44285714285714284 0.20074404761904763
1 0.5126861414223348 0.6915867504409172 0.020521763392857145 0.021577380952380987
