0 0.5022879464285714 0.1306547619047619 0.8856026785714286 0.06517857142857143
1 0.0631253166160081 0.07988260582010584 0.007198660714285714 0.021577380952380952
0 0.5022879464285714 0.1822172619047619 0.8856026785714286 0.0956845238095238
1 0.06505053983029382 0.1462119708994709 0.011049107142857144 0.021577380952380952
0 0.5022879464285714 0.24427083333333333 0.8856026785714286 0.096875
1 0.06697576304457953 0.21254133597883595 0.014899553571428572 0.021577380952380952
0 0.5022879464285714 0.3419642857142857 0.8856026785714286 0.06666666666666667
1 0.07326761572315096 0.27887070105820105 0.027483258928571428 0.021577380952380952
0 0.5022879464285714 0.409375 0.8856026785714286 0.06785714285714285
1 0.07416744831243667 0.3452000661375661 0.029282924107142855 0.021577380952380952
0 0.5022879464285714 0.44575892857142857 0.8856026785714286 0.09032738095238095
1 0.07338619831243667 0.41152943121693125 0.027720424107142858 0.021577380952380952
0 0.5022879464285714 0.5361607142857143 0.8856026785714286 0.06785714285714285
1 0.06978686795529382 0.4778587962962963 0.020521763392857145 0.021577380952380952
0 0.5022879464285714 0.6026041666666667 0.8856026785714286 0.09627976190476191
1 0.06978686795529382 0.5441881613756614 0.020521763392857145 0.021577380952380952
0 0.5022879464285714 0.6480654761904762 0.8856026785714286 0.10148809523809524
1 0.06980081884815097 0.6105175264550264 0.02054966517857143 0.021577380952380952
0 0.5022879464285714 0.6965029761904762 0.8856026785714286 0.11532738095238096
1 0.06979384340172239 0.6768468915343916 0.020535714285714286 0.021577380952380952
0 0.5022879464285714 0.7662202380952381 0.8856026785714286 0.10714285714285714
1 0.06978686795529382 0.7431762566137565 0.020521763392857145 0.021577380952380952
0 0.5022879464285714 0.8383184523809524 0.8856026785714286 0.09300595238095238
1 0.06978686795529382 0.8095056216931217 0.020521763392857145 0.021577380952380952
