0 0.16975446428571428 0.25186011904761907 0.22142857142857142 0.09122023809523809
1 0.06267091990985048 0.18095592403628116 0.007198660714285714 0.021577380952380952
0 0.16975446428571428 0.4078125 0.22142857142857142 0.06949404761904762
1 0.0645961431241362 0.3230902777777778 0.011049107142857144 0.021577380952380952
0 0.16975446428571428 0.5671875 0.22142857142857142 0.059375
1 0.0665213663384219 0.4652246315192744 0.014899553571428572 0.021577380952380952
0 0.39140625 0.3092261904761905 0.22142857142857142 0.07976190476190476
1 0.2944842439573125 0.18095592403628116 0.027483258928571428 0.021577380952380952
0 0.39140625 0.409375 0.22142857142857142 0.07261904761904762
1 0.2953840765465982 0.3230902777777778 0.029282924107142855 0.021577380952380952
0 0.39140625 0.5607886904761905 0.22142857142857142 0.04092261904761905
1 0.2946028265465982 0.4652246315192744 0.027720424107142858 0.021577380952380952
0 0.6130580357142857 0.3053571428571429 0.22142857142857142 0.07291666666666667
1 0.5126745211297744 0.18095592403628116 0.020521763392857145 0.021577380952380952
0 0.6130580357142857 0.44486607142857143 0.22142857142857142 0.10491071428571429
1 0.5126745211297744 0.3230902777777778 0.020521763392857145 0.021577380952380952
0 0.6130580357142857 0.5680803571428571 0.22142857142857142 0.0724702380952381
1 0.5126884720226316 0.4652246315192744 0.02054966517857143 0.021577380952380952
0 0.8347098214285714 0.2642113095238095 0.22142857142857142 0.0900297619047619
1 0.7343525215165222 0.18095592403628116 0.020535714285714286 0.021577380952380952
0 0.8347098214285714 0.39151785714285714 0.22142857142857142 0.09613095238095239
1 0.7343455460700936 0.3230902777777778 0.020521763392857145 0.021577380952380952
0 0.8347098214285714 0.541889880952381 0.22142857142857142 0.08616071428571428
1 0.7343455460700936 0.4652246315192744 0.020521763392857145 0.021577380952380952
0 0.49832589285714285 0.6895833333333333 0.8785714285714286 0.075
1 0.0645961431241362 0.6073589852607709 0.011049107142857144 0.021577380952380952
