0 0.5022879464285714 0.12462797619047619 0.8856026785714286 0.031994047619047616
1 0.0631253166160081 0.07988260582010584 0.007198660714285714 0.021577380952380952
0 0.5022879464285714 0.18511904761904763 0.8856026785714286 0.0556547619047619
1 0.06505053983029382 0.1462119708994709 0.011049107142857144 0.021577380952380952
0 0.5022879464285714 0.25877976190476193 0.8856026785714286 0.03898809523809524
1 0.06697576304457953 0.21254133597883595 0.014899553571428572 0.021577380952380952
0 0.5022879464285714 0.3423363095238095 0.8856026785714286 0.04181547619047619
1 0.07326761572315096 0.27887070105820105 0.027483258928571428 0.021577380952380952
0 0.5022879464285714 0.39561011904761906 0.8856026785714286 0.018898809523809523
1 0.07416744831243667 0.3452000661375661 0.029282924107142855 0.021577380952380952
0 0.5022879464285714 0.4543154761904762 0.8856026785714286 0.04702380952380952
1 0.07338619831243667 0.41152943121693125 0.027720424107142858 0.021577380952380952
0 0.5022879464285714 0.5469494047619048 0.8856026785714286 0.057291666666666664
1 0.06978686795529382 0.4778587962962963 0.020521763392857145 0.021577380952380952
0 0.5022879464285714 0.6227678571428571 0.8856026785714286 0.10833333333333334
1 0.06978686795529382 0.5441881613756614 0.020521763392857145 0.021577380952380952
0 0.5022879464285714 0.6538690476190476 0.8856026785714286 0.07857142857142857
1 0.06980081884815097 0.6105175264550264 0.02054966517857143 0.021577380952380952
0 0.5022879464285714 0.7151041666666667 0.8856026785714286 0.06681547619047619
1 0.06979384340172239 0.6768468915343916 0.020535714285714286 0.021577380952380952
0 0.5022879464285714 0.7794642857142857 0.8856026785714286 0.05744047619047619
1 0.06978686795529382 0.7431762566137565 0.020521763392857145 0.021577380952380952
0 0.5022879464285714 0.8470238095238095 0.8856026785714286 0.05119047619047619
1 0.06978686795529382 0.8095056216931217 0.020521763392857145 0.021577380952380952
