0 0.2806919642857143 0.21860119047619048 0.44285714285714284 0.052083333333333336
1 0.06297304751642037 0.1388420414462081 0.007198660714285714 0.021577380952380952
0 0.2806919642857143 0.2760416666666667 0.44285714285714284 0.17767857142857144
1 0.06489827073070609 0.24939098324514994 0.011049107142857144 0.021577380952380952
0 0.2806919642857143 0.38839285714285715 0.44285714285714284 0.16666666666666666
1 0.0668234939449918 0.35993992504409167 0.014899553571428572 0.021577380952380952
0 0.2806919642857143 0.5851190476190476 0.44285714285714284 0.10416666666666667
1 0.07311534662356323 0.47048886684303354 0.027483258928571428 0.021577380952380952
0 0.2806919642857143 0.6912946428571428 0.44285714285714284 0.084375
1 0.07401517921284895 0.5810378086419753 0.029282924107142855 0.021577380952380952
0 0.2806919642857143 0.7212053571428572 0.44285714285714284 0.16770833333333332
1 0.07323392921284894 0.6915867504409172 0.027720424107142858 0.021577380952380987
0 0.7237723214285714 0.23705357142857142 0.44285714285714284 0.10178571428571428
1 0.5126861414223348 0.1388420414462081 0.020521763392857145 0.021577380952380952
0 0.7237723214285714 0.37604166666666666 0.44285714285714284 0.2005952380952381
1 0.5126861414223348 0.24939098324514994 0.020521763392857145 0.021577380952380952
0 0.7237723214285714 0.39873511904761905 0.44285714285714284 0.20669642857142856
1 0.512700092315192 0.35993992504409167 0.02054966517857143 0.021577380952380952
0 0.7237723214285714 0.4976190476190476 0.44285714285714284 0.16964285714285715
1 0.5126931168687634 0.47048886684303354 0.020535714285714286 0.021577380952380952
0 0.7237723214285714 0.6072172619047619 0.44285714285714284 0.15282738095238096
1 0.5126861414223348 0.5810378086419753 0.020521763392857145 0.021577380952380952
0 0.7237723214285714 0.7334821428571429 0.44285714285714284 0.10982142857142857
1 0.5126861414223348 0.6915867504409172 0.020521763392857145 0.021577380952380987
