0 0.5022879464285714 0.12418154761904762 0.8856026785714286 0.03318452380952381
1 0.0631253166160081 0.07988260582010584 0.007198660714285714 0.021577380952380952
0 0.5022879464285714 0.1976190476190476 0.8856026785714286 0.02470238095238095
1 0.06505053983029382 0.1462119708994709 0.011049107142857144 0.021577380952380952
0 0.5022879464285714 0.2699404761904762 0.8856026785714286 0.023214285714285715
1 0.06697576304457953 0.21254133597883595 0.014899553571428572 0.021577380952380952
0 0.5022879464285714 0.33690476190476193 0.8856026785714286 0.027976190476190477
1 0.07326761572315096 0.27887070105820105 0.027483258928571428 0.021577380952380952
0 0.5022879464285714 0.39159226190476193 0.8856026785714286 0.027232142857142858
1 0.07416744831243667 0.3452000661375661 0.029282924107142855 0.021577380952380952
0 0.5022879464285714 0.46584821428571427 0.8856026785714286 0.015029761904761905
1 0.07338619831243667 0.41152943121693125 0.027720424107142858 0.021577380952380952
0 0.5022879464285714 0.5401785714285714 0.8856026785714286 0.0443452380952381
1 0.06978686795529382 0.4778587962962963 0.020521763392857145 0.021577380952380952
0 0.5022879464285714 0.6029017857142858 0.8856026785714286 0.04092261904761905
1 0.06978686795529382 0.5441881613756614 0.020521763392857145 0.021577380952380952
0 0.5022879464285714 0.6521577380952381 0.8856026785714286 0.051041666666666666
1 0.06980081884815097 0.6105175264550264 0.02054966517857143 0.021577380952380952
0 0.5022879464285714 0.717485119047619 0.8856026785714286 0.052529761904761905
1 0.06979384340172239 0.6768468915343916 0.020535714285714286 0.021577380952380952
0 0.5022879464285714 0.7876488095238096 0.8856026785714286 0.041666666666666664
1 0.06978686795529382 0.7431762566137565 0.020521763392857145 0.021577380952380952
0 0.5022879464285714 0.8534970238095239 0.8856026785714286 0.03675595238095238
1 0.06978686795529382 0.8095056216931217 0.020521763392857145 0.021577380952380952
