0 0.2806919642857143 0.22075892857142856 0.44285714285714284 0.02693452380952381
1 0.06297304751642037 0.1388420414462081 0.007198660714285714 0.021577380952380952
0 0.2806919642857143 0.3125744047619048 0.44285714285714284 0.06860119047619048
1 0.06489827073070609 0.24939098324514994 0.011049107142857144 0.021577380952380952
0 0.2806919642857143 0.4199404761904762 0.44285714285714284 0.06904761904761905
1 0.0668234939449918 0.35993992504409167 0.014899553571428572 0.021577380952380952
0 0.2806919642857143 0.5608630952380952 0.44285714285714284 0.03720238095238095
1 0.07311534662356323 0.47048886684303354 0.027483258928571428 0.021577380952380952
0 0.2806919642857143 0.674702380952381 0.44285714285714284 0.04196428571428571
1 0.07401517921284895 0.5810378086419753 0.029282924107142855 0.021577380952380952
0 0.2806919642857143 0.7535714285714286 0.44285714285714284 0.06785714285714285
1 0.07323392921284894 0.6915867504409172 0.027720424107142858 0.021577380952380987
0 0.7237723214285714 0.23683035714285713 0.44285714285714284 0.06651785714285714
1 0.5126861414223348 0.1388420414462081 0.020521763392857145 0.021577380952380952
0 0.7237723214285714 0.38444940476190476 0.44285714285714284 0.15550595238095238
1 0.5126861414223348 0.24939098324514994 0.020521763392857145 0.021577380952380952
0 0.7237723214285714 0.5193452380952381 0.44285714285714284 0.24136904761904762
1 0.512700092315192 0.35993992504409167 0.02054966517857143 0.021577380952380952
0 0.7237723214285714 0.5789434523809524 0.44285714285714284 0.11354166666666667
1 0.5126931168687634 0.47048886684303354 0.020535714285714286 0.021577380952380952
0 0.7237723214285714 0.5879464285714285 0.44285714285714284 0.2839285714285714
1 0.5126861414223348 0.5810378086419753 0.020521763392857145 0.021577380952380952
0 0.7237723214285714 0.771875 0.44285714285714284 0.0943452380952381
1 0.5126861414223348 0.6915867504409172 0.020521763392857145 0.021577380952380987
