0 0.5022879464285714 0.1193452380952381 0.8856026785714286 0.04970238095238095
1 0.0631253166160081 0.07988260582010584 0.007198660714285714 0.021577380952380952
0 0.5022879464285714 0.20305059523809524 0.8856026785714286 0.031101190476190477
1 0.06505053983029382 0.1462119708994709 0.011049107142857144 0.021577380952380952
0 0.5022879464285714 0.28563988095238096 0.8856026785714286 0.0662202380952381
1 0.06697576304457953 0.21254133597883595 0.014899553571428572 0.021577380952380952
0 0.5022879464285714 0.33630952380952384 0.8856026785714286 0.030952380952380953
1 0.07326761572315096 0.27887070105820105 0.027483258928571428 0.021577380952380952
0 0.5022879464285714 0.3808779761904762 0.8856026785714286 0.057291666666666664
1 0.07416744831243667 0.3452000661375661 0.029282924107142855 0.021577380952380952
0 0.5022879464285714 0.47708333333333336 0.8856026785714286 0.045535714285714284
1 0.07338619831243667 0.41152943121693125 0.027720424107142858 0.021577380952380952
0 0.5022879464285714 0.546875 0.8856026785714286 0.05773809523809524
1 0.06978686795529382 0.4778587962962963 0.020521763392857145 0.021577380952380952
0 0.5022879464285714 0.6220238095238095 0.8856026785714286 0.08095238095238096
1 0.06978686795529382 0.5441881613756614 0.020521763392857145 0.021577380952380952
0 0.5022879464285714 0.6953125 0.8856026785714286 0.09985119047619048
1 0.06980081884815097 0.6105175264550264 0.02054966517857143 0.021577380952380952
0 0.5022879464285714 0.7385416666666667 0.8856026785714286 0.14136904761904762
1 0.06979384340172239 0.6768468915343916 0.020535714285714286 0.021577380952380952
0 0.5022879464285714 0.764360119047619 0.8856026785714286 0.12038690476190476
1 0.06978686795529382 0.7431762566137565 0.020521763392857145 0.021577380952380952
0 0.5022879464285714 0.8380952380952381 0.8856026785714286 0.08392857142857142
1 0.06978686795529382 0.8095056216931217 0.020521763392857145 0.021577380952380952
