0 0.16975446428571428 0.2657738095238095 0.22142857142857142 0.06547619047619048
1 0.06267091990985048 0.18095592403628116 0.007198660714285714 0.021577380952380952
0 0.16975446428571428 0.39553571428571427 0.22142857142857142 0.1199404761904762
1 0.0645961431241362 0.3230902777777778 0.011049107142857144 0.021577380952380952
0 0.16975446428571428 0.5563988095238095 0.22142857142857142 0.059821428571428574
1 0.0665213663384219 0.4652246315192744 0.014899553571428572 0.021577380952380952
0 0.39140625 0.30870535714285713 0.22142857142857142 0.09270833333333334
1 0.2944842439573125 0.18095592403628116 0.027483258928571428 0.021577380952380952
0 0.39140625 0.4212797619047619 0.22142857142857142 0.01904761904761905
1 0.2953840765465982 0.3230902777777778 0.029282924107142855 0.021577380952380952
0 0.39140625 0.547172619047619 0.22142857142857142 0.08988095238095238
1 0.2946028265465982 0.4652246315192744 0.027720424107142858 0.021577380952380952
0 0.6130580357142857 0.31733630952380953 0.22142857142857142 0.13645833333333332
1 0.5126745211297744 0.18095592403628116 0.020521763392857145 0.021577380952380952
0 0.6130580357142857 0.43839285714285714 0.22142857142857142 0.16041666666666668
1 0.5126745211297744 0.3230902777777778 0.020521763392857145 0.021577380952380952
0 0.6130580357142857 0.5255208333333333 0.22142857142857142 0.17098214285714286
1 0.5126884720226316 0.4652246315192744 0.02054966517857143 0.021577380952380952
0 0.8347098214285714 0.2557291666666667 0.22142857142857142 0.15104166666666666
1 0.7343525215165222 0.18095592403628116 0.020535714285714286 0.021577380952380952
0 0.8347098214285714 0.3860119047619048 0.22142857142857142 0.1380952380952381
1 0.7343455460700936 0.3230902777777778 0.020521763392857145 0.021577380952380952
0 0.8347098214285714 0.5358630952380953 0.22142857142857142 0.12321428571428572
1 0.7343455460700936 0.4652246315192744 0.020521763392857145 0.021577380952380952
0 0.49832589285714285 0.6779761904761905 0.8785714285714286 0.12916666666666668
1 0.0645961431241362 0.6073589852607709 0.011049107142857144 0.021577380952380952
