0 0.2806919642857143 0.20453869047619047 0.44285714285714284 0.07782738095238095
1 0.06297304751642037 0.1388420414462081 0.007198660714285714 0.021577380952380952
0 0.2806919642857143 0.2858630952380952 0.44285714285714284 0.13273809523809524
1 0.06489827073070609 0.24939098324514994 0.011049107142857144 0.021577380952380952
0 0.2806919642857143 0.40870535714285716 0.44285714285714284 0.10193452380952381
1 0.0668234939449918 0.35993992504409167 0.014899553571428572 0.021577380952380952
0 0.2806919642857143 0.5873511904761904 0.44285714285714284 0.09523809523809523
1 0.07311534662356323 0.47048886684303354 0.027483258928571428 0.021577380952380952
0 0.2806919642857143 0.6772321428571428 0.44285714285714284 0.051488095238095236
1 0.07401517921284895 0.5810378086419753 0.029282924107142855 0.021577380952380952
0 0.2806919642857143 0.735639880952381 0.44285714285714284 0.1144345238095238
1 0.07323392921284894 0.6915867504409172 0.027720424107142858 0.021577380952380987
0 0.7237723214285714 0.2372767857142857 0.44285714285714284 0.07574404761904761
1 0.5126861414223348 0.1388420414462081 0.020521763392857145 0.021577380952380952
0 0.7237723214285714 0.3516369047619048 0.44285714285714284 0.14732142857142858
1 0.5126861414223348 0.24939098324514994 0.020521763392857145 0.021577380952380952
0 0.7237723214285714 0.4396577380952381 0.44285714285714284 0.16354166666666667
1 0.512700092315192 0.35993992504409167 0.02054966517857143 0.021577380952380952
0 0.7237723214285714 0.47693452380952384 0.44285714285714284 0.24791666666666667
1 0.5126931168687634 0.47048886684303354 0.020535714285714286 0.021577380952380952
0 0.7237723214285714 0.5648809523809524 0.44285714285714284 0.25416666666666665
1 0.5126861414223348 0.5810378086419753 0.020521763392857145 0.021577380952380952
0 0.7237723214285714 0.6892113095238095 0.44285714285714284 0.2206845238095238
1 0.5126861414223348 0.6915867504409172 0.020521763392857145 0.021577380952380987
