0 0.16975446428571428 0.24248511904761905 0.22142857142857142 0.12336309523809524
1 0.06267091990985048 0.18095592403628116 0.007198660714285714 0.021577380952380952
0 0.16975446428571428 0.39694940476190477 0.22142857142857142 0.103125
1 0.0645961431241362 0.3230902777777778 0.011049107142857144 0.021577380952380952
0 0.16975446428571428 0.5777529761904762 0.22142857142857142 0.04538690476190476
1 0.0665213663384219 0.4652246315192744 0.014899553571428572 0.021577380952380952
0 0.39140625 0.32120535714285714 0.22142857142857142 0.1099702380952381
1 0.2944842439573125 0.18095592403628116 0.027483258928571428 0.021577380952380952
0 0.39140625 0.40200892857142856 0.22142857142857142 0.08080357142857143
1 0.2953840765465982 0.3230902777777778 0.029282924107142855 0.021577380952380952
0 0.39140625 0.5615327380952381 0.22142857142857142 0.046875
1 0.2946028265465982 0.4652246315192744 0.027720424107142858 0.021577380952380952
0 0.6130580357142857 0.31651785714285713 0.22142857142857142 0.12589285714285714
1 0.5126745211297744 0.18095592403628116 0.020521763392857145 0.021577380952380952
0 0.6130580357142857 0.43504464285714284 0.22142857142857142 0.10669642857142857
1 0.5126745211297744 0.3230902777777778 0.020521763392857145 0.021577380952380952
0 0.6130580357142857 0.5460565476190476 0.22142857142857142 0.23229166666666667
1 0.5126884720226316 0.4652246315192744 0.02054966517857143 0.021577380952380952
0 0.8347098214285714 0.20691964285714284 0.22142857142857142 0.2650297619047619
1 0.7343525215165222 0.18095592403628116 0.020535714285714286 0.021577380952380952
0 0.8347098214285714 0.33816964285714285 0.22142857142857142 0.2501488095238095
1 0.7343455460700936 0.3230902777777778 0.020521763392857145 0.021577380952380952
0 0.8347098214285714 0.4976190476190476 0.22142857142857142 0.19017857142857142
1 0.7343455460700936 0.4652246315192744 0.020521763392857145 0.021577380952380952
0 0.49832589285714285 0.6811011904761904 0.8785714285714286 0.10476190476190476
1 0.0645961431241362 0.6073589852607709 0.011049107142857144 0.021577380952380952
