0 0.2806919642857143 0.19010416666666666 0.44285714285714284 0.090625
1 0.06297304751642037 0.1388420414462081 0.007198660714285714 0.021577380952380952
0 0.2806919642857143 0.34278273809523807 0.44285714285714284 0.046875
1 0.06489827073070609 0.24939098324514994 0.011049107142857144 0.021577380952380952
0 0.2806919642857143 0.47619047619047616 0.44285714285714284 0.10595238095238095
1 0.0668234939449918 0.35993992504409167 0.014899553571428572 0.021577380952380952
0 0.2806919642857143 0.5603422619047619 0.44285714285714284 0.05580357142857143
1 0.07311534662356323 0.47048886684303354 0.027483258928571428 0.021577380952380952
0 0.2806919642857143 0.6304315476190476 0.44285714285714284 0.09508928571428571
1 0.07401517921284895 0.5810378086419753 0.029282924107142855 0.021577380952380952
0 0.2806919642857143 0.7923363095238095 0.44285714285714284 0.0662202380952381
1 0.07323392921284894 0.6915867504409172 0.027720424107142858 0.021577380952380987
0 0.7237723214285714 0.22388392857142858 0.44285714285714284 0.03616071428571429
1 0.5126861414223348 0.1388420414462081 0.020521763392857145 0.021577380952380952
0 0.7237723214285714 0.32514880952380953 0.44285714285714284 0.11220238095238096
1 0.5126861414223348 0.24939098324514994 0.020521763392857145 0.021577380952380952
0 0.7237723214285714 0.4450892857142857 0.44285714285714284 0.1324404761904762
1 0.512700092315192 0.35993992504409167 0.02054966517857143 0.021577380952380952
0 0.7237723214285714 0.5322916666666667 0.44285714285714284 0.15922619047619047
1 0.5126931168687634 0.47048886684303354 0.020535714285714286 0.021577380952380952
0 0.7237723214285714 0.6327380952380952 0.44285714285714284 0.21011904761904762
1 0.5126861414223348 0.5810378086419753 0.020521763392857145 0.021577380952380952
0 0.7237723214285714 0.7496279761904762 0.44285714285714284 0.12544642857142857
1 0.5126861414223348 0.6915867504409172 0.020521763392857145 0.021577380952380987
