0 0.5022879464285714 0.12202380952380952 0.8856026785714286 0.04196428571428571
1 0.0631253166160081 0.07988260582010584 0.007198660714285714 0.021577380952380952
0 0.5022879464285714 0.18139880952380952 0.8856026785714286 0.05327380952380952
1 0.06505053983029382 0.1462119708994709 0.011049107142857144 0.021577380952380952
0 0.5022879464285714 0.2592261904761905 0.8856026785714286 0.03601190476190476
1 0.06697576304457953 0.21254133597883595 0.014899553571428572 0.021577380952380952
0 0.5022879464285714 0.3461309523809524 0.8856026785714286 0.045535714285714284
1 0.07326761572315096 0.27887070105820105 0.027483258928571428 0.021577380952380952
0 0.5022879464285714 0.3965029761904762 0.8856026785714286 0.02663690476190476
1 0.07416744831243667 0.3452000661375661 0.029282924107142855 0.021577380952380952
0 0.5022879464285714 0.4515625 0.8856026785714286 0.042708333333333334
1 0.07338619831243667 0.41152943121693125 0.027720424107142858 0.021577380952380952
0 0.5022879464285714 0.5475446428571429 0.8856026785714286 0.05699404761904762
1 0.06978686795529382 0.4778587962962963 0.020521763392857145 0.021577380952380952
0 0.5022879464285714 0.6130208333333333 0.8856026785714286 0.06770833333333333
1 0.06978686795529382 0.5441881613756614 0.020521763392857145 0.021577380952380952
0 0.5022879464285714 0.653125 0.8856026785714286 0.10446428571428572
1 0.06980081884815097 0.6105175264550264 0.02054966517857143 0.021577380952380952
0 0.5022879464285714 0.7105654761904762 0.8856026785714286 0.09196428571428572
1 0.06979384340172239 0.6768468915343916 0.020535714285714286 0.021577380952380952
0 0.5022879464285714 0.7744791666666667 0.8856026785714286 0.06949404761904762
1 0.06978686795529382 0.7431762566137565 0.020521763392857145 0.021577380952380952
0 0.5022879464285714 0.8431547619047619 0.8856026785714286 0.06011904761904762
1 0.06978686795529382 0.8095056216931217 0.020521763392857145 0.021577380952380952
