0 0.16975446428571428 0.2527529761904762 0.22142857142857142 0.096875
1 0.06267091990985048 0.18095592403628116 0.007198660714285714 0.021577380952380952
0 0.16975446428571428 0.4133928571428571 0.22142857142857142 0.06488095238095239
1 0.0645961431241362 0.3230902777777778 0.011049107142857144 0.021577380952380952
0 0.16975446428571428 0.5818452380952381 0.22142857142857142 0.05
1 0.0665213663384219 0.4652246315192744 0.014899553571428572 0.021577380952380952
0 0.39140625 0.3073660714285714 0.22142857142857142 0.0787202380952381
1 0.2944842439573125 0.18095592403628116 0.027483258928571428 0.021577380952380952
0 0.39140625 0.40438988095238093 0.22142857142857142 0.0724702380952381
1 0.2953840765465982 0.3230902777777778 0.029282924107142855 0.021577380952380952
0 0.39140625 0.5719494047619048 0.22142857142857142 0.022767857142857142
1 0.2946028265465982 0.4652246315192744 0.027720424107142858 0.021577380952380952
0 0.6130580357142857 0.31004464285714284 0.22142857142857142 0.1293154761904762
1 0.5126745211297744 0.18095592403628116 0.020521763392857145 0.021577380952380952
0 0.6130580357142857 0.4763392857142857 0.22142857142857142 0.26875
1 0.5126745211297744 0.3230902777777778 0.020521763392857145 0.021577380952380952
0 0.6130580357142857 0.5947916666666667 0.22142857142857142 0.2294642857142857
1 0.5126884720226316 0.4652246315192744 0.02054966517857143 0.021577380952380952
0 0.8347098214285714 0.29575892857142855 0.22142857142857142 0.20461309523809523
1 0.7343525215165222 0.18095592403628116 0.020535714285714286 0.021577380952380952
0 0.8347098214285714 0.41510416666666666 0.22142857142857142 0.18645833333333334
1 0.7343455460700936 0.3230902777777778 0.020521763392857145 0.021577380952380952
0 0.8347098214285714 0.5263392857142857 0.22142857142857142 0.15654761904761905
1 0.7343455460700936 0.4652246315192744 0.020521763392857145 0.021577380952380952
0 0.49832589285714285 0.696577380952381 0.8785714285714286 0.06726190476190476
1 0.0645961431241362 0.6073589852607709 0.011049107142857144 0.021577380952380952
