0 0.16975446428571428 0.272172619047619 0.22142857142857142 0.11577380952380953
1 0.06267091990985048 0.18095592403628116 0.007198660714285714 0.021577380952380952
0 0.16975446428571428 0.39486607142857144 0.22142857142857142 0.11860119047619047
1 0.0645961431241362 0.3230902777777778 0.011049107142857144 0.021577380952380952
0 0.16975446428571428 0.5450892857142857 0.22142857142857142 0.0630952380952381
1 0.0665213663384219 0.4652246315192744 0.014899553571428572 0.021577380952380952
0 0.39140625 0.30944940476190474 0.22142857142857142 0.1099702380952381
1 0.2944842439573125 0.18095592403628116 0.027483258928571428 0.021577380952380952
0 0.39140625 0.4330357142857143 0.22142857142857142 0.06666666666666667
1 0.2953840765465982 0.3230902777777778 0.029282924107142855 0.021577380952380952
0 0.39140625 0.5450892857142857 0.22142857142857142 0.07827380952380952
1 0.2946028265465982 0.4652246315192744 0.027720424107142858 0.021577380952380952
0 0.6130580357142857 0.30639880952380955 0.22142857142857142 0.07767857142857143
1 0.5126745211297744 0.18095592403628116 0.020521763392857145 0.021577380952380952
0 0.6130580357142857 0.4581845238095238 0.22142857142857142 0.19613095238095238
1 0.5126745211297744 0.3230902777777778 0.020521763392857145 0.021577380952380952
0 0.6130580357142857 0.5482142857142858 0.22142857142857142 0.15714285714285714
1 0.5126884720226316 0.4652246315192744 0.02054966517857143 0.021577380952380952
0 0.8347098214285714 0.27589285714285716 0.22142857142857142 0.17142857142857143
1 0.7343525215165222 0.18095592403628116 0.020535714285714286 0.021577380952380952
0 0.8347098214285714 0.399702380952381 0.22142857142857142 0.1261904761904762
1 0.7343455460700936 0.3230902777777778 0.020521763392857145 0.021577380952380952
0 0.8347098214285714 0.5391369047619048 0.22142857142857142 0.10892857142857143
1 0.7343455460700936 0.4652246315192744 0.020521763392857145 0.021577380952380952
0 0.49832589285714285 0.6764880952380953 0.8785714285714286 0.12410714285714286
1 0.0645961431241362 0.6073589852607709 0.011049107142857144 0.021577380952380952
