0 0.2806919642857143 0.21540178571428573 0.44285714285714284 0.12395833333333334
1 0.06297304751642037 0.1388420414462081 0.007198660714285714 0.021577380952380952
0 0.2806919642857143 0.32455357142857144 0.44285714285714284 0.06011904761904762
1 0.06489827073070609 0.24939098324514994 0.011049107142857144 0.021577380952380952
0 0.2806919642857143 0.4380952380952381 0.44285714285714284 0.08392857142857142
1 0.0668234939449918 0.35993992504409167 0.014899553571428572 0.021577380952380952
0 0.2806919642857143 0.5580357142857143 0.44285714285714284 0.08839285714285715
1 0.07311534662356323 0.47048886684303354 0.027483258928571428 0.021577380952380952
0 0.2806919642857143 0.6602678571428572 0.44285714285714284 0.0994047619047619
1 0.07401517921284895 0.5810378086419753 0.029282924107142855 0.021577380952380952
0 0.2806919642857143 0.7712797619047619 0.44285714285714284 0.05089285714285714
1 0.07323392921284894 0.6915867504409172 0.027720424107142858 0.021577380952380987
0 0.7237723214285714 0.2076636904761905 0.44285714285714284 0.07485119047619047
1 0.5126861414223348 0.1388420414462081 0.020521763392857145 0.021577380952380952
0 0.7237723214285714 0.3181547619047619 0.44285714285714284 0.1130952380952381
1 0.5126861414223348 0.24939098324514994 0.020521763392857145 0.021577380952380952
0 0.7237723214285714 0.3970238095238095 0.44285714285714284 0.22321428571428573
1 0.512700092315192 0.35993992504409167 0.02054966517857143 0.021577380952380952
0 0.7237723214285714 0.5146577380952381 0.44285714285714284 0.17723214285714287
1 0.5126931168687634 0.47048886684303354 0.020535714285714286 0.021577380952380952
0 0.7237723214285714 0.6352678571428572 0.44285714285714284 0.13333333333333333
1 0.5126861414223348 0.5810378086419753 0.020521763392857145 0.021577380952380952
0 0.7237723214285714 0.7566964285714286 0.44285714285714284 0.11428571428571428
1 0.5126861414223348 0.6915867504409172 0.020521763392857145 0.021577380952380987
