0 0.5022879464285714 0.12217261904761904 0.8856026785714286 0.037797619047619045
1 0.0631253166160081 0.07988260582010584 0.007198660714285714 0.021577380952380952
0 0.5022879464285714 0.18950892857142856 0.8856026785714286 0.0400297619047619
1 0.06505053983029382 0.1462119708994709 0.011049107142857144 0.021577380952380952
0 0.5022879464285714 0.2677083333333333 0.8856026785714286 0.024404761904761905
1 0.06697576304457953 0.21254133597883595 0.014899553571428572 0.021577380952380952
0 0.5022879464285714 0.3419642857142857 0.8856026785714286 0.035416666666666666
1 0.07326761572315096 0.27887070105820105 0.027483258928571428 0.021577380952380952
0 0.5022879464285714 0.39345238095238094 0.8856026785714286 0.025297619047619048
1 0.07416744831243667 0.3452000661375661 0.029282924107142855 0.021577380952380952
0 0.5022879464285714 0.4617559523809524 0.8856026785714286 0.030357142857142857
1 0.07338619831243667 0.41152943121693125 0.027720424107142858 0.021577380952380952
0 0.5022879464285714 0.5369047619047619 0.8856026785714286 0.038392857142857145
1 0.06978686795529382 0.4778587962962963 0.020521763392857145 0.021577380952380952
0 0.5022879464285714 0.593452380952381 0.8856026785714286 0.08244047619047619
1 0.06978686795529382 0.5441881613756614 0.020521763392857145 0.021577380952380952
0 0.5022879464285714 0.6595238095238095 0.8856026785714286 0.09345238095238095
1 0.06980081884815097 0.6105175264550264 0.02054966517857143 0.021577380952380952
0 0.5022879464285714 0.7171130952380952 0.8856026785714286 0.08928571428571429
1 0.06979384340172239 0.6768468915343916 0.020535714285714286 0.021577380952380952
0 0.5022879464285714 0.778720238095238 0.8856026785714286 0.07529761904761904
1 0.06978686795529382 0.7431762566137565 0.020521763392857145 0.021577380952380952
0 0.5022879464285714 0.8453125 0.8856026785714286 0.060267857142857144
1 0.06978686795529382 0.8095056216931217 0.020521763392857145 0.021577380952380952
