0 0.16975446428571428 0.22901785714285713 0.22142857142857142 0.15327380952380953
1 0.06267091990985048 0.18095592403628116 0.007198660714285714 0.021577380952380952
0 0.16975446428571428 0.4095238095238095 0.22142857142857142 0.09226190476190477
1 0.0645961431241362 0.3230902777777778 0.011049107142857144 0.021577380952380952
0 0.16975446428571428 0.6057291666666667 0.22142857142857142 0.09955357142857142
1 0.0665213663384219 0.4652246315192744 0.014899553571428572 0.021577380952380952
0 0.39140625 0.321577380952381 0.22142857142857142 0.11964285714285715
1 0.2944842439573125 0.18095592403628116 0.027483258928571428 0.021577380952380952
0 0.39140625 0.3810267857142857 0.22142857142857142 0.1212797619047619
1 0.2953840765465982 0.3230902777777778 0.029282924107142855 0.021577380952380952
0 0.39140625 0.5837053571428571 0.22142857142857142 0.05223214285714286
1 0.2946028265465982 0.4652246315192744 0.027720424107142858 0.021577380952380952
0 0.6130580357142857 0.31875 0.22142857142857142 0.12232142857142857
1 0.5126745211297744 0.18095592403628116 0.020521763392857145 0.021577380952380952
0 0.6130580357142857 0.4421875 0.22142857142857142 0.096875
1 0.5126745211297744 0.3230902777777778 0.020521763392857145 0.021577380952380952
0 0.6130580357142857 0.5804315476190476 0.22142857142857142 0.07098214285714285
1 0.5126884720226316 0.4652246315192744 0.02054966517857143 0.021577380952380952
0 0.8347098214285714 0.2760416666666667 0.22142857142857142 0.08363095238095238
1 0.7343525215165222 0.18095592403628116 0.020535714285714286 0.021577380952380952
0 0.8347098214285714 0.4119047619047619 0.22142857142857142 0.09226190476190477
1 0.7343455460700936 0.3230902777777778 0.020521763392857145 0.021577380952380952
0 0.8347098214285714 0.5604166666666667 0.22142857142857142 0.10595238095238095
1 0.7343455460700936 0.4652246315192744 0.020521763392857145 0.021577380952380952
0 0.49832589285714285 0.6891369047619048 0.8785714285714286 0.10148809523809524
1 0.0645961431241362 0.6073589852607709 0.011049107142857144 0.021577380952380952
