0 0.16975446428571428 0.2616815476190476 0.22142857142857142 0.08854166666666667
1 0.06267091990985048 0.18095592403628116 0.007198660714285714 0.021577380952380952
0 0.16975446428571428 0.384077380952381 0.22142857142857142 0.13095238095238096
1 0.0645961431241362 0.3230902777777778 0.011049107142857144 0.021577380952380952
0 0.16975446428571428 0.552157738095238 0.22142857142857142 0.054017857142857145
1 0.0665213663384219 0.4652246315192744 0.014899553571428572 0.021577380952380952
0 0.39140625 0.31666666666666665 0.22142857142857142 0.10952380952380952
1 0.2944842439573125 0.18095592403628116 0.027483258928571428 0.021577380952380952
0 0.39140625 0.42938988095238095 0.22142857142857142 0.03854166666666667
1 0.2953840765465982 0.3230902777777778 0.029282924107142855 0.021577380952380952
0 0.39140625 0.5386904761904762 0.22142857142857142 0.09136904761904761
1 0.2946028265465982 0.4652246315192744 0.027720424107142858 0.021577380952380952
0 0.6130580357142857 0.3156994047619048 0.22142857142857142 0.09985119047619048
1 0.5126745211297744 0.18095592403628116 0.020521763392857145 0.021577380952380952
0 0.6130580357142857 0.4543154761904762 0.22142857142857142 0.1669642857142857
1 0.5126745211297744 0.3230902777777778 0.020521763392857145 0.021577380952380952
0 0.6130580357142857 0.5291666666666667 0.22142857142857142 0.13958333333333334
1 0.5126884720226316 0.4652246315192744 0.02054966517857143 0.021577380952380952
0 0.8347098214285714 0.22953869047619047 0.22142857142857142 0.15401785714285715
1 0.7343525215165222 0.18095592403628116 0.020535714285714286 0.021577380952380952
0 0.8347098214285714 0.3783482142857143 0.22142857142857142 0.14717261904761905
1 0.7343455460700936 0.3230902777777778 0.020521763392857145 0.021577380952380952
0 0.8347098214285714 0.5252232142857143 0.22142857142857142 0.12723214285714285
1 0.7343455460700936 0.4652246315192744 0.020521763392857145 0.021577380952380952
0 0.49832589285714285 0.6753720238095238 0.8785714285714286 0.15014880952380952
1 0.0645961431241362 0.6073589852607709 0.011049107142857144 0.021577380952380952
