0 0.5022879464285714 0.12566964285714285 0.8856026785714286 0.03139880952380952
1 0.0631253166160081 0.07988260582010584 0.007198660714285714 0.021577380952380952
0 0.5022879464285714 0.1802827380952381 0.8856026785714286 0.0712797619047619
1 0.06505053983029382 0.1462119708994709 0.011049107142857144 0.021577380952380952
0 0.5022879464285714 0.2519345238095238 0.8856026785714286 0.05625
1 0.06697576304457953 0.21254133597883595 0.014899553571428572 0.021577380952380952
0 0.5022879464285714 0.34404761904761905 0.8856026785714286 0.04642857142857143
1 0.07326761572315096 0.27887070105820105 0.027483258928571428 0.021577380952380952
0 0.5022879464285714 0.40476190476190477 0.8856026785714286 0.02857142857142857
1 0.07416744831243667 0.3452000661375661 0.029282924107142855 0.021577380952380952
0 0.5022879464285714 0.44828869047619047 0.8856026785714286 0.06383928571428571
1 0.07338619831243667 0.41152943121693125 0.027720424107142858 0.021577380952380952
0 0.5022879464285714 0.5245535714285714 0.8856026785714286 0.10505952380952381
1 0.06978686795529382 0.4778587962962963 0.020521763392857145 0.021577380952380952
0 0.5022879464285714 0.6142113095238095 0.8856026785714286 0.09032738095238095
1 0.06978686795529382 0.5441881613756614 0.020521763392857145 0.021577380952380952
0 0.5022879464285714 0.6694196428571428 0.8856026785714286 0.10788690476190477
1 0.06980081884815097 0.6105175264550264 0.02054966517857143 0.021577380952380952
0 0.5022879464285714 0.7061755952380953 0.8856026785714286 0.0956845238095238
1 0.06979384340172239 0.6768468915343916 0.020535714285714286 0.021577380952380952
0 0.5022879464285714 0.7723958333333333 0.8856026785714286 0.09598214285714286
1 0.06978686795529382 0.7431762566137565 0.020521763392857145 0.021577380952380952
0 0.5022879464285714 0.8386160714285714 0.8856026785714286 0.07425595238095238
1 0.06978686795529382 0.8095056216931217 0.020521763392857145 0.021577380952380952
