0 0.16975446428571428 0.23452380952380952 0.22142857142857142 0.14166666666666666
1 0.06267091990985048 0.18095592403628116 0.007198660714285714 0.021577380952380952
0 0.16975446428571428 0.3830357142857143 0.22142857142857142 0.11220238095238096
1 0.0645961431241362 0.3230902777777778 0.011049107142857144 0.021577380952380952
0 0.16975446428571428 0.5769345238095238 0.22142857142857142 0.10327380952380952
1 0.0665213663384219 0.4652246315192744 0.014899553571428572 0.021577380952380952
0 0.39140625 0.32901785714285714 0.22142857142857142 0.11636904761904762
1 0.2944842439573125 0.18095592403628116 0.027483258928571428 0.021577380952380952
0 0.39140625 0.39747023809523807 0.22142857142857142 0.12023809523809524
1 0.2953840765465982 0.3230902777777778 0.029282924107142855 0.021577380952380952
0 0.39140625 0.549404761904762 0.22142857142857142 0.05625
1 0.2946028265465982 0.4652246315192744 0.027720424107142858 0.021577380952380952
0 0.6130580357142857 0.3316220238095238 0.22142857142857142 0.1575892857142857
1 0.5126745211297744 0.18095592403628116 0.020521763392857145 0.021577380952380952
0 0.6130580357142857 0.42745535714285715 0.22142857142857142 0.07633928571428572
1 0.5126745211297744 0.3230902777777778 0.020521763392857145 0.021577380952380952
0 0.6130580357142857 0.5446428571428571 0.22142857142857142 0.09464285714285714
1 0.5126884720226316 0.4652246315192744 0.02054966517857143 0.021577380952380952
0 0.8347098214285714 0.24308035714285714 0.22142857142857142 0.11532738095238096
1 0.7343525215165222 0.18095592403628116 0.020535714285714286 0.021577380952380952
0 0.8347098214285714 0.37924107142857144 0.22142857142857142 0.1212797619047619
1 0.7343455460700936 0.3230902777777778 0.020521763392857145 0.021577380952380952
0 0.8347098214285714 0.5190476190476191 0.22142857142857142 0.11607142857142858
1 0.7343455460700936 0.4652246315192744 0.020521763392857145 0.021577380952380952
0 0.49832589285714285 0.6738839285714285 0.8785714285714286 0.12544642857142857
1 0.0645961431241362 0.6073589852607709 0.011049107142857144 0.021577380952380952
