0 0.2806919642857143 0.20305059523809524 0.44285714285714284 0.05967261904761905
1 0.06297304751642037 0.1388420414462081 0.007198660714285714 0.021577380952380952
0 0.2806919642857143 0.311235119047619 0.44285714285714284 0.0724702380952381
1 0.06489827073070609 0.24939098324514994 0.011049107142857144 0.021577380952380952
0 0.2806919642857143 0.43258928571428573 0.44285714285714284 0.04196428571428571
1 0.0668234939449918 0.35993992504409167 0.014899553571428572 0.021577380952380952
0 0.2806919642857143 0.5725446428571429 0.44285714285714284 0.06294642857142857
1 0.07311534662356323 0.47048886684303354 0.027483258928571428 0.021577380952380952
0 0.2806919642857143 0.6605654761904762 0.44285714285714284 0.04583333333333333
1 0.07401517921284895 0.5810378086419753 0.029282924107142855 0.021577380952380952
0 0.2806919642857143 0.7626488095238095 0.44285714285714284 0.0494047619047619
1 0.07323392921284894 0.6915867504409172 0.027720424107142858 0.021577380952380987
0 0.7237723214285714 0.23526785714285714 0.44285714285714284 0.0693452380952381
1 0.5126861414223348 0.1388420414462081 0.020521763392857145 0.021577380952380952
0 0.7237723214285714 0.34605654761904764 0.44285714285714284 0.07961309523809523
1 0.5126861414223348 0.24939098324514994 0.020521763392857145 0.021577380952380952
0 0.7237723214285714 0.3931547619047619 0.44285714285714284 0.2175595238095238
1 0.512700092315192 0.35993992504409167 0.02054966517857143 0.021577380952380952
0 0.7237723214285714 0.4991815476190476 0.44285714285714284 0.1787202380952381
1 0.5126931168687634 0.47048886684303354 0.020535714285714286 0.021577380952380952
0 0.7237723214285714 0.6212797619047619 0.44285714285714284 0.12083333333333333
1 0.5126861414223348 0.5810378086419753 0.020521763392857145 0.021577380952380952
0 0.7237723214285714 0.7427083333333333 0.44285714285714284 0.09107142857142857
1 0.5126861414223348 0.6915867504409172 0.020521763392857145 0.021577380952380987
