0 0.16975446428571428 0.2786458333333333 0.22142857142857142 0.05550595238095238
1 0.06267091990985048 0.18095592403628116 0.007198660714285714 0.021577380952380952
0 0.16975446428571428 0.4122767857142857 0.22142857142857142 0.07961309523809523
1 0.0645961431241362 0.3230902777777778 0.011049107142857144 0.021577380952380952
0 0.16975446428571428 0.5594494047619047 0.22142857142857142 0.08139880952380953
1 0.0665213663384219 0.4652246315192744 0.014899553571428572 0.021577380952380952
0 0.39140625 0.2942708333333333 0.22142857142857142 0.0537202380952381
1 0.2944842439573125 0.18095592403628116 0.027483258928571428 0.021577380952380952
0 0.39140625 0.4303571428571429 0.22142857142857142 0.04791666666666667
1 0.2953840765465982 0.3230902777777778 0.029282924107142855 0.021577380952380952
0 0.39140625 0.5583333333333333 0.22142857142857142 0.07767857142857143
1 0.2946028265465982 0.4652246315192744 0.027720424107142858 0.021577380952380952
0 0.6130580357142857 0.3119047619047619 0.22142857142857142 0.09523809523809523
1 0.5126745211297744 0.18095592403628116 0.020521763392857145 0.021577380952380952
0 0.6130580357142857 0.49330357142857145 0.22142857142857142 0.2220238095238095
1 0.5126745211297744 0.3230902777777778 0.020521763392857145 0.021577380952380952
0 0.6130580357142857 0.5927083333333333 0.22142857142857142 0.1880952380952381
1 0.5126884720226316 0.4652246315192744 0.02054966517857143 0.021577380952380952
0 0.8347098214285714 0.2780505952380952 0.22142857142857142 0.11056547619047619
1 0.7343525215165222 0.18095592403628116 0.020535714285714286 0.021577380952380952
0 0.8347098214285714 0.40930059523809526 0.22142857142857142 0.1025297619047619
1 0.7343455460700936 0.3230902777777778 0.020521763392857145 0.021577380952380952
0 0.8347098214285714 0.5453869047619048 0.22142857142857142 0.08422619047619048
1 0.7343455460700936 0.4652246315192744 0.020521763392857145 0.021577380952380952
0 0.49832589285714285 0.6909226190476191 0.8785714285714286 0.09732142857142857
1 0.0645961431241362 0.6073589852607709 0.011049107142857144 0.021577380952380952
