0 0.2806919642857143 0.21636904761904763 0.44285714285714284 0.05
1 0.06297304751642037 0.1388420414462081 0.007198660714285714 0.021577380952380952
0 0.2806919642857143 0.2805059523809524 0.44285714285714284 0.1556547619047619
1 0.06489827073070609 0.24939098324514994 0.011049107142857144 0.021577380952380952
0 0.2806919642857143 0.3938244047619048 0.44285714285714284 0.12247023809523809
1 0.0668234939449918 0.35993992504409167 0.014899553571428572 0.021577380952380952
0 0.2806919642857143 0.5795386904761904 0.44285714285714284 0.09657738095238096
1 0.07311534662356323 0.47048886684303354 0.027483258928571428 0.021577380952380952
0 0.2806919642857143 0.6819940476190476 0.44285714285714284 0.056845238095238095
1 0.07401517921284895 0.5810378086419753 0.029282924107142855 0.021577380952380952
0 0.2806919642857143 0.7241815476190476 0.44285714285714284 0.13913690476190477
1 0.07323392921284894 0.6915867504409172 0.027720424107142858 0.021577380952380987
0 0.7237723214285714 0.2450892857142857 0.44285714285714284 0.07321428571428572
1 0.5126861414223348 0.1388420414462081 0.020521763392857145 0.021577380952380952
0 0.7237723214285714 0.3787202380952381 0.44285714285714284 0.18511904761904763
1 0.5126861414223348 0.24939098324514994 0.020521763392857145 0.021577380952380952
0 0.7237723214285714 0.4406994047619048 0.44285714285714284 0.06919642857142858
1 0.512700092315192 0.35993992504409167 0.02054966517857143 0.021577380952380952
0 0.7237723214285714 0.4551339285714286 0.44285714285714284 0.2617559523809524
1 0.5126931168687634 0.47048886684303354 0.020535714285714286 0.021577380952380952
0 0.7237723214285714 0.5853422619047619 0.44285714285714284 0.21711309523809524
1 0.5126861414223348 0.5810378086419753 0.020521763392857145 0.021577380952380952
0 0.7237723214285714 0.721577380952381 0.44285714285714284 0.1488095238095238
1 0.5126861414223348 0.6915867504409172 0.020521763392857145 0.021577380952380987
