0 0.5022879464285714 0.12254464285714285 0.8856026785714286 0.040625
1 0.0631253166160081 0.07988260582010584 0.007198660714285714 0.021577380952380952
0 0.5022879464285714 0.19464285714285715 0.8856026785714286 0.04404761904761905
1 0.06505053983029382 0.1462119708994709 0.011049107142857144 0.021577380952380952
0 0.5022879464285714 0.27157738095238093 0.8856026785714286 0.036904761904761905
1 0.06697576304457953 0.21254133597883595 0.014899553571428572 0.021577380952380952
0 0.5022879464285714 0.3411458333333333 0.8856026785714286 0.035863095238095236
1 0.07326761572315096 0.27887070105820105 0.027483258928571428 0.021577380952380952
0 0.5022879464285714 0.39099702380952384 0.8856026785714286 0.03080357142857143
1 0.07416744831243667 0.3452000661375661 0.029282924107142855 0.021577380952380952
0 0.5022879464285714 0.4680803571428571 0.8856026785714286 0.034970238095238096
1 0.07338619831243667 0.41152943121693125 0.027720424107142858 0.021577380952380952
0 0.5022879464285714 0.5479166666666667 0.8856026785714286 0.060714285714285714
1 0.06978686795529382 0.4778587962962963 0.020521763392857145 0.021577380952380952
0 0.5022879464285714 0.6067708333333334 0.8856026785714286 0.07961309523809523
1 0.06978686795529382 0.5441881613756614 0.020521763392857145 0.021577380952380952
0 0.5022879464285714 0.6661458333333333 0.8856026785714286 0.078125
1 0.06980081884815097 0.6105175264550264 0.02054966517857143 0.021577380952380952
0 0.5022879464285714 0.7104910714285714 0.8856026785714286 0.07782738095238095
1 0.06979384340172239 0.6768468915343916 0.020535714285714286 0.021577380952380952
0 0.5022879464285714 0.776264880952381 0.8856026785714286 0.06294642857142857
1 0.06978686795529382 0.7431762566137565 0.020521763392857145 0.021577380952380952
0 0.5022879464285714 0.8474702380952381 0.8856026785714286 0.0880952380952381
1 0.06978686795529382 0.8095056216931217 0.020521763392857145 0.021577380952380952
