0 0.16975446428571428 0.23385416666666667 0.22142857142857142 0.16086309523809525
1 0.06267091990985048 0.18095592403628116 0.007198660714285714 0.021577380952380952
0 0.16975446428571428 0.3947172619047619 0.22142857142857142 0.09955357142857142
1 0.0645961431241362 0.3230902777777778 0.011049107142857144 0.021577380952380952
0 0.16975446428571428 0.5857142857142857 0.22142857142857142 0.07976190476190476
1 0.0665213663384219 0.4652246315192744 0.014899553571428572 0.021577380952380952
0 0.39140625 0.3240327380952381 0.22142857142857142 0.1269345238095238
1 0.2944842439573125 0.18095592403628116 0.027483258928571428 0.021577380952380952
0 0.39140625 0.390625 0.22142857142857142 0.11666666666666667
1 0.2953840765465982 0.3230902777777778 0.029282924107142855 0.021577380952380952
0 0.39140625 0.5638392857142858 0.22142857142857142 0.048214285714285716
1 0.2946028265465982 0.4652246315192744 0.027720424107142858 0.021577380952380952
0 0.6130580357142857 0.3240327380952381 0.22142857142857142 0.11324404761904762
1 0.5126745211297744 0.18095592403628116 0.020521763392857145 0.021577380952380952
0 0.6130580357142857 0.4563988095238095 0.22142857142857142 0.14791666666666667
1 0.5126745211297744 0.3230902777777778 0.020521763392857145 0.021577380952380952
0 0.6130580357142857 0.6034226190476191 0.22142857142857142 0.20833333333333334
1 0.5126884720226316 0.4652246315192744 0.02054966517857143 0.021577380952380952
0 0.8347098214285714 0.26517857142857143 0.22142857142857142 0.27827380952380953
1 0.7343525215165222 0.18095592403628116 0.020535714285714286 0.021577380952380952
0 0.8347098214285714 0.34732142857142856 0.22142857142857142 0.3053571428571429
1 0.7343455460700936 0.3230902777777778 0.020521763392857145 0.021577380952380952
0 0.8347098214285714 0.49315476190476193 0.22142857142857142 0.24910714285714286
1 0.7343455460700936 0.4652246315192744 0.020521763392857145 0.021577380952380952
0 0.49832589285714285 0.6845982142857143 0.8785714285714286 0.11056547619047619
1 0.0645961431241362 0.6073589852607709 0.011049107142857144 0.021577380952380952
