0 0.5022879464285714 0.12373511904761905 0.8856026785714286 0.03705357142857143
1 0.0631253166160081 0.07988260582010584 0.007198660714285714 0.021577380952380952
0 0.5022879464285714 0.18683035714285715 0.8856026785714286 0.054017857142857145
1 0.06505053983029382 0.1462119708994709 0.011049107142857144 0.021577380952380952
0 0.5022879464285714 0.2592261904761905 0.8856026785714286 0.07202380952380952
1 0.06697576304457953 0.21254133597883595 0.014899553571428572 0.021577380952380952
0 0.5022879464285714 0.33623511904761905 0.8856026785714286 0.0337797619047619
1 0.07326761572315096 0.27887070105820105 0.027483258928571428 0.021577380952380952
0 0.5022879464285714 0.39680059523809524 0.8856026785714286 0.049553571428571426
1 0.07416744831243667 0.3452000661375661 0.029282924107142855 0.021577380952380952
0 0.5022879464285714 0.4539434523809524 0.8856026785714286 0.06056547619047619
1 0.07338619831243667 0.41152943121693125 0.027720424107142858 0.021577380952380952
0 0.5022879464285714 0.5570684523809524 0.8856026785714286 0.10193452380952381
1 0.06978686795529382 0.4778587962962963 0.020521763392857145 0.021577380952380952
0 0.5022879464285714 0.6368303571428572 0.8856026785714286 0.16235119047619048
1 0.06978686795529382 0.5441881613756614 0.020521763392857145 0.021577380952380952
0 0.5022879464285714 0.692782738095238 0.8856026785714286 0.1400297619047619
1 0.06980081884815097 0.6105175264550264 0.02054966517857143 0.021577380952380952
0 0.5022879464285714 0.7281994047619048 0.8856026785714286 0.1025297619047619
1 0.06979384340172239 0.6768468915343916 0.020535714285714286 0.021577380952380952
0 0.5022879464285714 0.7228422619047619 0.8856026785714286 0.25282738095238094
1 0.06978686795529382 0.7431762566137565 0.020521763392857145 0.021577380952380952
0 0.5022879464285714 0.8501488095238096 0.8856026785714286 0.07916666666666666
1 0.06978686795529382 0.8095056216931217 0.020521763392857145 0.021577380952380952
