0 0.16975446428571428 0.26748511904761907 0.22142857142857142 0.07842261904761905
1 0.06267091990985048 0.18095592403628116 0.007198660714285714 0.021577380952380952
0 0.16975446428571428 0.4139880952380952 0.22142857142857142 0.09494047619047619
1 0.0645961431241362 0.3230902777777778 0.011049107142857144 0.021577380952380952
0 0.16975446428571428 0.5619047619047619 0.22142857142857142 0.0443452380952381
1 0.0665213663384219 0.4652246315192744 0.014899553571428572 0.021577380952380952
0 0.39140625 0.29717261904761905 0.22142857142857142 0.08392857142857142
1 0.2944842439573125 0.18095592403628116 0.027483258928571428 0.021577380952380952
0 0.39140625 0.4165922619047619 0.22142857142857142 0.040625
1 0.2953840765465982 0.3230902777777778 0.029282924107142855 0.021577380952380952
0 0.39140625 0.5622767857142857 0.22142857142857142 0.06235119047619048
1 0.2946028265465982 0.4652246315192744 0.027720424107142858 0.021577380952380952
0 0.6130580357142857 0.2936011904761905 0.22142857142857142 0.05357142857142857
1 0.5126745211297744 0.18095592403628116 0.020521763392857145 0.021577380952380952
0 0.6130580357142857 0.4712797619047619 0.22142857142857142 0.20238095238095238
1 0.5126745211297744 0.3230902777777778 0.020521763392857145 0.021577380952380952
0 0.6130580357142857 0.5946428571428571 0.22142857142857142 0.19791666666666666
1 0.5126884720226316 0.4652246315192744 0.02054966517857143 0.021577380952380952
0 0.8347098214285714 0.26979166666666665 0.22142857142857142 0.17916666666666667
1 0.7343525215165222 0.18095592403628116 0.020535714285714286 0.021577380952380952
0 0.8347098214285714 0.39873511904761905 0.22142857142857142 0.11473214285714285
1 0.7343455460700936 0.3230902777777778 0.020521763392857145 0.021577380952380952
0 0.8347098214285714 0.539360119047619 0.22142857142857142 0.08735119047619047
1 0.7343455460700936 0.4652246315192744 0.020521763392857145 0.021577380952380952
0 0.49832589285714285 0.6962797619047619 0.8785714285714286 0.09910714285714285
1 0.0645961431241362 0.6073589852607709 0.011049107142857144 0.021577380952380952
