0 0.2806919642857143 0.21376488095238094 0.44285714285714284 0.04747023809523809
1 0.06297304751642037 0.1388420414462081 0.007198660714285714 0.021577380952380952
0 0.2806919642857143 0.3371279761904762 0.44285714285714284 0.04330357142857143
1 0.06489827073070609 0.24939098324514994 0.011049107142857144 0.021577380952380952
0 0.2806919642857143 0.45342261904761905 0.44285714285714284 0.0556547619047619
1 0.0668234939449918 0.35993992504409167 0.014899553571428572 0.021577380952380952
0 0.2806919642857143 0.5537202380952381 0.44285714285714284 0.03005952380952381
1 0.07311534662356323 0.47048886684303354 0.027483258928571428 0.021577380952380952
0 0.2806919642857143 0.6537946428571428 0.44285714285714284 0.048660714285714286
1 0.07401517921284895 0.5810378086419753 0.029282924107142855 0.021577380952380952
0 0.2806919642857143 0.7802827380952381 0.44285714285714284 0.044196428571428574
1 0.07323392921284894 0.6915867504409172 0.027720424107142858 0.021577380952380987
0 0.7237723214285714 0.23757440476190475 0.44285714285714284 0.05848214285714286
1 0.5126861414223348 0.1388420414462081 0.020521763392857145 0.021577380952380952
0 0.7237723214285714 0.37462797619047616 0.44285714285714284 0.140625
1 0.5126861414223348 0.24939098324514994 0.020521763392857145 0.021577380952380952
0 0.7237723214285714 0.49754464285714284 0.44285714285714284 0.171875
1 0.512700092315192 0.35993992504409167 0.02054966517857143 0.021577380952380952
0 0.7237723214285714 0.5659970238095238 0.44285714285714284 0.06592261904761905
1 0.5126931168687634 0.47048886684303354 0.020535714285714286 0.021577380952380952
0 0.7237723214285714 0.6762648809523809 0.44285714285714284 0.06651785714285714
1 0.5126861414223348 0.5810378086419753 0.020521763392857145 0.021577380952380952
0 0.7237723214285714 0.748735119047619 0.44285714285714284 0.10133928571428572
1 0.5126861414223348 0.6915867504409172 0.020521763392857145 0.021577380952380987
