0 0.5022879464285714 0.11264880952380953 0.8856026785714286 0.06964285714285715
1 0.0631253166160081 0.07988260582010584 0.007198660714285714 0.021577380952380952
0 0.5022879464285714 0.19248511904761906 0.8856026785714286 0.06205357142857143
1 0.06505053983029382 0.1462119708994709 0.011049107142857144 0.021577380952380952
0 0.5022879464285714 0.2713541666666667 0.8856026785714286 0.05044642857142857
1 0.06697576304457953 0.21254133597883595 0.014899553571428572 0.021577380952380952
0 0.5022879464285714 0.3445684523809524 0.8856026785714286 0.06473214285714286
1 0.07326761572315096 0.27887070105820105 0.027483258928571428 0.021577380952380952
0 0.5022879464285714 0.3849702380952381 0.8856026785714286 0.059821428571428574
1 0.07416744831243667 0.3452000661375661 0.029282924107142855 0.021577380952380952
0 0.5022879464285714 0.46763392857142855 0.8856026785714286 0.03824404761904762
1 0.07338619831243667 0.41152943121693125 0.027720424107142858 0.021577380952380952
0 0.5022879464285714 0.5354910714285714 0.8856026785714286 0.065625
1 0.06978686795529382 0.4778587962962963 0.020521763392857145 0.021577380952380952
0 0.5022879464285714 0.5961309523809524 0.8856026785714286 0.05327380952380952
1 0.06978686795529382 0.5441881613756614 0.020521763392857145 0.021577380952380952
0 0.5022879464285714 0.6626488095238096 0.8856026785714286 0.05505952380952381
1 0.06980081884815097 0.6105175264550264 0.02054966517857143 0.021577380952380952
0 0.5022879464285714 0.7203869047619048 0.8856026785714286 0.07708333333333334
1 0.06979384340172239 0.6768468915343916 0.020535714285714286 0.021577380952380952
0 0.5022879464285714 0.7827380952380952 0.8856026785714286 0.0744047619047619
1 0.06978686795529382 0.7431762566137565 0.020521763392857145 0.021577380952380952
0 0.5022879464285714 0.8536458333333333 0.8856026785714286 0.06264880952380952
1 0.06978686795529382 0.8095056216931217 0.020521763392857145 0.021577380952380952
