0 0.2806919642857143 0.21517857142857144 0.44285714285714284 0.04672619047619048
1 0.06297304751642037 0.1388420414462081 0.007198660714285714 0.021577380952380952
0 0.2806919642857143 0.3038690476190476 0.44285714285714284 0.08392857142857142
1 0.06489827073070609 0.24939098324514994 0.011049107142857144 0.021577380952380952
0 0.2806919642857143 0.4252232142857143 0.44285714285714284 0.057291666666666664
1 0.0668234939449918 0.35993992504409167 0.014899553571428572 0.021577380952380952
0 0.2806919642857143 0.5696428571428571 0.44285714285714284 0.06190476190476191
1 0.07311534662356323 0.47048886684303354 0.027483258928571428 0.021577380952380952
0 0.2806919642857143 0.6673363095238095 0.44285714285714284 0.024553571428571428
1 0.07401517921284895 0.5810378086419753 0.029282924107142855 0.021577380952380952
0 0.2806919642857143 0.7514136904761904 0.44285714285714284 0.07038690476190476
1 0.07323392921284894 0.6915867504409172 0.027720424107142858 0.021577380952380987
0 0.7237723214285714 0.24174107142857143 0.44285714285714284 0.06770833333333333
1 0.5126861414223348 0.1388420414462081 0.020521763392857145 0.021577380952380952
0 0.7237723214285714 0.37663690476190476 0.44285714285714284 0.1244047619047619
1 0.5126861414223348 0.24939098324514994 0.020521763392857145 0.021577380952380952
0 0.7237723214285714 0.46316964285714285 0.44285714285714284 0.13020833333333334
1 0.512700092315192 0.35993992504409167 0.02054966517857143 0.021577380952380952
0 0.7237723214285714 0.5392857142857143 0.44285714285714284 0.12767857142857142
1 0.5126931168687634 0.47048886684303354 0.020535714285714286 0.021577380952380952
0 0.7237723214285714 0.6203125 0.44285714285714284 0.13199404761904762
1 0.5126861414223348 0.5810378086419753 0.020521763392857145 0.021577380952380952
0 0.7237723214285714 0.7378720238095238 0.44285714285714284 0.10342261904761904
1 0.5126861414223348 0.6915867504409172 0.020521763392857145 0.021577380952380987
