0 0.16975446428571428 0.28616071428571427 0.22142857142857142 0.05476190476190476
1 0.06267091990985048 0.18095592403628116 0.007198660714285714 0.021577380952380952
0 0.16975446428571428 0.40141369047619047 0.22142857142857142 0.09598214285714286
1 0.0645961431241362 0.3230902777777778 0.011049107142857144 0.021577380952380952
0 0.16975446428571428 0.546875 0.22142857142857142 0.08422619047619048
1 0.0665213663384219 0.4652246315192744 0.014899553571428572 0.021577380952380952
0 0.39140625 0.2974702380952381 0.22142857142857142 0.07172619047619047
1 0.2944842439573125 0.18095592403628116 0.027483258928571428 0.021577380952380952
0 0.39140625 0.4336309523809524 0.22142857142857142 0.04345238095238095
1 0.2953840765465982 0.3230902777777778 0.029282924107142855 0.021577380952380952
0 0.39140625 0.5449404761904761 0.22142857142857142 0.08779761904761904
1 0.2946028265465982 0.4652246315192744 0.027720424107142858 0.021577380952380952
0 0.6130580357142857 0.31220238095238095 0.22142857142857142 0.10297619047619047
1 0.5126745211297744 0.18095592403628116 0.020521763392857145 0.021577380952380952
0 0.6130580357142857 0.46569940476190474 0.22142857142857142 0.19032738095238094
1 0.5126745211297744 0.3230902777777778 0.020521763392857145 0.021577380952380952
0 0.6130580357142857 0.5876488095238095 0.22142857142857142 0.23392857142857143
1 0.5126884720226316 0.4652246315192744 0.02054966517857143 0.021577380952380952
0 0.8347098214285714 0.2904761904761905 0.22142857142857142 0.16458333333333333
1 0.7343525215165222 0.18095592403628116 0.020535714285714286 0.021577380952380952
0 0.8347098214285714 0.39375 0.22142857142857142 0.14910714285714285
1 0.7343455460700936 0.3230902777777778 0.020521763392857145 0.021577380952380952
0 0.8347098214285714 0.5399553571428571 0.22142857142857142 0.09866071428571428
1 0.7343455460700936 0.4652246315192744 0.020521763392857145 0.021577380952380952
0 0.49832589285714285 0.6781994047619048 0.8785714285714286 0.11086309523809523
1 0.0645961431241362 0.6073589852607709 0.011049107142857144 0.021577380952380952
