0 0.2806919642857143 0.19709821428571428 0.44285714285714284 0.09151785714285714
1 0.06297304751642037 0.1388420414462081 0.007198660714285714 0.021577380952380952
0 0.2806919642857143 0.31495535714285716 0.44285714285714284 0.06741071428571428
1 0.06489827073070609 0.24939098324514994 0.011049107142857144 0.021577380952380952
0 0.2806919642857143 0.4425595238095238 0.44285714285714284 0.05327380952380952
1 0.0668234939449918 0.35993992504409167 0.014899553571428572 0.021577380952380952
0 0.2806919642857143 0.5719494047619048 0.44285714285714284 0.07574404761904761
1 0.07311534662356323 0.47048886684303354 0.027483258928571428 0.021577380952380952
0 0.2806919642857143 0.6491815476190477 0.44285714285714284 0.06889880952380953
1 0.07401517921284895 0.5810378086419753 0.029282924107142855 0.021577380952380952
0 0.2806919642857143 0.7664434523809524 0.44285714285714284 0.03913690476190476
1 0.07323392921284894 0.6915867504409172 0.027720424107142858 0.021577380952380987
0 0.7237723214285714 0.27239583333333334 0.44285714285714284 0.1480654761904762
1 0.5126861414223348 0.1388420414462081 0.020521763392857145 0.021577380952380952
0 0.7237723214285714 0.4314732142857143 0.44285714285714284 0.29985119047619047
1 0.5126861414223348 0.24939098324514994 0.020521763392857145 0.021577380952380952
0 0.7237723214285714 0.49836309523809524 0.44285714285714284 0.17142857142857143
1 0.512700092315192 0.35993992504409167 0.02054966517857143 0.021577380952380952
0 0.7237723214285714 0.5840029761904761 0.44285714285714284 0.11324404761904762
1 0.5126931168687634 0.47048886684303354 0.020535714285714286 0.021577380952380952
0 0.7237723214285714 0.662797619047619 0.44285714285714284 0.10773809523809524
1 0.5126861414223348 0.5810378086419753 0.020521763392857145 0.021577380952380952
0 0.7237723214285714 0.7598958333333333 0.44285714285714284 0.12425595238095238
1 0.5126861414223348 0.6915867504409172 0.020521763392857145 0.021577380952380987
