0 0.5022879464285714 0.12455357142857143 0.8856026785714286 0.04345238095238095
1 0.0631253166160081 0.07988260582010584 0.007198660714285714 0.021577380952380952
0 0.5022879464285714 0.18936011904761904 0.8856026785714286 0.04598214285714286
1 0.06505053983029382 0.1462119708994709 0.011049107142857144 0.021577380952380952
0 0.5022879464285714 0.2591517857142857 0.8856026785714286 0.05133928571428571
1 0.06697576304457953 0.21254133597883595 0.014899553571428572 0.021577380952380952
0 0.5022879464285714 0.33936011904761904 0.8856026785714286 0.03705357142857143
1 0.07326761572315096 0.27887070105820105 0.027483258928571428 0.021577380952380952
0 0.5022879464285714 0.39657738095238093 0.8856026785714286 0.04285714285714286
1 0.07416744831243667 0.3452000661375661 0.029282924107142855 0.021577380952380952
0 0.5022879464285714 0.45409226190476193 0.8856026785714286 0.043601190476190474
1 0.07338619831243667 0.41152943121693125 0.027720424107142858 0.021577380952380952
0 0.5022879464285714 0.5359375 0.8856026785714286 0.04479166666666667
1 0.06978686795529382 0.4778587962962963 0.020521763392857145 0.021577380952380952
0 0.5022879464285714 0.6003720238095238 0.8856026785714286 0.10550595238095238
1 0.06978686795529382 0.5441881613756614 0.020521763392857145 0.021577380952380952
0 0.5022879464285714 0.6532738095238095 0.8856026785714286 0.13601190476190475
1 0.06980081884815097 0.6105175264550264 0.02054966517857143 0.021577380952380952
0 0.5022879464285714 0.7091517857142857 0.8856026785714286 0.1331845238095238
1 0.06979384340172239 0.6768468915343916 0.020535714285714286 0.021577380952380952
0 0.5022879464285714 0.771875 0.8856026785714286 0.09791666666666667
1 0.06978686795529382 0.7431762566137565 0.020521763392857145 0.021577380952380952
0 0.5022879464285714 0.8383184523809524 0.8856026785714286 0.09836309523809524
1 0.06978686795529382 0.8095056216931217 0.020521763392857145 0.021577380952380952
