0 0.16975446428571428 0.2591517857142857 0.22142857142857142 0.11592261904761905
1 0.06267091990985048 0.18095592403628116 0.007198660714285714 0.021577380952380952
0 0.16975446428571428 0.4179315476190476 0.22142857142857142 0.11532738095238096
1 0.0645961431241362 0.3230902777777778 0.011049107142857144 0.021577380952380952
0 0.16975446428571428 0.5831845238095238 0.22142857142857142 0.07678571428571429
1 0.0665213663384219 0.4652246315192744 0.014899553571428572 0.021577380952380952
0 0.39140625 0.29784226190476193 0.22142857142857142 0.10818452380952381
1 0.2944842439573125 0.18095592403628116 0.027483258928571428 0.021577380952380952
0 0.39140625 0.4036458333333333 0.22142857142857142 0.07038690476190476
1 0.2953840765465982 0.3230902777777778 0.029282924107142855 0.021577380952380952
0 0.39140625 0.5667410714285714 0.22142857142857142 0.08556547619047619
1 0.2946028265465982 0.4652246315192744 0.027720424107142858 0.021577380952380952
0 0.6130580357142857 0.2845982142857143 0.22142857142857142 0.04538690476190476
1 0.5126745211297744 0.18095592403628116 0.020521763392857145 0.021577380952380952
0 0.6130580357142857 0.44583333333333336 0.22142857142857142 0.20297619047619048
1 0.5126745211297744 0.3230902777777778 0.020521763392857145 0.021577380952380952
0 0.6130580357142857 0.5658482142857143 0.22142857142857142 0.19717261904761904
1 0.5126884720226316 0.4652246315192744 0.02054966517857143 0.021577380952380952
0 0.8347098214285714 0.2554315476190476 0.22142857142857142 0.215625
1 0.7343525215165222 0.18095592403628116 0.020535714285714286 0.021577380952380952
0 0.8347098214285714 0.353125 0.22142857142857142 0.2851190476190476
1 0.7343455460700936 0.3230902777777778 0.020521763392857145 0.021577380952380952
0 0.8347098214285714 0.49583333333333335 0.22142857142857142 0.25684523809523807
1 0.7343455460700936 0.4652246315192744 0.020521763392857145 0.021577380952380952
0 0.49832589285714285 0.6897321428571429 0.8785714285714286 0.14226190476190476
1 0.0645961431241362 0.6073589852607709 0.011049107142857144 0.021577380952380952
