0 0.2806919642857143 0.20305059523809524 0.44285714285714284 0.06502976190476191
1 0.06297304751642037 0.1388420414462081 0.007198660714285714 0.021577380952380952
0 0.2806919642857143 0.3011904761904762 0.44285714285714284 0.09642857142857143
1 0.06489827073070609 0.24939098324514994 0.011049107142857144 0.021577380952380952
0 0.2806919642857143 0.4361607142857143 0.44285714285714284 0.06785714285714285
1 0.0668234939449918 0.35993992504409167 0.014899553571428572 0.021577380952380952
0 0.2806919642857143 0.575595238095238 0.44285714285714284 0.07380952380952381
1 0.07311534662356323 0.47048886684303354 0.027483258928571428 0.021577380952380952
0 0.2806919642857143 0.655952380952381 0.44285714285714284 0.03482142857142857
1 0.07401517921284895 0.5810378086419753 0.029282924107142855 0.021577380952380952
0 0.2806919642857143 0.7553571428571428 0.44285714285714284 0.08154761904761905
1 0.07323392921284894 0.6915867504409172 0.027720424107142858 0.021577380952380987
0 0.7237723214285714 0.24538690476190475 0.44285714285714284 0.08392857142857142
1 0.5126861414223348 0.1388420414462081 0.020521763392857145 0.021577380952380952
0 0.7237723214285714 0.33563988095238095 0.44285714285714284 0.10848214285714286
1 0.5126861414223348 0.24939098324514994 0.020521763392857145 0.021577380952380952
0 0.7237723214285714 0.4667410714285714 0.44285714285714284 0.12782738095238094
1 0.512700092315192 0.35993992504409167 0.02054966517857143 0.021577380952380952
0 0.7237723214285714 0.5462053571428571 0.44285714285714284 0.11205357142857143
1 0.5126931168687634 0.47048886684303354 0.020535714285714286 0.021577380952380952
0 0.7237723214285714 0.6151041666666667 0.44285714285714284 0.1519345238095238
1 0.5126861414223348 0.5810378086419753 0.020521763392857145 0.021577380952380952
0 0.7237723214285714 0.7229166666666667 0.44285714285714284 0.15119047619047618
1 0.5126861414223348 0.6915867504409172 0.020521763392857145 0.021577380952380987
