0 0.16975446428571428 0.26257440476190474 0.22142857142857142 0.06324404761904762
1 0.06267091990985048 0.18095592403628116 0.007198660714285714 0.021577380952380952
0 0.16975446428571428 0.41941964285714284 0.22142857142857142 0.03824404761904762
1 0.0645961431241362 0.3230902777777778 0.011049107142857144 0.021577380952380952
0 0.16975446428571428 0.5832589285714286 0.22142857142857142 0.05967261904761905
1 0.0665213663384219 0.4652246315192744 0.014899553571428572 0.021577380952380952
0 0.39140625 0.29791666666666666 0.22142857142857142 0.04702380952380952
1 0.2944842439573125 0.18095592403628116 0.027483258928571428 0.021577380952380952
0 0.39140625 0.409375 0.22142857142857142 0.0556547619047619
1 0.2953840765465982 0.3230902777777778 0.029282924107142855 0.021577380952380952
0 0.39140625 0.5744047619047619 0.22142857142857142 0.03720238095238095
1 0.2946028265465982 0.4652246315192744 0.027720424107142858 0.021577380952380952
0 0.6130580357142857 0.3103422619047619 0.22142857142857142 0.08794642857142858
1 0.5126745211297744 0.18095592403628116 0.020521763392857145 0.021577380952380952
0 0.6130580357142857 0.46316964285714285 0.22142857142857142 0.1162202380952381
1 0.5126745211297744 0.3230902777777778 0.020521763392857145 0.021577380952380952
0 0.6130580357142857 0.5962053571428572 0.22142857142857142 0.1150297619047619
1 0.5126884720226316 0.4652246315192744 0.02054966517857143 0.021577380952380952
0 0.8347098214285714 0.27961309523809524 0.22142857142857142 0.10863095238095238
1 0.7343525215165222 0.18095592403628116 0.020535714285714286 0.021577380952380952
0 0.8347098214285714 0.3683779761904762 0.22142857142857142 0.15669642857142857
1 0.7343455460700936 0.3230902777777778 0.020521763392857145 0.021577380952380952
0 0.8347098214285714 0.5232886904761904 0.22142857142857142 0.11741071428571428
1 0.7343455460700936 0.4652246315192744 0.020521763392857145 0.021577380952380952
0 0.49832589285714285 0.7025297619047619 0.8785714285714286 0.04583333333333333
1 0.0645961431241362 0.6073589852607709 0.011049107142857144 0.021577380952380952
