0 0.2806919642857143 0.18802083333333333 0.44285714285714284 0.09270833333333334
1 0.06297304751642037 0.1388420414462081 0.007198660714285714 0.021577380952380952
0 0.2806919642857143 0.33482142857142855 0.44285714285714284 0.05476190476190476
1 0.06489827073070609 0.24939098324514994 0.011049107142857144 0.021577380952380952
0 0.2806919642857143 0.46644345238095236 0.44285714285714284 0.08645833333333333
1 0.0668234939449918 0.35993992504409167 0.014899553571428572 0.021577380952380952
0 0.2806919642857143 0.5721726190476191 0.44285714285714284 0.06458333333333334
1 0.07311534662356323 0.47048886684303354 0.027483258928571428 0.021577380952380952
0 0.2806919642857143 0.6354166666666666 0.44285714285714284 0.08422619047619048
1 0.07401517921284895 0.5810378086419753 0.029282924107142855 0.021577380952380952
0 0.2806919642857143 0.7861607142857143 0.44285714285714284 0.05505952380952381
1 0.07323392921284894 0.6915867504409172 0.027720424107142858 0.021577380952380987
0 0.7237723214285714 0.2369047619047619 0.44285714285714284 0.08214285714285714
1 0.5126861414223348 0.1388420414462081 0.020521763392857145 0.021577380952380952
0 0.7237723214285714 0.3443452380952381 0.44285714285714284 0.1375
1 0.5126861414223348 0.24939098324514994 0.020521763392857145 0.021577380952380952
0 0.7237723214285714 0.451860119047619 0.44285714285714284 0.090625
1 0.512700092315192 0.35993992504409167 0.02054966517857143 0.021577380952380952
0 0.7237723214285714 0.5552083333333333 0.44285714285714284 0.08452380952380953
1 0.5126931168687634 0.47048886684303354 0.020535714285714286 0.021577380952380952
0 0.7237723214285714 0.6616815476190476 0.44285714285714284 0.07782738095238095
1 0.5126861414223348 0.5810378086419753 0.020521763392857145 0.021577380952380952
0 0.7237723214285714 0.7808779761904762 0.44285714285714284 0.06711309523809524
1 0.5126861414223348 0.6915867504409172 0.020521763392857145 0.021577380952380987
