0 0.16975446428571428 0.2629464285714286 0.22142857142857142 0.08035714285714286
1 0.06267091990985048 0.18095592403628116 0.007198660714285714 0.021577380952380952
0 0.16975446428571428 0.39553571428571427 0.22142857142857142 0.11428571428571428
1 0.0645961431241362 0.3230902777777778 0.011049107142857144 0.021577380952380952
0 0.16975446428571428 0.5482142857142858 0.22142857142857142 0.08065476190476191
1 0.0665213663384219 0.4652246315192744 0.014899553571428572 0.021577380952380952
0 0.39140625 0.3122767857142857 0.22142857142857142 0.09300595238095238
1 0.2944842439573125 0.18095592403628116 0.027483258928571428 0.021577380952380952
0 0.39140625 0.4255952380952381 0.22142857142857142 0.05327380952380952
1 0.2953840765465982 0.3230902777777778 0.029282924107142855 0.021577380952380952
0 0.39140625 0.5448660714285715 0.22142857142857142 0.0918154761904762
1 0.2946028265465982 0.4652246315192744 0.027720424107142858 0.021577380952380952
0 0.6130580357142857 0.36755952380952384 0.22142857142857142 0.1913690476190476
1 0.5126745211297744 0.18095592403628116 0.020521763392857145 0.021577380952380952
1 0.5126745211297744 0.3230902777777778 0.020521763392857145 0.021577380952380952
0 0.6130580357142857 0.5803571428571429 0.22142857142857142 0.2741071428571429
1 0.5126884720226316 0.4652246315192744 0.02054966517857143 0.021577380952380952
0 0.8347098214285714 0.1822172619047619 0.22142857142857142 0.3962797619047619
1 0.7343525215165222 0.18095592403628116 0.020535714285714286 0.021577380952380952
0 0.8347098214285714 0.3665178571428571 0.22142857142857142 0.18303571428571427
1 0.7343455460700936 0.3230902777777778 0.020521763392857145 0.021577380952380952
0 0.8347098214285714 0.5375 0.22142857142857142 0.08422619047619048
1 0.7343455460700936 0.4652246315192744 0.020521763392857145 0.021577380952380952
0 0.49832589285714285 0.677157738095238 0.8785714285714286 0.11979166666666667
1 0.0645961431241362 0.6073589852607709 0.011049107142857144 0.021577380952380952
