0 0.2806919642857143 0.19010416666666666 0.44285714285714284 0.16711309523809523
1 0.06297304751642037 0.1388420414462081 0.007198660714285714 0.021577380952380952
0 0.2806919642857143 0.3541666666666667 0.44285714285714284 0.09761904761904762
1 0.06489827073070609 0.24939098324514994 0.011049107142857144 0.021577380952380952
0 0.2806919642857143 0.4922619047619048 0.44285714285714284 0.21964285714285714
1 0.0668234939449918 0.35993992504409167 0.014899553571428572 0.021577380952380952
0 0.2806919642857143 0.5698660714285714 0.44285714285714284 0.08258928571428571
1 0.07311534662356323 0.47048886684303354 0.027483258928571428 0.021577380952380952
0 0.2806919642857143 0.6277529761904762 0.44285714285714284 0.18288690476190475
1 0.07401517921284895 0.5810378086419753 0.029282924107142855 0.021577380952380952
0 0.2806919642857143 0.8133184523809524 0.44285714285714284 0.15014880952380952
1 0.07323392921284894 0.6915867504409172 0.027720424107142858 0.021577380952380987
0 0.7237723214285714 0.2994791666666667 0.44285714285714284 0.32842261904761905
1 0.5126861414223348 0.1388420414462081 0.020521763392857145 0.021577380952380952
0 0.7237723214285714 0.4205357142857143 0.44285714285714284 0.3517857142857143
1 0.5126861414223348 0.24939098324514994 0.020521763392857145 0.021577380952380952
0 0.7237723214285714 0.5165178571428571 0.44285714285714284 0.2714285714285714
1 0.512700092315192 0.35993992504409167 0.02054966517857143 0.021577380952380952
0 0.7237723214285714 0.6 0.44285714285714284 0.15863095238095237
1 0.5126931168687634 0.47048886684303354 0.020535714285714286 0.021577380952380952
0 0.7237723214285714 0.7284226190476191 0.44285714285714284 0.3729166666666667
1 0.5126861414223348 0.5810378086419753 0.020521763392857145 0.021577380952380952
0 0.7237723214285714 0.7316220238095238 0.44285714285714284 0.2174107142857143
1 0.5126861414223348 0.6915867504409172 0.020521763392857145 0.021577380952380987
