0 0.5022879464285714 0.11793154761904762 0.8856026785714286 0.07842261904761905
1 0.0631253166160081 0.07988260582010584 0.007198660714285714 0.021577380952380952
0 0.5022879464285714 0.21078869047619048 0.8856026785714286 0.08883928571428572
1 0.06505053983029382 0.1462119708994709 0.011049107142857144 0.021577380952380952
0 0.5022879464285714 0.2869047619047619 0.8856026785714286 0.13154761904761905
1 0.06697576304457953 0.21254133597883595 0.014899553571428572 0.021577380952380952
0 0.5022879464285714 0.3405505952380952 0.8856026785714286 0.051041666666666666
1 0.07326761572315096 0.27887070105820105 0.027483258928571428 0.021577380952380952
0 0.5022879464285714 0.37864583333333335 0.8856026785714286 0.09806547619047619
1 0.07416744831243667 0.3452000661375661 0.029282924107142855 0.021577380952380952
0 0.5022879464285714 0.4810267857142857 0.8856026785714286 0.1099702380952381
1 0.07338619831243667 0.41152943121693125 0.027720424107142858 0.021577380952380952
0 0.5022879464285714 0.5561755952380952 0.8856026785714286 0.1480654761904762
1 0.06978686795529382 0.4778587962962963 0.020521763392857145 0.021577380952380952
0 0.5022879464285714 0.6395089285714286 0.8856026785714286 0.19122023809523808
1 0.06978686795529382 0.5441881613756614 0.020521763392857145 0.021577380952380952
0 0.5022879464285714 0.7001488095238095 0.8856026785714286 0.24583333333333332
1 0.06980081884815097 0.6105175264550264 0.02054966517857143 0.021577380952380952
0 0.5022879464285714 0.7078869047619047 0.8856026785714286 0.1419642857142857
1 0.06979384340172239 0.6768468915343916 0.020535714285714286 0.021577380952380952
0 0.5022879464285714 0.7642857142857142 0.8856026785714286 0.13541666666666666
1 0.06978686795529382 0.7431762566137565 0.020521763392857145 0.021577380952380952
0 0.5022879464285714 0.8395089285714286 0.8856026785714286 0.12961309523809525
1 0.06978686795529382 0.8095056216931217 0.020521763392857145 0.021577380952380952
