0 0.16975446428571428 0.26979166666666665 0.22142857142857142 0.0443452380952381
1 0.06267091990985048 0.18095592403628116 0.007198660714285714 0.021577380952380952
0 0.16975446428571428 0.3836309523809524 0.22142857142857142 0.17023809523809524
1 0.0645961431241362 0.3230902777777778 0.011049107142857144 0.021577380952380952
0 0.16975446428571428 0.5465029761904762 0.22142857142857142 0.15699404761904762
1 0.0665213663384219 0.4652246315192744 0.014899553571428572 0.021577380952380952
0 0.39140625 0.3157738095238095 0.22142857142857142 0.09404761904761905
1 0.2944842439573125 0.18095592403628116 0.027483258928571428 0.021577380952380952
0 0.39140625 0.42782738095238093 0.22142857142857142 0.07559523809523809
1 0.2953840765465982 0.3230902777777778 0.029282924107142855 0.021577380952380952
0 0.39140625 0.5360863095238095 0.22142857142857142 0.16354166666666667
1 0.2946028265465982 0.4652246315192744 0.027720424107142858 0.021577380952380952
0 0.6130580357142857 0.32083333333333336 0.22142857142857142 0.1738095238095238
1 0.5126745211297744 0.18095592403628116 0.020521763392857145 0.021577380952380952
0 0.6130580357142857 0.4849702380952381 0.22142857142857142 0.2931547619047619
1 0.5126745211297744 0.3230902777777778 0.020521763392857145 0.021577380952380952
0 0.6130580357142857 0.596279761904762 0.22142857142857142 0.34732142857142856
1 0.5126884720226316 0.4652246315192744 0.02054966517857143 0.021577380952380952
0 0.8347098214285714 0.26845238095238094 0.22142857142857142 0.23065476190476192
1 0.7343525215165222 0.18095592403628116 0.020535714285714286 0.021577380952380952
0 0.8347098214285714 0.3907738095238095 0.22142857142857142 0.15386904761904763
1 0.7343455460700936 0.3230902777777778 0.020521763392857145 0.021577380952380952
0 0.8347098214285714 0.5351190476190476 0.22142857142857142 0.11636904761904762
1 0.7343455460700936 0.4652246315192744 0.020521763392857145 0.021577380952380952
0 0.49832589285714285 0.6712797619047619 0.8785714285714286 0.1767857142857143
1 0.0645961431241362 0.6073589852607709 0.011049107142857144 0.021577380952380952
