0 0.16975446428571428 0.25401785714285713 0.22142857142857142 0.09613095238095239
1 0.06267091990985048 0.18095592403628116 0.007198660714285714 0.021577380952380952
0 0.16975446428571428 0.4359375 0.22142857142857142 0.22098214285714285
1 0.0645961431241362 0.3230902777777778 0.011049107142857144 0.021577380952380952
0 0.16975446428571428 0.6323660714285714 0.22142857142857142 0.19092261904761904
1 0.0665213663384219 0.4652246315192744 0.014899553571428572 0.021577380952380952
0 0.39140625 0.30654761904761907 0.22142857142857142 0.12767857142857142
1 0.2944842439573125 0.18095592403628116 0.027483258928571428 0.021577380952380952
0 0.39140625 0.3841517857142857 0.22142857142857142 0.11651785714285715
1 0.2953840765465982 0.3230902777777778 0.029282924107142855 0.021577380952380952
0 0.39140625 0.6051339285714286 0.22142857142857142 0.20580357142857142
1 0.2946028265465982 0.4652246315192744 0.027720424107142858 0.021577380952380952
0 0.6130580357142857 0.3118303571428571 0.22142857142857142 0.11026785714285714
1 0.5126745211297744 0.18095592403628116 0.020521763392857145 0.021577380952380952
0 0.6130580357142857 0.48214285714285715 0.22142857142857142 0.2592261904761905
1 0.5126745211297744 0.3230902777777778 0.020521763392857145 0.021577380952380952
0 0.6130580357142857 0.6165178571428571 0.22142857142857142 0.26398809523809524
1 0.5126884720226316 0.4652246315192744 0.02054966517857143 0.021577380952380952
0 0.8347098214285714 0.272172619047619 0.22142857142857142 0.2735119047619048
1 0.7343525215165222 0.18095592403628116 0.020535714285714286 0.021577380952380952
0 0.8347098214285714 0.3226934523809524 0.22142857142857142 0.3242559523809524
1 0.7343455460700936 0.3230902777777778 0.020521763392857145 0.021577380952380952
0 0.8347098214285714 0.45066964285714284 0.22142857142857142 0.3099702380952381
1 0.7343455460700936 0.4652246315192744 0.020521763392857145 0.021577380952380952
0 0.49832589285714285 0.7102678571428571 0.8785714285714286 0.24077380952380953
1 0.0645961431241362 0.6073589852607709 0.011049107142857144 0.021577380952380952
