0 0.2806919642857143 0.1943452380952381 0.44285714285714284 0.07857142857142857
1 0.06297304751642037 0.1388420414462081 0.007198660714285714 0.021577380952380952
0 0.2806919642857143 0.33288690476190474 0.44285714285714284 0.059226190476190474
1 0.06489827073070609 0.24939098324514994 0.011049107142857144 0.021577380952380952
0 0.2806919642857143 0.4569940476190476 0.44285714285714284 0.05803571428571429
1 0.0668234939449918 0.35993992504409167 0.014899553571428572 0.021577380952380952
0 0.2806919642857143 0.5667410714285714 0.44285714285714284 0.06383928571428571
1 0.07311534662356323 0.47048886684303354 0.027483258928571428 0.021577380952380952
0 0.2806919642857143 0.6416666666666667 0.44285714285714284 0.06488095238095239
1 0.07401517921284895 0.5810378086419753 0.029282924107142855 0.021577380952380952
0 0.2806919642857143 0.7805803571428571 0.44285714285714284 0.04627976190476191
1 0.07323392921284894 0.6915867504409172 0.027720424107142858 0.021577380952380987
0 0.7237723214285714 0.23229166666666667 0.44285714285714284 0.059821428571428574
1 0.5126861414223348 0.1388420414462081 0.020521763392857145 0.021577380952380952
0 0.7237723214285714 0.33288690476190474 0.44285714285714284 0.08244047619047619
1 0.5126861414223348 0.24939098324514994 0.020521763392857145 0.021577380952380952
0 0.7237723214285714 0.4343005952380952 0.44285714285714284 0.11860119047619047
1 0.512700092315192 0.35993992504409167 0.02054966517857143 0.021577380952380952
0 0.7237723214285714 0.5735119047619047 0.44285714285714284 0.1601190476190476
1 0.5126931168687634 0.47048886684303354 0.020535714285714286 0.021577380952380952
0 0.7237723214285714 0.6421875 0.44285714285714284 0.14895833333333333
1 0.5126861414223348 0.5810378086419753 0.020521763392857145 0.021577380952380952
0 0.7237723214285714 0.7631696428571428 0.44285714285714284 0.10461309523809524
1 0.5126861414223348 0.6915867504409172 0.020521763392857145 0.021577380952380987
