0 0.16975446428571428 0.26711309523809523 0.22142857142857142 0.07797619047619048
1 0.06267091990985048 0.18095592403628116 0.007198660714285714 0.021577380952380952
0 0.16975446428571428 0.42477678571428573 0.22142857142857142 0.07723214285714286
1 0.0645961431241362 0.3230902777777778 0.011049107142857144 0.021577380952380952
0 0.16975446428571428 0.5763392857142857 0.22142857142857142 0.035416666666666666
1 0.0665213663384219 0.4652246315192744 0.014899553571428572 0.021577380952380952
0 0.39140625 0.29308035714285713 0.22142857142857142 0.07693452380952381
1 0.2944842439573125 0.18095592403628116 0.027483258928571428 0.021577380952380952
0 0.39140625 0.40982142857142856 0.22142857142857142 0.045535714285714284
1 0.2953840765465982 0.3230902777777778 0.029282924107142855 0.021577380952380952
0 0.39140625 0.5761904761904761 0.22142857142857142 0.04345238095238095
1 0.2946028265465982 0.4652246315192744 0.027720424107142858 0.021577380952380952
0 0.6130580357142857 0.30052083333333335 0.22142857142857142 0.05431547619047619
1 0.5126745211297744 0.18095592403628116 0.020521763392857145 0.021577380952380952
0 0.6130580357142857 0.4476934523809524 0.22142857142857142 0.14211309523809523
1 0.5126745211297744 0.3230902777777778 0.020521763392857145 0.021577380952380952
0 0.6130580357142857 0.5502976190476191 0.22142857142857142 0.16607142857142856
1 0.5126884720226316 0.4652246315192744 0.02054966517857143 0.021577380952380952
0 0.8347098214285714 0.25691964285714286 0.22142857142857142 0.14836309523809524
1 0.7343525215165222 0.18095592403628116 0.020535714285714286 0.021577380952380952
0 0.8347098214285714 0.3998511904761905 0.22142857142857142 0.11577380952380953
1 0.7343455460700936 0.3230902777777778 0.020521763392857145 0.021577380952380952
0 0.8347098214285714 0.5226934523809523 0.22142857142857142 0.11324404761904762
1 0.7343455460700936 0.4652246315192744 0.020521763392857145 0.021577380952380952
0 0.49832589285714285 0.7055059523809524 0.8785714285714286 0.09136904761904761
1 0.0645961431241362 0.6073589852607709 0.011049107142857144 0.021577380952380952
