0 0.16975446428571428 0.24583333333333332 0.22142857142857142 0.12410714285714286
1 0.06267091990985048 0.18095592403628116 0.007198660714285714 0.021577380952380952
0 0.16975446428571428 0.42492559523809526 0.22142857142857142 0.051041666666666666
1 0.0645961431241362 0.3230902777777778 0.011049107142857144 0.021577380952380952
0 0.16975446428571428 0.6152529761904761 0.22142857142857142 0.11949404761904762
1 0.0665213663384219 0.4652246315192744 0.014899553571428572 0.021577380952380952
0 0.39140625 0.2989583333333333 0.22142857142857142 0.06666666666666667
1 0.2944842439573125 0.18095592403628116 0.027483258928571428 0.021577380952380952
0 0.39140625 0.3836309523809524 0.22142857142857142 0.12172619047619047
1 0.2953840765465982 0.3230902777777778 0.029282924107142855 0.021577380952380952
0 0.39140625 0.5916666666666667 0.22142857142857142 0.07589285714285714
1 0.2946028265465982 0.4652246315192744 0.027720424107142858 0.021577380952380952
0 0.6130580357142857 0.31197916666666664 0.22142857142857142 0.0918154761904762
1 0.5126745211297744 0.18095592403628116 0.020521763392857145 0.021577380952380952
0 0.6130580357142857 0.43013392857142857 0.22142857142857142 0.03854166666666667
1 0.5126745211297744 0.3230902777777778 0.020521763392857145 0.021577380952380952
0 0.6130580357142857 0.6011160714285714 0.22142857142857142 0.09211309523809524
1 0.5126884720226316 0.4652246315192744 0.02054966517857143 0.021577380952380952
0 0.8347098214285714 0.2898809523809524 0.22142857142857142 0.18333333333333332
1 0.7343525215165222 0.18095592403628116 0.020535714285714286 0.021577380952380952
0 0.8347098214285714 0.3189732142857143 0.22142857142857142 0.3391369047619048
1 0.7343455460700936 0.3230902777777778 0.020521763392857145 0.021577380952380952
0 0.8347098214285714 0.4745535714285714 0.22142857142857142 0.3053571428571429
1 0.7343455460700936 0.4652246315192744 0.020521763392857145 0.021577380952380952
0 0.49832589285714285 0.7141369047619047 0.8785714285714286 0.06101190476190476
1 0.0645961431241362 0.6073589852607709 0.011049107142857144 0.021577380952380952
