0 0.2806919642857143 0.1927827380952381 0.44285714285714284 0.08616071428571428
1 0.06297304751642037 0.1388420414462081 0.007198660714285714 0.021577380952380952
0 0.2806919642857143 0.3179315476190476 0.44285714285714284 0.05461309523809524
1 0.06489827073070609 0.24939098324514994 0.011049107142857144 0.021577380952380952
0 0.2806919642857143 0.45498511904761907 0.44285714285714284 0.0537202380952381
1 0.0668234939449918 0.35993992504409167 0.014899553571428572 0.021577380952380952
0 0.2806919642857143 0.5741815476190476 0.44285714285714284 0.0644345238095238
1 0.07311534662356323 0.47048886684303354 0.027483258928571428 0.021577380952380952
0 0.2806919642857143 0.6425595238095239 0.44285714285714284 0.06994047619047619
1 0.07401517921284895 0.5810378086419753 0.029282924107142855 0.021577380952380952
0 0.2806919642857143 0.7758928571428572 0.44285714285714284 0.022916666666666665
1 0.07323392921284894 0.6915867504409172 0.027720424107142858 0.021577380952380987
0 0.7237723214285714 0.23660714285714285 0.44285714285714284 0.09107142857142857
1 0.5126861414223348 0.1388420414462081 0.020521763392857145 0.021577380952380952
0 0.7237723214285714 0.36681547619047616 0.44285714285714284 0.20357142857142857
1 0.5126861414223348 0.24939098324514994 0.020521763392857145 0.021577380952380952
0 0.7237723214285714 0.4549107142857143 0.44285714285714284 0.16458333333333333
1 0.512700092315192 0.35993992504409167 0.02054966517857143 0.021577380952380952
0 0.7237723214285714 0.5426339285714286 0.44285714285714284 0.14270833333333333
1 0.5126931168687634 0.47048886684303354 0.020535714285714286 0.021577380952380952
0 0.7237723214285714 0.6351190476190476 0.44285714285714284 0.12678571428571428
1 0.5126861414223348 0.5810378086419753 0.020521763392857145 0.021577380952380952
0 0.7237723214285714 0.7368303571428572 0.44285714285714284 0.10014880952380953
1 0.5126861414223348 0.6915867504409172 0.020521763392857145 0.021577380952380987
