0 0.5022879464285714 0.125 0.8856026785714286 0.04642857142857143
1 0.0631253166160081 0.07988260582010584 0.007198660714285714 0.021577380952380952
0 0.5022879464285714 0.1890625 0.8856026785714286 0.05044642857142857
1 0.06505053983029382 0.1462119708994709 0.011049107142857144 0.021577380952380952
0 0.5022879464285714 0.26331845238095236 0.8856026785714286 0.01711309523809524
1 0.06697576304457953 0.21254133597883595 0.014899553571428572 0.021577380952380952
0 0.5022879464285714 0.3396577380952381 0.8856026785714286 0.04717261904761905
1 0.07326761572315096 0.27887070105820105 0.027483258928571428 0.021577380952380952
0 0.5022879464285714 0.3941220238095238 0.8856026785714286 0.026041666666666668
1 0.07416744831243667 0.3452000661375661 0.029282924107142855 0.021577380952380952
0 0.5022879464285714 0.4581845238095238 0.8856026785714286 0.03184523809523809
1 0.07338619831243667 0.41152943121693125 0.027720424107142858 0.021577380952380952
0 0.5022879464285714 0.5225446428571429 0.8856026785714286 0.04151785714285714
1 0.06978686795529382 0.4778587962962963 0.020521763392857145 0.021577380952380952
0 0.5022879464285714 0.5844494047619048 0.8856026785714286 0.07485119047619047
1 0.06978686795529382 0.5441881613756614 0.020521763392857145 0.021577380952380952
0 0.5022879464285714 0.6375744047619047 0.8856026785714286 0.10788690476190477
1 0.06980081884815097 0.6105175264550264 0.02054966517857143 0.021577380952380952
0 0.5022879464285714 0.6948660714285714 0.8856026785714286 0.12247023809523809
1 0.06979384340172239 0.6768468915343916 0.020535714285714286 0.021577380952380952
0 0.5022879464285714 0.7641369047619048 0.8856026785714286 0.10863095238095238
1 0.06978686795529382 0.7431762566137565 0.020521763392857145 0.021577380952380952
0 0.5022879464285714 0.8389136904761905 0.8856026785714286 0.0837797619047619
1 0.06978686795529382 0.8095056216931217 0.020521763392857145 0.021577380952380952
