0 0.16975446428571428 0.26205357142857144 0.22142857142857142 0.07380952380952381
1 0.06267091990985048 0.18095592403628116 0.007198660714285714 0.021577380952380952
0 0.16975446428571428 0.42351190476190476 0.22142857142857142 0.07589285714285714
1 0.0645961431241362 0.3230902777777778 0.011049107142857144 0.021577380952380952
0 0.16975446428571428 0.5823660714285714 0.22142857142857142 0.07514880952380952
1 0.0665213663384219 0.4652246315192744 0.014899553571428572 0.021577380952380952
0 0.39140625 0.29151785714285716 0.22142857142857142 0.06160714285714286
1 0.2944842439573125 0.18095592403628116 0.027483258928571428 0.021577380952380952
0 0.39140625 0.4081845238095238 0.22142857142857142 0.06666666666666667
1 0.2953840765465982 0.3230902777777778 0.029282924107142855 0.021577380952380952
0 0.39140625 0.5730654761904762 0.22142857142857142 0.07202380952380952
1 0.2946028265465982 0.4652246315192744 0.027720424107142858 0.021577380952380952
0 0.6130580357142857 0.2982886904761905 0.22142857142857142 0.06235119047619048
1 0.5126745211297744 0.18095592403628116 0.020521763392857145 0.021577380952380952
0 0.6130580357142857 0.43273809523809526 0.22142857142857142 0.058333333333333334
1 0.5126745211297744 0.3230902777777778 0.020521763392857145 0.021577380952380952
0 0.6130580357142857 0.5828869047619047 0.22142857142857142 0.12053571428571429
1 0.5126884720226316 0.4652246315192744 0.02054966517857143 0.021577380952380952
0 0.8347098214285714 0.2708333333333333 0.22142857142857142 0.18601190476190477
1 0.7343525215165222 0.18095592403628116 0.020535714285714286 0.021577380952380952
0 0.8347098214285714 0.3924107142857143 0.22142857142857142 0.13898809523809524
1 0.7343455460700936 0.3230902777777778 0.020521763392857145 0.021577380952380952
0 0.8347098214285714 0.5444940476190476 0.22142857142857142 0.07976190476190476
1 0.7343455460700936 0.4652246315192744 0.020521763392857145 0.021577380952380952
0 0.49832589285714285 0.7110863095238096 0.8785714285714286 0.08229166666666667
1 0.0645961431241362 0.6073589852607709 0.011049107142857144 0.021577380952380952
