0 0.2806919642857143 0.21502976190476192 0.44285714285714284 0.09553571428571428
1 0.06297304751642037 0.1388420414462081 0.007198660714285714 0.021577380952380952
0 0.2806919642857143 0.33891369047619047 0.44285714285714284 0.20729166666666668
1 0.06489827073070609 0.24939098324514994 0.011049107142857144 0.021577380952380952
0 0.2806919642857143 0.45148809523809524 0.44285714285714284 0.2904761904761905
1 0.0668234939449918 0.35993992504409167 0.014899553571428572 0.021577380952380952
0 0.2806919642857143 0.5514136904761905 0.44285714285714284 0.06741071428571428
1 0.07311534662356323 0.47048886684303354 0.027483258928571428 0.021577380952380952
0 0.2806919642857143 0.655952380952381 0.44285714285714284 0.19196428571428573
1 0.07401517921284895 0.5810378086419753 0.029282924107142855 0.021577380952380952
0 0.2806919642857143 0.7822172619047619 0.44285714285714284 0.24895833333333334
1 0.07323392921284894 0.6915867504409172 0.027720424107142858 0.021577380952380987
0 0.7237723214285714 0.24910714285714286 0.44285714285714284 0.1125
1 0.5126861414223348 0.1388420414462081 0.020521763392857145 0.021577380952380952
0 0.7237723214285714 0.3949404761904762 0.44285714285714284 0.256547619047619
1 0.5126861414223348 0.24939098324514994 0.020521763392857145 0.021577380952380952
0 0.7237723214285714 0.502529761904762 0.44285714285714284 0.24166666666666667
1 0.512700092315192 0.35993992504409167 0.02054966517857143 0.021577380952380952
0 0.7237723214285714 0.5390625 0.44285714285714284 0.209375
1 0.5126931168687634 0.47048886684303354 0.020535714285714286 0.021577380952380952
0 0.7237723214285714 0.6645833333333333 0.44285714285714284 0.24732142857142858
1 0.5126861414223348 0.5810378086419753 0.020521763392857145 0.021577380952380952
0 0.7237723214285714 0.7455357142857143 0.44285714285714284 0.1288690476190476
1 0.5126861414223348 0.6915867504409172 0.020521763392857145 0.021577380952380987
