0 0.5022879464285714 0.1103422619047619 0.8856026785714286 0.07157738095238095
1 0.0631253166160081 0.07988260582010584 0.007198660714285714 0.021577380952380952
0 0.5022879464285714 0.19285714285714287 0.8856026785714286 0.03482142857142857
1 0.06505053983029382 0.1462119708994709 0.011049107142857144 0.021577380952380952
0 0.5022879464285714 0.2826636904761905 0.8856026785714286 0.0537202380952381
1 0.06697576304457953 0.21254133597883595 0.014899553571428572 0.021577380952380952
0 0.5022879464285714 0.34464285714285714 0.8856026785714286 0.05089285714285714
1 0.07326761572315096 0.27887070105820105 0.027483258928571428 0.021577380952380952
0 0.5022879464285714 0.37730654761904764 0.8856026785714286 0.061160714285714284
1 0.07416744831243667 0.3452000661375661 0.029282924107142855 0.021577380952380952
0 0.5022879464285714 0.46837797619047616 0.8856026785714286 0.026041666666666668
1 0.07338619831243667 0.41152943121693125 0.027720424107142858 0.021577380952380952
0 0.5022879464285714 0.5561755952380952 0.8856026785714286 0.07455357142857143
1 0.06978686795529382 0.4778587962962963 0.020521763392857145 0.021577380952380952
0 0.5022879464285714 0.6212053571428572 0.8856026785714286 0.08467261904761905
1 0.06978686795529382 0.5441881613756614 0.020521763392857145 0.021577380952380952
0 0.5022879464285714 0.6766369047619047 0.8856026785714286 0.08125
1 0.06980081884815097 0.6105175264550264 0.02054966517857143 0.021577380952380952
0 0.5022879464285714 0.7225446428571428 0.8856026785714286 0.07931547619047619
1 0.06979384340172239 0.6768468915343916 0.020535714285714286 0.021577380952380952
0 0.5022879464285714 0.7790922619047619 0.8856026785714286 0.06502976190476191
1 0.06978686795529382 0.7431762566137565 0.020521763392857145 0.021577380952380952
0 0.5022879464285714 0.8497767857142857 0.8856026785714286 0.05133928571428571
1 0.06978686795529382 0.8095056216931217 0.020521763392857145 0.021577380952380952
