0 0.16975446428571428 0.26510416666666664 0.22142857142857142 0.10133928571428572
1 0.06267091990985048 0.18095592403628116 0.007198660714285714 0.021577380952380952
0 0.16975446428571428 0.4290922619047619 0.22142857142857142 0.04211309523809524
1 0.0645961431241362 0.3230902777777778 0.011049107142857144 0.021577380952380952
0 0.16975446428571428 0.5860119047619048 0.22142857142857142 0.11785714285714285
1 0.0665213663384219 0.4652246315192744 0.014899553571428572 0.021577380952380952
0 0.39140625 0.2917410714285714 0.22142857142857142 0.05193452380952381
1 0.2944842439573125 0.18095592403628116 0.027483258928571428 0.021577380952380952
0 0.39140625 0.40677083333333336 0.22142857142857142 0.10550595238095238
1 0.2953840765465982 0.3230902777777778 0.029282924107142855 0.021577380952380952
0 0.39140625 0.5761160714285715 0.22142857142857142 0.07485119047619047
1 0.2946028265465982 0.4652246315192744 0.027720424107142858 0.021577380952380952
0 0.6130580357142857 0.3176339285714286 0.22142857142857142 0.16383928571428572
1 0.5126745211297744 0.18095592403628116 0.020521763392857145 0.021577380952380952
0 0.6130580357142857 0.5127232142857143 0.22142857142857142 0.40669642857142857
1 0.5126745211297744 0.3230902777777778 0.020521763392857145 0.021577380952380952
0 0.6130580357142857 0.6309523809523809 0.22142857142857142 0.2642857142857143
1 0.5126884720226316 0.4652246315192744 0.02054966517857143 0.021577380952380952
0 0.8347098214285714 0.31205357142857143 0.22142857142857142 0.13303571428571428
1 0.7343525215165222 0.18095592403628116 0.020535714285714286 0.021577380952380952
0 0.8347098214285714 0.41517857142857145 0.22142857142857142 0.07529761904761904
1 0.7343455460700936 0.3230902777777778 0.020521763392857145 0.021577380952380952
0 0.8347098214285714 0.5511160714285714 0.22142857142857142 0.07633928571428572
1 0.7343455460700936 0.4652246315192744 0.020521763392857145 0.021577380952380952
0 0.49832589285714285 0.7133184523809524 0.8785714285714286 0.04211309523809524
1 0.0645961431241362 0.6073589852607709 0.011049107142857144 0.021577380952380952
