0 0.2806919642857143 0.2097470238095238 0.44285714285714284 0.04806547619047619
1 0.06297304751642037 0.1388420414462081 0.007198660714285714 0.021577380952380952
0 0.2806919642857143 0.342485119047619 0.44285714285714284 0.056398809523809525
1 0.06489827073070609 0.24939098324514994 0.011049107142857144 0.021577380952380952
0 0.2806919642857143 0.4650297619047619 0.44285714285714284 0.07113095238095238
1 0.0668234939449918 0.35993992504409167 0.014899553571428572 0.021577380952380952
0 0.2806919642857143 0.5587797619047619 0.44285714285714284 0.03898809523809524
1 0.07311534662356323 0.47048886684303354 0.027483258928571428 0.021577380952380952
0 0.2806919642857143 0.6491071428571429 0.44285714285714284 0.05178571428571429
1 0.07401517921284895 0.5810378086419753 0.029282924107142855 0.021577380952380952
0 0.2806919642857143 0.7926339285714286 0.44285714285714284 0.0599702380952381
1 0.07323392921284894 0.6915867504409172 0.027720424107142858 0.021577380952380987
0 0.7237723214285714 0.23549107142857142 0.44285714285714284 0.04598214285714286
1 0.5126861414223348 0.1388420414462081 0.020521763392857145 0.021577380952380952
0 0.7237723214285714 0.35848214285714286 0.44285714285714284 0.11190476190476191
1 0.5126861414223348 0.24939098324514994 0.020521763392857145 0.021577380952380952
0 0.7237723214285714 0.48273809523809524 0.44285714285714284 0.13005952380952382
1 0.512700092315192 0.35993992504409167 0.02054966517857143 0.021577380952380952
0 0.7237723214285714 0.5936011904761904 0.44285714285714284 0.14523809523809525
1 0.5126931168687634 0.47048886684303354 0.020535714285714286 0.021577380952380952
0 0.7237723214285714 0.6722470238095238 0.44285714285714284 0.1400297619047619
1 0.5126861414223348 0.5810378086419753 0.020521763392857145 0.021577380952380952
0 0.7237723214285714 0.7432291666666667 0.44285714285714284 0.11860119047619047
1 0.5126861414223348 0.6915867504409172 0.020521763392857145 0.021577380952380987
