0 0.5022879464285714 0.12998511904761906 0.8856026785714286 0.030208333333333334
1 0.0631253166160081 0.07988260582010584 0.007198660714285714 0.021577380952380952
0 0.5022879464285714 0.18177083333333333 0.8856026785714286 0.06651785714285714
1 0.06505053983029382 0.1462119708994709 0.011049107142857144 0.021577380952380952
0 0.5022879464285714 0.25052083333333336 0.8856026785714286 0.05550595238095238
1 0.06697576304457953 0.21254133597883595 0.014899553571428572 0.021577380952380952
0 0.5022879464285714 0.3404017857142857 0.8856026785714286 0.04300595238095238
1 0.07326761572315096 0.27887070105820105 0.027483258928571428 0.021577380952380952
0 0.5022879464285714 0.4042410714285714 0.8856026785714286 0.029017857142857144
1 0.07416744831243667 0.3452000661375661 0.029282924107142855 0.021577380952380952
0 0.5022879464285714 0.44776785714285716 0.8856026785714286 0.06011904761904762
1 0.07338619831243667 0.41152943121693125 0.027720424107142858 0.021577380952380952
0 0.5022879464285714 0.5406994047619048 0.8856026785714286 0.03616071428571429
1 0.06978686795529382 0.4778587962962963 0.020521763392857145 0.021577380952380952
0 0.5022879464285714 0.6186755952380952 0.8856026785714286 0.08258928571428571
1 0.06978686795529382 0.5441881613756614 0.020521763392857145 0.021577380952380952
0 0.5022879464285714 0.671577380952381 0.8856026785714286 0.07202380952380952
1 0.06980081884815097 0.6105175264550264 0.02054966517857143 0.021577380952380952
0 0.5022879464285714 0.7232142857142857 0.8856026785714286 0.07857142857142857
1 0.06979384340172239 0.6768468915343916 0.020535714285714286 0.021577380952380952
0 0.5022879464285714 0.7661458333333333 0.8856026785714286 0.10758928571428572
1 0.06978686795529382 0.7431762566137565 0.020521763392857145 0.021577380952380952
0 0.5022879464285714 0.8320684523809524 0.8856026785714286 0.08020833333333334
1 0.06978686795529382 0.8095056216931217 0.020521763392857145 0.021577380952380952
