0 0.16975446428571428 0.25037202380952384 0.22142857142857142 0.16979166666666667
1 0.06267091990985048 0.18095592403628116 0.007198660714285714 0.021577380952380952
0 0.16975446428571428 0.3997767857142857 0.22142857142857142 0.09122023809523809
1 0.0645961431241362 0.3230902777777778 0.011049107142857144 0.021577380952380952
0 0.16975446428571428 0.5757440476190476 0.22142857142857142 0.12589285714285714
1 0.0665213663384219 0.4652246315192744 0.014899553571428572 0.021577380952380952
0 0.39140625 0.3169642857142857 0.22142857142857142 0.1181547619047619
1 0.2944842439573125 0.18095592403628116 0.027483258928571428 0.021577380952380952
0 0.39140625 0.404985119047619 0.22142857142857142 0.14568452380952382
1 0.2953840765465982 0.3230902777777778 0.029282924107142855 0.021577380952380952
0 0.39140625 0.554985119047619 0.22142857142857142 0.06681547619047619
1 0.2946028265465982 0.4652246315192744 0.027720424107142858 0.021577380952380952
0 0.6130580357142857 0.3220982142857143 0.22142857142857142 0.10223214285714285
1 0.5126745211297744 0.18095592403628116 0.020521763392857145 0.021577380952380952
0 0.6130580357142857 0.47626488095238095 0.22142857142857142 0.1331845238095238
1 0.5126745211297744 0.3230902777777778 0.020521763392857145 0.021577380952380952
0 0.6130580357142857 0.6189732142857143 0.22142857142857142 0.14211309523809523
1 0.5126884720226316 0.4652246315192744 0.02054966517857143 0.021577380952380952
0 0.8347098214285714 0.3023065476190476 0.22142857142857142 0.0849702380952381
1 0.7343525215165222 0.18095592403628116 0.020535714285714286 0.021577380952380952
0 0.8347098214285714 0.4210565476190476 0.22142857142857142 0.11681547619047619
1 0.7343455460700936 0.3230902777777778 0.020521763392857145 0.021577380952380952
0 0.8347098214285714 0.5432291666666667 0.22142857142857142 0.12336309523809524
1 0.7343455460700936 0.4652246315192744 0.020521763392857145 0.021577380952380952
0 0.49832589285714285 0.6854910714285715 0.8785714285714286 0.09419642857142857
1 0.0645961431241362 0.6073589852607709 0.011049107142857144 0.021577380952380952
