0 0.2806919642857143 0.19352678571428572 0.44285714285714284 0.0775297619047619
1 0.06297304751642037 0.1388420414462081 0.007198660714285714 0.021577380952380952
0 0.2806919642857143 0.29977678571428573 0.44285714285714284 0.09360119047619048
1 0.06489827073070609 0.24939098324514994 0.011049107142857144 0.021577380952380952
0 0.2806919642857143 0.4388392857142857 0.44285714285714284 0.030952380952380953
1 0.0668234939449918 0.35993992504409167 0.014899553571428572 0.021577380952380952
0 0.2806919642857143 0.5834821428571428 0.44285714285714284 0.08333333333333333
1 0.07311534662356323 0.47048886684303354 0.027483258928571428 0.021577380952380952
0 0.2806919642857143 0.6516369047619047 0.44285714285714284 0.04404761904761905
1 0.07401517921284895 0.5810378086419753 0.029282924107142855 0.021577380952380952
0 0.2806919642857143 0.7569196428571429 0.44285714285714284 0.059375
1 0.07323392921284894 0.6915867504409172 0.027720424107142858 0.021577380952380987
0 0.7237723214285714 0.2511904761904762 0.44285714285714284 0.11666666666666667
1 0.5126861414223348 0.1388420414462081 0.020521763392857145 0.021577380952380952
0 0.7237723214285714 0.3664434523809524 0.44285714285714284 0.13854166666666667
1 0.5126861414223348 0.24939098324514994 0.020521763392857145 0.021577380952380952
0 0.7237723214285714 0.4395833333333333 0.44285714285714284 0.20595238095238094
1 0.512700092315192 0.35993992504409167 0.02054966517857143 0.021577380952380952
0 0.7237723214285714 0.5344494047619047 0.44285714285714284 0.13705357142857144
1 0.5126931168687634 0.47048886684303354 0.020535714285714286 0.021577380952380952
0 0.7237723214285714 0.6327380952380952 0.44285714285714284 0.10773809523809524
1 0.5126861414223348 0.5810378086419753 0.020521763392857145 0.021577380952380952
0 0.7237723214285714 0.7481398809523809 0.44285714285714284 0.08883928571428572
1 0.5126861414223348 0.6915867504409172 0.020521763392857145 0.021577380952380987
