0 0.2806919642857143 0.16138392857142858 0.44285714285714284 0.13883928571428572
1 0.06297304751642037 0.1388420414462081 0.007198660714285714 0.021577380952380952
0 0.2806919642857143 0.3098214285714286 0.44285714285714284 0.06696428571428571
1 0.06489827073070609 0.24939098324514994 0.011049107142857144 0.021577380952380952
0 0.2806919642857143 0.47552083333333334 0.44285714285714284 0.09270833333333334
1 0.0668234939449918 0.35993992504409167 0.014899553571428572 0.021577380952380952
0 0.2806919642857143 0.592485119047619 0.44285714285714284 0.10133928571428572
1 0.07311534662356323 0.47048886684303354 0.027483258928571428 0.021577380952380952
0 0.2806919642857143 0.6163690476190476 0.44285714285714284 0.11458333333333333
1 0.07401517921284895 0.5810378086419753 0.029282924107142855 0.021577380952380952
0 0.2806919642857143 0.7758928571428572 0.44285714285714284 0.03184523809523809
1 0.07323392921284894 0.6915867504409172 0.027720424107142858 0.021577380952380987
0 0.7237723214285714 0.22120535714285713 0.44285714285714284 0.29002976190476193
1 0.5126861414223348 0.1388420414462081 0.020521763392857145 0.021577380952380952
0 0.7237723214285714 0.30825892857142856 0.44285714285714284 0.27901785714285715
1 0.5126861414223348 0.24939098324514994 0.020521763392857145 0.021577380952380952
0 0.7237723214285714 0.4529017857142857 0.44285714285714284 0.06681547619047619
1 0.512700092315192 0.35993992504409167 0.02054966517857143 0.021577380952380952
0 0.7237723214285714 0.5222470238095238 0.44285714285714284 0.3686011904761905
1 0.5126931168687634 0.47048886684303354 0.020535714285714286 0.021577380952380952
0 0.7237723214285714 0.6442708333333333 0.44285714285714284 0.13258928571428572
1 0.5126861414223348 0.5810378086419753 0.020521763392857145 0.021577380952380952
0 0.7237723214285714 0.705952380952381 0.44285714285714284 0.24404761904761904
1 0.5126861414223348 0.6915867504409172 0.020521763392857145 0.021577380952380987
