0 0.16975446428571428 0.24427083333333333 0.22142857142857142 0.11532738095238096
1 0.06267091990985048 0.18095592403628116 0.007198660714285714 0.021577380952380952
0 0.16975446428571428 0.4140625 0.22142857142857142 0.06324404761904762
1 0.0645961431241362 0.3230902777777778 0.011049107142857144 0.021577380952380952
0 0.16975446428571428 0.5962053571428572 0.22142857142857142 0.07455357142857143
1 0.0665213663384219 0.4652246315192744 0.014899553571428572 0.021577380952380952
0 0.39140625 0.30967261904761906 0.22142857142857142 0.0880952380952381
1 0.2944842439573125 0.18095592403628116 0.027483258928571428 0.021577380952380952
0 0.39140625 0.3914434523809524 0.22142857142857142 0.08794642857142858
1 0.2953840765465982 0.3230902777777778 0.029282924107142855 0.021577380952380952
0 0.39140625 0.5719494047619048 0.22142857142857142 0.032589285714285716
1 0.2946028265465982 0.4652246315192744 0.027720424107142858 0.021577380952380952
0 0.6130580357142857 0.33497023809523807 0.22142857142857142 0.18511904761904763
1 0.5126745211297744 0.18095592403628116 0.020521763392857145 0.021577380952380952
0 0.6130580357142857 0.4630952380952381 0.22142857142857142 0.1767857142857143
1 0.5126745211297744 0.3230902777777778 0.020521763392857145 0.021577380952380952
0 0.6130580357142857 0.5552827380952381 0.22142857142857142 0.14985119047619047
1 0.5126884720226316 0.4652246315192744 0.02054966517857143 0.021577380952380952
0 0.8347098214285714 0.24977678571428572 0.22142857142857142 0.12574404761904762
1 0.7343525215165222 0.18095592403628116 0.020535714285714286 0.021577380952380952
0 0.8347098214285714 0.39293154761904764 0.22142857142857142 0.09598214285714286
1 0.7343455460700936 0.3230902777777778 0.020521763392857145 0.021577380952380952
0 0.8347098214285714 0.5374255952380952 0.22142857142857142 0.08616071428571428
1 0.7343455460700936 0.4652246315192744 0.020521763392857145 0.021577380952380952
0 0.49832589285714285 0.6842261904761905 0.8785714285714286 0.09166666666666666
1 0.0645961431241362 0.6073589852607709 0.011049107142857144 0.021577380952380952
