0 0.2806919642857143 0.19255952380952382 0.44285714285714284 0.08571428571428572
1 0.06297304751642037 0.1388420414462081 0.007198660714285714 0.021577380952380952
0 0.2806919642857143 0.3163690476190476 0.44285714285714284 0.05476190476190476
1 0.06489827073070609 0.24939098324514994 0.011049107142857144 0.021577380952380952
0 0.2806919642857143 0.4517113095238095 0.44285714285714284 0.04598214285714286
1 0.0668234939449918 0.35993992504409167 0.014899553571428572 0.021577380952380952
0 0.2806919642857143 0.5744047619047619 0.44285714285714284 0.0693452380952381
1 0.07311534662356323 0.47048886684303354 0.027483258928571428 0.021577380952380952
0 0.2806919642857143 0.6436011904761905 0.44285714285714284 0.06369047619047619
1 0.07401517921284895 0.5810378086419753 0.029282924107142855 0.021577380952380952
0 0.2806919642857143 0.7683035714285714 0.44285714285714284 0.03005952380952381
1 0.07323392921284894 0.6915867504409172 0.027720424107142858 0.021577380952380987
0 0.7237723214285714 0.22931547619047618 0.44285714285714284 0.05119047619047619
1 0.5126861414223348 0.1388420414462081 0.020521763392857145 0.021577380952380952
0 0.7237723214285714 0.34561011904761907 0.44285714285714284 0.12217261904761904
1 0.5126861414223348 0.24939098324514994 0.020521763392857145 0.021577380952380952
0 0.7237723214285714 0.43854166666666666 0.44285714285714284 0.12202380952380952
1 0.512700092315192 0.35993992504409167 0.02054966517857143 0.021577380952380952
0 0.7237723214285714 0.514360119047619 0.44285714285714284 0.15907738095238094
1 0.5126931168687634 0.47048886684303354 0.020535714285714286 0.021577380952380952
0 0.7237723214285714 0.6192708333333333 0.44285714285714284 0.1337797619047619
1 0.5126861414223348 0.5810378086419753 0.020521763392857145 0.021577380952380952
0 0.7237723214285714 0.7270833333333333 0.44285714285714284 0.15208333333333332
1 0.5126861414223348 0.6915867504409172 0.020521763392857145 0.021577380952380987
