0 0.5022879464285714 0.12447916666666667 0.8856026785714286 0.030208333333333334
1 0.0631253166160081 0.07988260582010584 0.007198660714285714 0.021577380952380952
0 0.5022879464285714 0.18876488095238095 0.8856026785714286 0.059375
1 0.06505053983029382 0.1462119708994709 0.011049107142857144 0.021577380952380952
0 0.5022879464285714 0.26264880952380953 0.8856026785714286 0.04047619047619048
1 0.06697576304457953 0.21254133597883595 0.014899553571428572 0.021577380952380952
0 0.5022879464285714 0.3398809523809524 0.8856026785714286 0.042261904761904764
1 0.07326761572315096 0.27887070105820105 0.027483258928571428 0.021577380952380952
0 0.5022879464285714 0.39657738095238093 0.8856026785714286 0.016666666666666666
1 0.07416744831243667 0.3452000661375661 0.029282924107142855 0.021577380952380952
0 0.5022879464285714 0.4578125 0.8856026785714286 0.04985119047619048
1 0.07338619831243667 0.41152943121693125 0.027720424107142858 0.021577380952380952
0 0.5022879464285714 0.541592261904762 0.8856026785714286 0.03913690476190476
1 0.06978686795529382 0.4778587962962963 0.020521763392857145 0.021577380952380952
0 0.5022879464285714 0.6059523809523809 0.8856026785714286 0.05863095238095238
1 0.06978686795529382 0.5441881613756614 0.020521763392857145 0.021577380952380952
0 0.5022879464285714 0.6679315476190476 0.8856026785714286 0.06800595238095238
1 0.06980081884815097 0.6105175264550264 0.02054966517857143 0.021577380952380952
0 0.5022879464285714 0.7133184523809524 0.8856026785714286 0.08616071428571428
1 0.06979384340172239 0.6768468915343916 0.020535714285714286 0.021577380952380952
0 0.5022879464285714 0.7756696428571429 0.8856026785714286 0.07931547619047619
1 0.06978686795529382 0.7431762566137565 0.020521763392857145 0.021577380952380952
0 0.5022879464285714 0.8485863095238095 0.8856026785714286 0.08973214285714286
1 0.06978686795529382 0.8095056216931217 0.020521763392857145 0.021577380952380952
