0 0.16975446428571428 0.2630952380952381 0.22142857142857142 0.08898809523809524
1 0.06267091990985048 0.18095592403628116 0.007198660714285714 0.021577380952380952
0 0.16975446428571428 0.3429315476190476 0.22142857142857142 0.30758928571428573
1 0.0645961431241362 0.3230902777777778 0.011049107142857144 0.021577380952380952
0 0.16975446428571428 0.49188988095238095 0.22142857142857142 0.3325892857142857
1 0.0665213663384219 0.4652246315192744 0.014899553571428572 0.021577380952380952
0 0.39140625 0.32775297619047616 0.22142857142857142 0.1480654761904762
1 0.2944842439573125 0.18095592403628116 0.027483258928571428 0.021577380952380952
0 0.39140625 0.46130952380952384 0.22142857142857142 0.18333333333333332
1 0.2953840765465982 0.3230902777777778 0.029282924107142855 0.021577380952380952
0 0.39140625 0.48839285714285713 0.22142857142857142 0.3181547619047619
1 0.2946028265465982 0.4652246315192744 0.027720424107142858 0.021577380952380952
0 0.6130580357142857 0.3157738095238095 0.22142857142857142 0.16130952380952382
1 0.5126745211297744 0.18095592403628116 0.020521763392857145 0.021577380952380952
0 0.6130580357142857 0.4715029761904762 0.22142857142857142 0.22098214285714285
1 0.5126745211297744 0.3230902777777778 0.020521763392857145 0.021577380952380952
0 0.6130580357142857 0.5851190476190476 0.22142857142857142 0.2011904761904762
1 0.5126884720226316 0.4652246315192744 0.02054966517857143 0.021577380952380952
0 0.8347098214285714 0.20200892857142858 0.22142857142857142 0.2563988095238095
1 0.7343525215165222 0.18095592403628116 0.020535714285714286 0.021577380952380952
0 0.8347098214285714 0.3534970238095238 0.22142857142857142 0.2200892857142857
1 0.7343455460700936 0.3230902777777778 0.020521763392857145 0.021577380952380952
0 0.8347098214285714 0.5017113095238095 0.22142857142857142 0.2019345238095238
1 0.7343455460700936 0.4652246315192744 0.020521763392857145 0.021577380952380952
0 0.49832589285714285 0.6251488095238096 0.8785714285714286 0.3119047619047619
1 0.0645961431241362 0.6073589852607709 0.011049107142857144 0.021577380952380952
