0 0.2806919642857143 0.20438988095238095 0.44285714285714284 0.05758928571428571
1 0.06297304751642037 0.1388420414462081 0.007198660714285714 0.021577380952380952
0 0.2806919642857143 0.31726190476190474 0.44285714285714284 0.08154761904761905
1 0.06489827073070609 0.24939098324514994 0.011049107142857144 0.021577380952380952
0 0.2806919642857143 0.4431547619047619 0.44285714285714284 0.044642857142857144
1 0.0668234939449918 0.35993992504409167 0.014899553571428572 0.021577380952380952
0 0.2806919642857143 0.5683035714285715 0.44285714285714284 0.06875
1 0.07311534662356323 0.47048886684303354 0.027483258928571428 0.021577380952380952
0 0.2806919642857143 0.659077380952381 0.44285714285714284 0.0380952380952381
1 0.07401517921284895 0.5810378086419753 0.029282924107142855 0.021577380952380952
0 0.2806919642857143 0.7676339285714285 0.44285714285714284 0.06205357142857143
1 0.07323392921284894 0.6915867504409172 0.027720424107142858 0.021577380952380987
0 0.7237723214285714 0.22574404761904762 0.44285714285714284 0.09017857142857143
1 0.5126861414223348 0.1388420414462081 0.020521763392857145 0.021577380952380952
0 0.7237723214285714 0.36108630952380955 0.44285714285714284 0.1412202380952381
1 0.5126861414223348 0.24939098324514994 0.020521763392857145 0.021577380952380952
0 0.7237723214285714 0.4479910714285714 0.44285714285714284 0.16026785714285716
1 0.512700092315192 0.35993992504409167 0.02054966517857143 0.021577380952380952
0 0.7237723214285714 0.5263392857142857 0.44285714285714284 0.22529761904761905
1 0.5126931168687634 0.47048886684303354 0.020535714285714286 0.021577380952380952
0 0.7237723214285714 0.6180059523809524 0.44285714285714284 0.24494047619047618
1 0.5126861414223348 0.5810378086419753 0.020521763392857145 0.021577380952380952
0 0.7237723214285714 0.7320684523809524 0.44285714285714284 0.31026785714285715
1 0.5126861414223348 0.6915867504409172 0.020521763392857145 0.021577380952380987
