0 0.5022879464285714 0.12135416666666667 0.8856026785714286 0.035863095238095236
1 0.0631253166160081 0.07988260582010584 0.007198660714285714 0.021577380952380952
0 0.5022879464285714 0.18251488095238094 0.8856026785714286 0.04836309523809524
1 0.06505053983029382 0.1462119708994709 0.011049107142857144 0.021577380952380952
0 0.5022879464285714 0.259077380952381 0.8856026785714286 0.02738095238095238
1 0.06697576304457953 0.21254133597883595 0.014899553571428572 0.021577380952380952
0 0.5022879464285714 0.345014880952381 0.8856026785714286 0.04151785714285714
1 0.07326761572315096 0.27887070105820105 0.027483258928571428 0.021577380952380952
0 0.5022879464285714 0.39598214285714284 0.8856026785714286 0.022321428571428572
1 0.07416744831243667 0.3452000661375661 0.029282924107142855 0.021577380952380952
0 0.5022879464285714 0.45342261904761905 0.8856026785714286 0.03511904761904762
1 0.07338619831243667 0.41152943121693125 0.027720424107142858 0.021577380952380952
0 0.5022879464285714 0.5450892857142857 0.8856026785714286 0.04136904761904762
1 0.06978686795529382 0.4778587962962963 0.020521763392857145 0.021577380952380952
0 0.5022879464285714 0.6072916666666667 0.8856026785714286 0.05803571428571429
1 0.06978686795529382 0.5441881613756614 0.020521763392857145 0.021577380952380952
0 0.5022879464285714 0.6584077380952381 0.8856026785714286 0.08199404761904762
1 0.06980081884815097 0.6105175264550264 0.02054966517857143 0.021577380952380952
0 0.5022879464285714 0.692782738095238 0.8856026785714286 0.11860119047619047
1 0.06979384340172239 0.6768468915343916 0.020535714285714286 0.021577380952380952
0 0.5022879464285714 0.7557291666666667 0.8856026785714286 0.10104166666666667
1 0.06978686795529382 0.7431762566137565 0.020521763392857145 0.021577380952380952
0 0.5022879464285714 0.8354910714285714 0.8856026785714286 0.07514880952380952
1 0.06978686795529382 0.8095056216931217 0.020521763392857145 0.021577380952380952
