0 0.16975446428571428 0.24665178571428573 0.22142857142857142 0.10491071428571429
1 0.06267091990985048 0.18095592403628116 0.007198660714285714 0.021577380952380952
0 0.16975446428571428 0.39017857142857143 0.22142857142857142 0.10357142857142858
1 0.0645961431241362 0.3230902777777778 0.011049107142857144 0.021577380952380952
0 0.16975446428571428 0.5563244047619048 0.22142857142857142 0.04479166666666667
1 0.0665213663384219 0.4652246315192744 0.014899553571428572 0.021577380952380952
0 0.39140625 0.32142857142857145 0.22142857142857142 0.10327380952380952
1 0.2944842439573125 0.18095592403628116 0.027483258928571428 0.021577380952380952
0 0.39140625 0.41376488095238095 0.22142857142857142 0.07157738095238095
1 0.2953840765465982 0.3230902777777778 0.029282924107142855 0.021577380952380952
0 0.39140625 0.5515625 0.22142857142857142 0.057291666666666664
1 0.2946028265465982 0.4652246315192744 0.027720424107142858 0.021577380952380952
0 0.6130580357142857 0.3273809523809524 0.22142857142857142 0.1125
1 0.5126745211297744 0.18095592403628116 0.020521763392857145 0.021577380952380952
0 0.6130580357142857 0.4602678571428571 0.22142857142857142 0.12678571428571428
1 0.5126745211297744 0.3230902777777778 0.020521763392857145 0.021577380952380952
0 0.6130580357142857 0.5949404761904762 0.22142857142857142 0.1907738095238095
1 0.5126884720226316 0.4652246315192744 0.02054966517857143 0.021577380952380952
0 0.8347098214285714 0.22313988095238096 0.22142857142857142 0.29002976190476193
1 0.7343525215165222 0.18095592403628116 0.020535714285714286 0.021577380952380952
0 0.8347098214285714 0.32068452380952384 0.22142857142857142 0.3053571428571429
1 0.7343455460700936 0.3230902777777778 0.020521763392857145 0.021577380952380952
0 0.8347098214285714 0.4634672619047619 0.22142857142857142 0.24092261904761905
1 0.7343455460700936 0.4652246315192744 0.020521763392857145 0.021577380952380952
0 0.49832589285714285 0.6726934523809524 0.8785714285714286 0.12068452380952381
1 0.0645961431241362 0.6073589852607709 0.011049107142857144 0.021577380952380952
