0 0.16975446428571428 0.2761904761904762 0.22142857142857142 0.06904761904761905
1 0.06267091990985048 0.18095592403628116 0.007198660714285714 0.021577380952380952
0 0.16975446428571428 0.39166666666666666 0.22142857142857142 0.16547619047619047
1 0.0645961431241362 0.3230902777777778 0.011049107142857144 0.021577380952380952
0 0.16975446428571428 0.5482142857142858 0.22142857142857142 0.11666666666666667
1 0.0665213663384219 0.4652246315192744 0.014899553571428572 0.021577380952380952
0 0.39140625 0.3086309523809524 0.22142857142857142 0.11101190476190476
1 0.2944842439573125 0.18095592403628116 0.027483258928571428 0.021577380952380952
0 0.39140625 0.43266369047619047 0.22142857142857142 0.04836309523809524
1 0.2953840765465982 0.3230902777777778 0.029282924107142855 0.021577380952380952
0 0.39140625 0.5414434523809524 0.22142857142857142 0.14032738095238095
1 0.2946028265465982 0.4652246315192744 0.027720424107142858 0.021577380952380952
0 0.6130580357142857 0.30959821428571427 0.22142857142857142 0.12098214285714286
1 0.5126745211297744 0.18095592403628116 0.020521763392857145 0.021577380952380952
0 0.6130580357142857 0.46837797619047616 0.22142857142857142 0.2019345238095238
1 0.5126745211297744 0.3230902777777778 0.020521763392857145 0.021577380952380952
0 0.6130580357142857 0.5574404761904762 0.22142857142857142 0.17083333333333334
1 0.5126884720226316 0.4652246315192744 0.02054966517857143 0.021577380952380952
0 0.8347098214285714 0.23876488095238096 0.22142857142857142 0.16205357142857144
1 0.7343525215165222 0.18095592403628116 0.020535714285714286 0.021577380952380952
0 0.8347098214285714 0.3743303571428571 0.22142857142857142 0.14776785714285715
1 0.7343455460700936 0.3230902777777778 0.020521763392857145 0.021577380952380952
0 0.8347098214285714 0.5243303571428571 0.22142857142857142 0.1275297619047619
1 0.7343455460700936 0.4652246315192744 0.020521763392857145 0.021577380952380952
0 0.49832589285714285 0.665625 0.8785714285714286 0.18601190476190477
1 0.0645961431241362 0.6073589852607709 0.011049107142857144 0.021577380952380952
