0 0.2806919642857143 0.20811011904761906 0.44285714285714284 0.04925595238095238
1 0.06297304751642037 0.1388420414462081 0.007198660714285714 0.021577380952380952
0 0.2806919642857143 0.3339285714285714 0.44285714285714284 0.0693452380952381
1 0.06489827073070609 0.24939098324514994 0.011049107142857144 0.021577380952380952
0 0.2806919642857143 0.45595238095238094 0.44285714285714284 0.055357142857142855
1 0.0668234939449918 0.35993992504409167 0.014899553571428572 0.021577380952380952
0 0.2806919642857143 0.5588541666666667 0.44285714285714284 0.05610119047619048
1 0.07311534662356323 0.47048886684303354 0.027483258928571428 0.021577380952380952
0 0.2806919642857143 0.6558035714285714 0.44285714285714284 0.04017857142857143
1 0.07401517921284895 0.5810378086419753 0.029282924107142855 0.021577380952380952
0 0.2806919642857143 0.7857142857142857 0.44285714285714284 0.054464285714285715
1 0.07323392921284894 0.6915867504409172 0.027720424107142858 0.021577380952380987
0 0.7237723214285714 0.24464285714285713 0.44285714285714284 0.07529761904761904
1 0.5126861414223348 0.1388420414462081 0.020521763392857145 0.021577380952380952
0 0.7237723214285714 0.36428571428571427 0.44285714285714284 0.17976190476190476
1 0.5126861414223348 0.24939098324514994 0.020521763392857145 0.021577380952380952
0 0.7237723214285714 0.47433035714285715 0.44285714285714284 0.2174107142857143
1 0.512700092315192 0.35993992504409167 0.02054966517857143 0.021577380952380952
0 0.7237723214285714 0.5702380952380952 0.44285714285714284 0.18214285714285713
1 0.5126931168687634 0.47048886684303354 0.020535714285714286 0.021577380952380952
0 0.7237723214285714 0.6483630952380952 0.44285714285714284 0.16517857142857142
1 0.5126861414223348 0.5810378086419753 0.020521763392857145 0.021577380952380952
0 0.7237723214285714 0.7466517857142857 0.44285714285714284 0.13556547619047618
1 0.5126861414223348 0.6915867504409172 0.020521763392857145 0.021577380952380987
