0 0.5022879464285714 0.11108630952380952 0.8856026785714286 0.07008928571428572
1 0.0631253166160081 0.07988260582010584 0.007198660714285714 0.021577380952380952
0 0.5022879464285714 0.18668154761904762 0.8856026785714286 0.04300595238095238
1 0.06505053983029382 0.1462119708994709 0.011049107142857144 0.021577380952380952
0 0.5022879464285714 0.26808035714285716 0.8856026785714286 0.06383928571428571
1 0.06697576304457953 0.21254133597883595 0.014899553571428572 0.021577380952380952
0 0.5022879464285714 0.3464285714285714 0.8856026785714286 0.05119047619047619
1 0.07326761572315096 0.27887070105820105 0.027483258928571428 0.021577380952380952
0 0.5022879464285714 0.384375 0.8856026785714286 0.06369047619047619
1 0.07416744831243667 0.3452000661375661 0.029282924107142855 0.021577380952380952
0 0.5022879464285714 0.4564732142857143 0.8856026785714286 0.04300595238095238
1 0.07338619831243667 0.41152943121693125 0.027720424107142858 0.021577380952380952
0 0.5022879464285714 0.5586309523809524 0.8856026785714286 0.08660714285714285
1 0.06978686795529382 0.4778587962962963 0.020521763392857145 0.021577380952380952
0 0.5022879464285714 0.6264136904761904 0.8856026785714286 0.12098214285714286
1 0.06978686795529382 0.5441881613756614 0.020521763392857145 0.021577380952380952
0 0.5022879464285714 0.7246279761904761 0.8856026785714286 0.2947916666666667
1 0.06980081884815097 0.6105175264550264 0.02054966517857143 0.021577380952380952
0 0.5022879464285714 0.6272321428571429 0.8856026785714286 0.4395833333333333
1 0.06979384340172239 0.6768468915343916 0.020535714285714286 0.021577380952380952
0 0.5022879464285714 0.7764136904761905 0.8856026785714286 0.13645833333333332
1 0.06978686795529382 0.7431762566137565 0.020521763392857145 0.021577380952380952
0 0.5022879464285714 0.8374255952380952 0.8856026785714286 0.11919642857142858
1 0.06978686795529382 0.8095056216931217 0.020521763392857145 0.021577380952380952
