0 0.2806919642857143 0.20610119047619047 0.44285714285714284 0.06428571428571428
1 0.06297304751642037 0.1388420414462081 0.007198660714285714 0.021577380952380952
0 0.2806919642857143 0.3235119047619048 0.44285714285714284 0.046130952380952384
1 0.06489827073070609 0.24939098324514994 0.011049107142857144 0.021577380952380952
0 0.2806919642857143 0.4496279761904762 0.44285714285714284 0.05461309523809524
1 0.0668234939449918 0.35993992504409167 0.014899553571428572 0.021577380952380952
0 0.2806919642857143 0.5617559523809523 0.44285714285714284 0.04494047619047619
1 0.07311534662356323 0.47048886684303354 0.027483258928571428 0.021577380952380952
0 0.2806919642857143 0.6511904761904762 0.44285714285714284 0.05714285714285714
1 0.07401517921284895 0.5810378086419753 0.029282924107142855 0.021577380952380952
0 0.2806919642857143 0.7708333333333334 0.44285714285714284 0.03869047619047619
1 0.07323392921284894 0.6915867504409172 0.027720424107142858 0.021577380952380987
0 0.7237723214285714 0.23452380952380952 0.44285714285714284 0.06964285714285715
1 0.5126861414223348 0.1388420414462081 0.020521763392857145 0.021577380952380952
0 0.7237723214285714 0.33110119047619047 0.44285714285714284 0.11845238095238095
1 0.5126861414223348 0.24939098324514994 0.020521763392857145 0.021577380952380952
0 0.7237723214285714 0.43645833333333334 0.44285714285714284 0.2086309523809524
1 0.512700092315192 0.35993992504409167 0.02054966517857143 0.021577380952380952
0 0.7237723214285714 0.5544642857142857 0.44285714285714284 0.11666666666666667
1 0.5126931168687634 0.47048886684303354 0.020535714285714286 0.021577380952380952
0 0.7237723214285714 0.6281994047619047 0.44285714285714284 0.13616071428571427
1 0.5126861414223348 0.5810378086419753 0.020521763392857145 0.021577380952380952
0 0.7237723214285714 0.7309523809523809 0.44285714285714284 0.13452380952380952
1 0.5126861414223348 0.6915867504409172 0.020521763392857145 0.021577380952380987
