0 0.16975446428571428 0.2433779761904762 0.22142857142857142 0.11711309523809524
1 0.06267091990985048 0.18095592403628116 0.007198660714285714 0.021577380952380952
0 0.16975446428571428 0.37797619047619047 0.22142857142857142 0.15119047619047618
1 0.0645961431241362 0.3230902777777778 0.011049107142857144 0.021577380952380952
0 0.16975446428571428 0.5755208333333334 0.22142857142857142 0.1269345238095238
1 0.0665213663384219 0.4652246315192744 0.014899553571428572 0.021577380952380952
0 0.39140625 0.3301339285714286 0.22142857142857142 0.12068452380952381
1 0.2944842439573125 0.18095592403628116 0.027483258928571428 0.021577380952380952
0 0.39140625 0.3951636904761905 0.22142857142857142 0.09479166666666666
1 0.2953840765465982 0.3230902777777778 0.029282924107142855 0.021577380952380952
0 0.39140625 0.5448660714285715 0.22142857142857142 0.1331845238095238
1 0.2946028265465982 0.4652246315192744 0.027720424107142858 0.021577380952380952
0 0.6130580357142857 0.32864583333333336 0.22142857142857142 0.121875
1 0.5126745211297744 0.18095592403628116 0.020521763392857145 0.021577380952380952
0 0.6130580357142857 0.39367559523809526 0.22142857142857142 0.1263392857142857
1 0.5126745211297744 0.3230902777777778 0.020521763392857145 0.021577380952380952
0 0.6130580357142857 0.5610119047619048 0.22142857142857142 0.15922619047619047
1 0.5126884720226316 0.4652246315192744 0.02054966517857143 0.021577380952380952
0 0.8347098214285714 0.1828125 0.22142857142857142 0.2944940476190476
1 0.7343525215165222 0.18095592403628116 0.020535714285714286 0.021577380952380952
0 0.8347098214285714 0.3295386904761905 0.22142857142857142 0.23735119047619047
1 0.7343455460700936 0.3230902777777778 0.020521763392857145 0.021577380952380952
0 0.8347098214285714 0.5087053571428571 0.22142857142857142 0.19955357142857144
1 0.7343455460700936 0.4652246315192744 0.020521763392857145 0.021577380952380952
0 0.49832589285714285 0.6593005952380953 0.8785714285714286 0.15907738095238094
1 0.0645961431241362 0.6073589852607709 0.011049107142857144 0.021577380952380952
