0 0.16975446428571428 0.2579613095238095 0.22142857142857142 0.09479166666666666
1 0.06267091990985048 0.18095592403628116 0.007198660714285714 0.021577380952380952
0 0.16975446428571428 0.4167410714285714 0.22142857142857142 0.05580357142857143
1 0.0645961431241362 0.3230902777777778 0.011049107142857144 0.021577380952380952
0 0.16975446428571428 0.5813244047619047 0.22142857142857142 0.05074404761904762
1 0.0665213663384219 0.4652246315192744 0.014899553571428572 0.021577380952380952
0 0.39140625 0.3020833333333333 0.22142857142857142 0.07529761904761904
1 0.2944842439573125 0.18095592403628116 0.027483258928571428 0.021577380952380952
0 0.39140625 0.40580357142857143 0.22142857142857142 0.07083333333333333
1 0.2953840765465982 0.3230902777777778 0.029282924107142855 0.021577380952380952
0 0.39140625 0.5664434523809524 0.22142857142857142 0.021875
1 0.2946028265465982 0.4652246315192744 0.027720424107142858 0.021577380952380952
0 0.6130580357142857 0.30952380952380953 0.22142857142857142 0.08154761904761905
1 0.5126745211297744 0.18095592403628116 0.020521763392857145 0.021577380952380952
0 0.6130580357142857 0.45208333333333334 0.22142857142857142 0.0988095238095238
1 0.5126745211297744 0.3230902777777778 0.020521763392857145 0.021577380952380952
0 0.6130580357142857 0.588764880952381 0.22142857142857142 0.1605654761904762
1 0.5126884720226316 0.4652246315192744 0.02054966517857143 0.021577380952380952
0 0.8347098214285714 0.26711309523809523 0.22142857142857142 0.1913690476190476
1 0.7343525215165222 0.18095592403628116 0.020535714285714286 0.021577380952380952
0 0.8347098214285714 0.3771577380952381 0.22142857142857142 0.17991071428571428
1 0.7343455460700936 0.3230902777777778 0.020521763392857145 0.021577380952380952
0 0.8347098214285714 0.5413690476190476 0.22142857142857142 0.08779761904761904
1 0.7343455460700936 0.4652246315192744 0.020521763392857145 0.021577380952380952
0 0.49832589285714285 0.7007440476190476 0.8785714285714286 0.06726190476190476
1 0.0645961431241362 0.6073589852607709 0.011049107142857144 0.021577380952380952
