0 0.16975446428571428 0.26450892857142855 0.22142857142857142 0.07276785714285715
1 0.06267091990985048 0.18095592403628116 0.007198660714285714 0.021577380952380952
0 0.16975446428571428 0.4251488095238095 0.22142857142857142 0.11101190476190476
1 0.0645961431241362 0.3230902777777778 0.011049107142857144 0.021577380952380952
0 0.16975446428571428 0.5888392857142857 0.22142857142857142 0.07529761904761904
1 0.0665213663384219 0.4652246315192744 0.014899553571428572 0.021577380952380952
0 0.39140625 0.295610119047619 0.22142857142857142 0.08883928571428572
1 0.2944842439573125 0.18095592403628116 0.027483258928571428 0.021577380952380952
0 0.39140625 0.4105654761904762 0.22142857142857142 0.050595238095238096
1 0.2953840765465982 0.3230902777777778 0.029282924107142855 0.021577380952380952
0 0.39140625 0.5801339285714285 0.22142857142857142 0.08854166666666667
1 0.2946028265465982 0.4652246315192744 0.027720424107142858 0.021577380952380952
0 0.6130580357142857 0.30714285714285716 0.22142857142857142 0.08571428571428572
1 0.5126745211297744 0.18095592403628116 0.020521763392857145 0.021577380952380952
0 0.6130580357142857 0.4662202380952381 0.22142857142857142 0.1619047619047619
1 0.5126745211297744 0.3230902777777778 0.020521763392857145 0.021577380952380952
0 0.6130580357142857 0.5584077380952381 0.22142857142857142 0.2132440476190476
1 0.5126884720226316 0.4652246315192744 0.02054966517857143 0.021577380952380952
0 0.8347098214285714 0.2311011904761905 0.22142857142857142 0.2726190476190476
1 0.7343525215165222 0.18095592403628116 0.020535714285714286 0.021577380952380952
0 0.8347098214285714 0.34910714285714284 0.22142857142857142 0.2386904761904762
1 0.7343455460700936 0.3230902777777778 0.020521763392857145 0.021577380952380952
0 0.8347098214285714 0.5098214285714285 0.22142857142857142 0.15178571428571427
1 0.7343455460700936 0.4652246315192744 0.020521763392857145 0.021577380952380952
0 0.49832589285714285 0.7033482142857143 0.8785714285714286 0.1230654761904762
1 0.0645961431241362 0.6073589852607709 0.011049107142857144 0.021577380952380952
