0 0.2806919642857143 0.21175595238095238 0.44285714285714284 0.04702380952380952
1 0.06297304751642037 0.1388420414462081 0.007198660714285714 0.021577380952380952
0 0.2806919642857143 0.3299107142857143 0.44285714285714284 0.04970238095238095
1 0.06489827073070609 0.24939098324514994 0.011049107142857144 0.021577380952380952
0 0.2806919642857143 0.4498511904761905 0.44285714285714284 0.037797619047619045
1 0.0668234939449918 0.35993992504409167 0.014899553571428572 0.021577380952380952
0 0.2806919642857143 0.5582589285714286 0.44285714285714284 0.04330357142857143
1 0.07311534662356323 0.47048886684303354 0.027483258928571428 0.021577380952380952
0 0.2806919642857143 0.6566964285714286 0.44285714285714284 0.03482142857142857
1 0.07401517921284895 0.5810378086419753 0.029282924107142855 0.021577380952380952
0 0.2806919642857143 0.7772321428571428 0.44285714285714284 0.0380952380952381
1 0.07323392921284894 0.6915867504409172 0.027720424107142858 0.021577380952380987
0 0.7237723214285714 0.23816964285714284 0.44285714285714284 0.05610119047619048
1 0.5126861414223348 0.1388420414462081 0.020521763392857145 0.021577380952380952
0 0.7237723214285714 0.3572916666666667 0.44285714285714284 0.1380952380952381
1 0.5126861414223348 0.24939098324514994 0.020521763392857145 0.021577380952380952
0 0.7237723214285714 0.459672619047619 0.44285714285714284 0.23898809523809525
1 0.512700092315192 0.35993992504409167 0.02054966517857143 0.021577380952380952
0 0.7237723214285714 0.5338541666666666 0.44285714285714284 0.2287202380952381
1 0.5126931168687634 0.47048886684303354 0.020535714285714286 0.021577380952380952
0 0.7237723214285714 0.6383184523809524 0.44285714285714284 0.15282738095238096
1 0.5126861414223348 0.5810378086419753 0.020521763392857145 0.021577380952380952
0 0.7237723214285714 0.7546130952380953 0.44285714285714284 0.07916666666666666
1 0.5126861414223348 0.6915867504409172 0.020521763392857145 0.021577380952380987
