0 0.16975446428571428 0.2511904761904762 0.22142857142857142 0.1005952380952381
1 0.06267091990985048 0.18095592403628116 0.007198660714285714 0.021577380952380952
0 0.16975446428571428 0.38110119047619045 0.22142857142857142 0.15
1 0.0645961431241362 0.3230902777777778 0.011049107142857144 0.021577380952380952
0 0.16975446428571428 0.5581101190476191 0.22142857142857142 0.06354166666666666
1 0.0665213663384219 0.4652246315192744 0.014899553571428572 0.021577380952380952
0 0.39140625 0.3240327380952381 0.22142857142857142 0.12366071428571429
1 0.2944842439573125 0.18095592403628116 0.027483258928571428 0.021577380952380952
0 0.39140625 0.41941964285714284 0.22142857142857142 0.04717261904761905
1 0.2953840765465982 0.3230902777777778 0.029282924107142855 0.021577380952380952
0 0.39140625 0.5408482142857143 0.22142857142857142 0.1043154761904762
1 0.2946028265465982 0.4652246315192744 0.027720424107142858 0.021577380952380952
0 0.6130580357142857 0.31220238095238095 0.22142857142857142 0.12678571428571428
1 0.5126745211297744 0.18095592403628116 0.020521763392857145 0.021577380952380952
0 0.6130580357142857 0.4408482142857143 0.22142857142857142 0.15997023809523808
1 0.5126745211297744 0.3230902777777778 0.020521763392857145 0.021577380952380952
0 0.6130580357142857 0.5192708333333333 0.22142857142857142 0.1587797619047619
1 0.5126884720226316 0.4652246315192744 0.02054966517857143 0.021577380952380952
0 0.8347098214285714 0.20595238095238094 0.22142857142857142 0.2
1 0.7343525215165222 0.18095592403628116 0.020535714285714286 0.021577380952380952
0 0.8347098214285714 0.35044642857142855 0.22142857142857142 0.1761904761904762
1 0.7343455460700936 0.3230902777777778 0.020521763392857145 0.021577380952380952
0 0.8347098214285714 0.5055059523809524 0.22142857142857142 0.14732142857142858
1 0.7343455460700936 0.4652246315192744 0.020521763392857145 0.021577380952380952
0 0.49832589285714285 0.6611607142857143 0.8785714285714286 0.15833333333333333
1 0.0645961431241362 0.6073589852607709 0.011049107142857144 0.021577380952380952
