0 0.2806919642857143 0.2056547619047619 0.44285714285714284 0.052083333333333336
1 0.06297304751642037 0.1388420414462081 0.007198660714285714 0.021577380952380952
0 0.2806919642857143 0.3092261904761905 0.44285714285714284 0.07053571428571428
1 0.06489827073070609 0.24939098324514994 0.011049107142857144 0.021577380952380952
0 0.2806919642857143 0.43980654761904764 0.44285714285714284 0.040625
1 0.0668234939449918 0.35993992504409167 0.014899553571428572 0.021577380952380952
0 0.2806919642857143 0.5723958333333333 0.44285714285714284 0.059375
1 0.07311534662356323 0.47048886684303354 0.027483258928571428 0.021577380952380952
0 0.2806919642857143 0.6584077380952381 0.44285714285714284 0.028720238095238094
1 0.07401517921284895 0.5810378086419753 0.029282924107142855 0.021577380952380952
0 0.2806919642857143 0.7616071428571428 0.44285714285714284 0.051488095238095236
1 0.07323392921284894 0.6915867504409172 0.027720424107142858 0.021577380952380987
0 0.7237723214285714 0.23816964285714284 0.44285714285714284 0.09211309523809524
1 0.5126861414223348 0.1388420414462081 0.020521763392857145 0.021577380952380952
0 0.7237723214285714 0.3445684523809524 0.44285714285714284 0.18467261904761906
1 0.5126861414223348 0.24939098324514994 0.020521763392857145 0.021577380952380952
0 0.7237723214285714 0.41882440476190474 0.44285714285714284 0.21026785714285715
1 0.512700092315192 0.35993992504409167 0.02054966517857143 0.021577380952380952
0 0.7237723214285714 0.5136160714285715 0.44285714285714284 0.17157738095238095
1 0.5126931168687634 0.47048886684303354 0.020535714285714286 0.021577380952380952
0 0.7237723214285714 0.6279761904761905 0.44285714285714284 0.12083333333333333
1 0.5126861414223348 0.5810378086419753 0.020521763392857145 0.021577380952380952
0 0.7237723214285714 0.7430803571428571 0.44285714285714284 0.08616071428571428
1 0.5126861414223348 0.6915867504409172 0.020521763392857145 0.021577380952380987
