0 0.2806919642857143 0.19583333333333333 0.44285714285714284 0.07321428571428572
1 0.06297304751642037 0.1388420414462081 0.007198660714285714 0.021577380952380952
0 0.2806919642857143 0.29985119047619047 0.44285714285714284 0.09375
1 0.06489827073070609 0.24939098324514994 0.011049107142857144 0.021577380952380952
0 0.2806919642857143 0.44166666666666665 0.44285714285714284 0.06279761904761905
1 0.0668234939449918 0.35993992504409167 0.014899553571428572 0.021577380952380952
0 0.2806919642857143 0.5808779761904762 0.44285714285714284 0.078125
1 0.07311534662356323 0.47048886684303354 0.027483258928571428 0.021577380952380952
0 0.2806919642857143 0.6529017857142857 0.44285714285714284 0.050148809523809526
1 0.07401517921284895 0.5810378086419753 0.029282924107142855 0.021577380952380952
0 0.2806919642857143 0.7569940476190476 0.44285714285714284 0.07321428571428572
1 0.07323392921284894 0.6915867504409172 0.027720424107142858 0.021577380952380987
0 0.7237723214285714 0.27961309523809524 0.44285714285714284 0.14851190476190476
1 0.5126861414223348 0.1388420414462081 0.020521763392857145 0.021577380952380952
0 0.7237723214285714 0.39404761904761904 0.44285714285714284 0.22470238095238096
1 0.5126861414223348 0.24939098324514994 0.020521763392857145 0.021577380952380952
0 0.7237723214285714 0.49404761904761907 0.44285714285714284 0.19404761904761905
1 0.512700092315192 0.35993992504409167 0.02054966517857143 0.021577380952380952
0 0.7237723214285714 0.5303571428571429 0.44285714285714284 0.10119047619047619
1 0.5126931168687634 0.47048886684303354 0.020535714285714286 0.021577380952380952
0 0.7237723214285714 0.6238839285714286 0.44285714285714284 0.12276785714285714
1 0.5126861414223348 0.5810378086419753 0.020521763392857145 0.021577380952380952
0 0.7237723214285714 0.7367559523809524 0.44285714285714284 0.0988095238095238
1 0.5126861414223348 0.6915867504409172 0.020521763392857145 0.021577380952380987
