0 0.5022879464285714 0.11175595238095239 0.8856026785714286 0.058333333333333334
1 0.0631253166160081 0.07988260582010584 0.007198660714285714 0.021577380952380952
0 0.5022879464285714 0.1796875 0.8856026785714286 0.06502976190476191
1 0.06505053983029382 0.1462119708994709 0.011049107142857144 0.021577380952380952
0 0.5022879464285714 0.2590029761904762 0.8856026785714286 0.033482142857142856
1 0.06697576304457953 0.21254133597883595 0.014899553571428572 0.021577380952380952
0 0.5022879464285714 0.3515625 0.8856026785714286 0.05967261904761905
1 0.07326761572315096 0.27887070105820105 0.027483258928571428 0.021577380952380952
0 0.5022879464285714 0.38950892857142855 0.8856026785714286 0.037351190476190475
1 0.07416744831243667 0.3452000661375661 0.029282924107142855 0.021577380952380952
0 0.5022879464285714 0.45148809523809524 0.8856026785714286 0.04880952380952381
1 0.07338619831243667 0.41152943121693125 0.027720424107142858 0.021577380952380952
0 0.5022879464285714 0.5464285714285714 0.8856026785714286 0.055952380952380955
1 0.06978686795529382 0.4778587962962963 0.020521763392857145 0.021577380952380952
0 0.5022879464285714 0.6031994047619048 0.8856026785714286 0.07574404761904761
1 0.06978686795529382 0.5441881613756614 0.020521763392857145 0.021577380952380952
0 0.5022879464285714 0.6355654761904762 0.8856026785714286 0.08988095238095238
1 0.06980081884815097 0.6105175264550264 0.02054966517857143 0.021577380952380952
0 0.5022879464285714 0.6952380952380952 0.8856026785714286 0.09702380952380953
1 0.06979384340172239 0.6768468915343916 0.020535714285714286 0.021577380952380952
0 0.5022879464285714 0.7657738095238096 0.8856026785714286 0.08154761904761905
1 0.06978686795529382 0.7431762566137565 0.020521763392857145 0.021577380952380952
0 0.5022879464285714 0.8376488095238095 0.8856026785714286 0.06636904761904762
1 0.06978686795529382 0.8095056216931217 0.020521763392857145 0.021577380952380952
