0 0.2806919642857143 0.18697916666666667 0.44285714285714284 0.09151785714285714
1 0.06297304751642037 0.1388420414462081 0.007198660714285714 0.021577380952380952
0 0.2806919642857143 0.3098214285714286 0.44285714285714284 0.08779761904761904
1 0.06489827073070609 0.24939098324514994 0.011049107142857144 0.021577380952380952
0 0.2806919642857143 0.44620535714285714 0.44285714285714284 0.0337797619047619
1 0.0668234939449918 0.35993992504409167 0.014899553571428572 0.021577380952380952
0 0.2806919642857143 0.5805059523809524 0.44285714285714284 0.08482142857142858
1 0.07311534662356323 0.47048886684303354 0.027483258928571428 0.021577380952380952
0 0.2806919642857143 0.6433779761904762 0.44285714285714284 0.061160714285714284
1 0.07401517921284895 0.5810378086419753 0.029282924107142855 0.021577380952380952
0 0.2806919642857143 0.7660714285714286 0.44285714285714284 0.05505952380952381
1 0.07323392921284894 0.6915867504409172 0.027720424107142858 0.021577380952380987
0 0.7237723214285714 0.24226190476190476 0.44285714285714284 0.07321428571428572
1 0.5126861414223348 0.1388420414462081 0.020521763392857145 0.021577380952380952
0 0.7237723214285714 0.33296130952380953 0.44285714285714284 0.07276785714285715
1 0.5126861414223348 0.24939098324514994 0.020521763392857145 0.021577380952380952
0 0.7237723214285714 0.4429315476190476 0.44285714285714284 0.07693452380952381
1 0.512700092315192 0.35993992504409167 0.02054966517857143 0.021577380952380952
0 0.7237723214285714 0.5374255952380952 0.44285714285714284 0.08794642857142858
1 0.5126931168687634 0.47048886684303354 0.020535714285714286 0.021577380952380952
0 0.7237723214285714 0.6338541666666667 0.44285714285714284 0.1087797619047619
1 0.5126861414223348 0.5810378086419753 0.020521763392857145 0.021577380952380952
0 0.7237723214285714 0.7484375 0.44285714285714284 0.07961309523809523
1 0.5126861414223348 0.6915867504409172 0.020521763392857145 0.021577380952380987
