0 0.5022879464285714 0.13407738095238095 0.8856026785714286 0.044642857142857144
1 0.0631253166160081 0.07988260582010584 0.007198660714285714 0.021577380952380952
0 0.5022879464285714 0.1819940476190476 0.8856026785714286 0.060714285714285714
1 0.06505053983029382 0.1462119708994709 0.011049107142857144 0.021577380952380952
0 0.5022879464285714 0.24739583333333334 0.8856026785714286 0.05461309523809524
1 0.06697576304457953 0.21254133597883595 0.014899553571428572 0.021577380952380952
0 0.5022879464285714 0.33883928571428573 0.8856026785714286 0.049107142857142856
1 0.07326761572315096 0.27887070105820105 0.027483258928571428 0.021577380952380952
0 0.5022879464285714 0.4068452380952381 0.8856026785714286 0.0443452380952381
1 0.07416744831243667 0.3452000661375661 0.029282924107142855 0.021577380952380952
0 0.5022879464285714 0.446875 0.8856026785714286 0.05416666666666667
1 0.07338619831243667 0.41152943121693125 0.027720424107142858 0.021577380952380952
0 0.5022879464285714 0.5139880952380952 0.8856026785714286 0.0800595238095238
1 0.06978686795529382 0.4778587962962963 0.020521763392857145 0.021577380952380952
0 0.5022879464285714 0.5823660714285714 0.8856026785714286 0.05431547619047619
1 0.06978686795529382 0.5441881613756614 0.020521763392857145 0.021577380952380952
0 0.5022879464285714 0.6450892857142857 0.8856026785714286 0.05625
1 0.06980081884815097 0.6105175264550264 0.02054966517857143 0.021577380952380952
0 0.5022879464285714 0.6918154761904762 0.8856026785714286 0.12589285714285714
1 0.06979384340172239 0.6768468915343916 0.020535714285714286 0.021577380952380952
0 0.5022879464285714 0.7622023809523809 0.8856026785714286 0.14017857142857143
1 0.06978686795529382 0.7431762566137565 0.020521763392857145 0.021577380952380952
0 0.5022879464285714 0.8439732142857143 0.8856026785714286 0.09032738095238095
1 0.06978686795529382 0.8095056216931217 0.020521763392857145 0.021577380952380952
