0 0.16975446428571428 0.2735863095238095 0.22142857142857142 0.053422619047619045
1 0.06267091990985048 0.18095592403628116 0.007198660714285714 0.021577380952380952
0 0.16975446428571428 0.3703869047619048 0.22142857142857142 0.1619047619047619
1 0.0645961431241362 0.3230902777777778 0.011049107142857144 0.021577380952380952
0 0.16975446428571428 0.5238095238095238 0.22142857142857142 0.13482142857142856
1 0.0665213663384219 0.4652246315192744 0.014899553571428572 0.021577380952380952
0 0.39140625 0.3164434523809524 0.22142857142857142 0.09955357142857142
1 0.2944842439573125 0.18095592403628116 0.027483258928571428 0.021577380952380952
0 0.39140625 0.44032738095238094 0.22142857142857142 0.0625
1 0.2953840765465982 0.3230902777777778 0.029282924107142855 0.021577380952380952
0 0.39140625 0.5182291666666666 0.22142857142857142 0.14836309523809524
1 0.2946028265465982 0.4652246315192744 0.027720424107142858 0.021577380952380952
0 0.6130580357142857 0.2890625 0.22142857142857142 0.14925595238095238
1 0.5126745211297744 0.18095592403628116 0.020521763392857145 0.021577380952380952
0 0.6130580357142857 0.44694940476190476 0.22142857142857142 0.24836309523809524
1 0.5126745211297744 0.3230902777777778 0.020521763392857145 0.021577380952380952
0 0.6130580357142857 0.5630952380952381 0.22142857142857142 0.12797619047619047
1 0.5126884720226316 0.4652246315192744 0.02054966517857143 0.021577380952380952
0 0.8347098214285714 0.2546875 0.22142857142857142 0.15550595238095238
1 0.7343525215165222 0.18095592403628116 0.020535714285714286 0.021577380952380952
0 0.8347098214285714 0.3547619047619048 0.22142857142857142 0.1949404761904762
1 0.7343455460700936 0.3230902777777778 0.020521763392857145 0.021577380952380952
0 0.8347098214285714 0.5174851190476191 0.22142857142857142 0.13913690476190477
1 0.7343455460700936 0.4652246315192744 0.020521763392857145 0.021577380952380952
0 0.49832589285714285 0.6577380952380952 0.8785714285714286 0.16815476190476192
1 0.0645961431241362 0.6073589852607709 0.011049107142857144 0.021577380952380952
