0 0.16975446428571428 0.27313988095238095 0.22142857142857142 0.05580357142857143
1 0.06267091990985048 0.18095592403628116 0.007198660714285714 0.021577380952380952
0 0.16975446428571428 0.4023809523809524 0.22142857142857142 0.07797619047619048
1 0.0645961431241362 0.3230902777777778 0.011049107142857144 0.021577380952380952
0 0.16975446428571428 0.5540178571428571 0.22142857142857142 0.05089285714285714
1 0.0665213663384219 0.4652246315192744 0.014899553571428572 0.021577380952380952
0 0.39140625 0.30379464285714286 0.22142857142857142 0.06235119047619048
1 0.2944842439573125 0.18095592403628116 0.027483258928571428 0.021577380952380952
0 0.39140625 0.43139880952380955 0.22142857142857142 0.030952380952380953
1 0.2953840765465982 0.3230902777777778 0.029282924107142855 0.021577380952380952
0 0.39140625 0.5492559523809524 0.22142857142857142 0.06339285714285714
1 0.2946028265465982 0.4652246315192744 0.027720424107142858 0.021577380952380952
0 0.6130580357142857 0.31354166666666666 0.22142857142857142 0.10119047619047619
1 0.5126745211297744 0.18095592403628116 0.020521763392857145 0.021577380952380952
0 0.6130580357142857 0.4663690476190476 0.22142857142857142 0.27529761904761907
1 0.5126745211297744 0.3230902777777778 0.020521763392857145 0.021577380952380952
0 0.6130580357142857 0.5802083333333333 0.22142857142857142 0.14345238095238094
1 0.5126884720226316 0.4652246315192744 0.02054966517857143 0.021577380952380952
0 0.8347098214285714 0.24203869047619048 0.22142857142857142 0.17366071428571428
1 0.7343525215165222 0.18095592403628116 0.020535714285714286 0.021577380952380952
0 0.8347098214285714 0.3699404761904762 0.22142857142857142 0.1601190476190476
1 0.7343455460700936 0.3230902777777778 0.020521763392857145 0.021577380952380952
0 0.8347098214285714 0.5209821428571428 0.22142857142857142 0.11636904761904762
1 0.7343455460700936 0.4652246315192744 0.020521763392857145 0.021577380952380952
0 0.49832589285714285 0.6851934523809524 0.8785714285714286 0.08467261904761905
1 0.0645961431241362 0.6073589852607709 0.011049107142857144 0.021577380952380952
