0 0.16975446428571428 0.26674107142857145 0.22142857142857142 0.08913690476190476
1 0.06267091990985048 0.18095592403628116 0.007198660714285714 0.021577380952380952
0 0.16975446428571428 0.43080357142857145 0.22142857142857142 0.09732142857142857
1 0.0645961431241362 0.3230902777777778 0.011049107142857144 0.021577380952380952
0 0.16975446428571428 0.5803571428571429 0.22142857142857142 0.05505952380952381
1 0.0665213663384219 0.4652246315192744 0.014899553571428572 0.021577380952380952
0 0.39140625 0.29151785714285716 0.22142857142857142 0.08958333333333333
1 0.2944842439573125 0.18095592403628116 0.027483258928571428 0.021577380952380952
0 0.39140625 0.4103422619047619 0.22142857142857142 0.061755952380952384
1 0.2953840765465982 0.3230902777777778 0.029282924107142855 0.021577380952380952
0 0.39140625 0.5811755952380953 0.22142857142857142 0.06413690476190476
1 0.2946028265465982 0.4652246315192744 0.027720424107142858 0.021577380952380952
0 0.6130580357142857 0.3058779761904762 0.22142857142857142 0.07633928571428572
1 0.5126745211297744 0.18095592403628116 0.020521763392857145 0.021577380952380952
0 0.6130580357142857 0.42678571428571427 0.22142857142857142 0.20386904761904762
1 0.5126745211297744 0.3230902777777778 0.020521763392857145 0.021577380952380952
0 0.6130580357142857 0.5816220238095238 0.22142857142857142 0.20133928571428572
1 0.5126884720226316 0.4652246315192744 0.02054966517857143 0.021577380952380952
0 0.8347098214285714 0.256547619047619 0.22142857142857142 0.275
1 0.7343525215165222 0.18095592403628116 0.020535714285714286 0.021577380952380952
0 0.8347098214285714 0.3866815476190476 0.22142857142857142 0.22485119047619048
1 0.7343455460700936 0.3230902777777778 0.020521763392857145 0.021577380952380952
0 0.8347098214285714 0.5272321428571428 0.22142857142857142 0.16845238095238096
1 0.7343455460700936 0.4652246315192744 0.020521763392857145 0.021577380952380952
0 0.49832589285714285 0.7129464285714285 0.8785714285714286 0.10535714285714286
1 0.0645961431241362 0.6073589852607709 0.011049107142857144 0.021577380952380952
