0 0.2806919642857143 0.1861607142857143 0.44285714285714284 0.0994047619047619
1 0.06297304751642037 0.1388420414462081 0.007198660714285714 0.021577380952380952
0 0.2806919642857143 0.28802083333333334 0.44285714285714284 0.11532738095238096
1 0.06489827073070609 0.24939098324514994 0.011049107142857144 0.021577380952380952
0 0.2806919642857143 0.4366815476190476 0.44285714285714284 0.029017857142857144
1 0.0668234939449918 0.35993992504409167 0.014899553571428572 0.021577380952380952
0 0.2806919642857143 0.5923363095238096 0.44285714285714284 0.10550595238095238
1 0.07311534662356323 0.47048886684303354 0.027483258928571428 0.021577380952380952
0 0.2806919642857143 0.6495535714285714 0.44285714285714284 0.05029761904761905
1 0.07401517921284895 0.5810378086419753 0.029282924107142855 0.021577380952380952
0 0.2806919642857143 0.7480654761904761 0.44285714285714284 0.06964285714285715
1 0.07323392921284894 0.6915867504409172 0.027720424107142858 0.021577380952380987
0 0.7237723214285714 0.25944940476190476 0.44285714285714284 0.10550595238095238
1 0.5126861414223348 0.1388420414462081 0.020521763392857145 0.021577380952380952
0 0.7237723214285714 0.3585565476190476 0.44285714285714284 0.10699404761904761
1 0.5126861414223348 0.24939098324514994 0.020521763392857145 0.021577380952380952
0 0.7237723214285714 0.4479166666666667 0.44285714285714284 0.07380952380952381
1 0.512700092315192 0.35993992504409167 0.02054966517857143 0.021577380952380952
0 0.7237723214285714 0.5087053571428571 0.44285714285714284 0.12842261904761904
1 0.5126931168687634 0.47048886684303354 0.020535714285714286 0.021577380952380952
0 0.7237723214285714 0.6136160714285714 0.44285714285714284 0.12663690476190476
1 0.5126861414223348 0.5810378086419753 0.020521763392857145 0.021577380952380952
0 0.7237723214285714 0.7261160714285714 0.44285714285714284 0.1212797619047619
1 0.5126861414223348 0.6915867504409172 0.020521763392857145 0.021577380952380987
