0 0.5022879464285714 0.12708333333333333 0.8856026785714286 0.030357142857142857
1 0.0631253166160081 0.07988260582010584 0.007198660714285714 0.021577380952380952
0 0.5022879464285714 0.21465773809523808 0.8856026785714286 0.103125
1 0.06505053983029382 0.1462119708994709 0.011049107142857144 0.021577380952380952
0 0.5022879464285714 0.28526785714285713 0.8856026785714286 0.11726190476190476
1 0.06697576304457953 0.21254133597883595 0.014899553571428572 0.021577380952380952
0 0.5022879464285714 0.3257440476190476 0.8856026785714286 0.04672619047619048
1 0.07326761572315096 0.27887070105820105 0.027483258928571428 0.021577380952380952
0 0.5022879464285714 0.38563988095238094 0.8856026785714286 0.06830357142857142
1 0.07416744831243667 0.3452000661375661 0.029282924107142855 0.021577380952380952
0 0.5022879464285714 0.48206845238095236 0.8856026785714286 0.11026785714285714
1 0.07338619831243667 0.41152943121693125 0.027720424107142858 0.021577380952380952
0 0.5022879464285714 0.5260416666666666 0.8856026785714286 0.075
1 0.06978686795529382 0.4778587962962963 0.020521763392857145 0.021577380952380952
0 0.5022879464285714 0.5793154761904762 0.8856026785714286 0.15386904761904763
1 0.06978686795529382 0.5441881613756614 0.020521763392857145 0.021577380952380952
0 0.5022879464285714 0.6433779761904762 0.8856026785714286 0.17842261904761905
1 0.06980081884815097 0.6105175264550264 0.02054966517857143 0.021577380952380952
0 0.5022879464285714 0.7070684523809524 0.8856026785714286 0.1394345238095238
1 0.06979384340172239 0.6768468915343916 0.020535714285714286 0.021577380952380952
0 0.5022879464285714 0.7831845238095239 0.8856026785714286 0.11160714285714286
1 0.06978686795529382 0.7431762566137565 0.020521763392857145 0.021577380952380952
0 0.5022879464285714 0.8453125 0.8856026785714286 0.10074404761904762
1 0.06978686795529382 0.8095056216931217 0.020521763392857145 0.021577380952380952
