0 0.16975446428571428 0.2710565476190476 0.22142857142857142 0.05431547619047619
1 0.06267091990985048 0.18095592403628116 0.007198660714285714 0.021577380952380952
0 0.16975446428571428 0.4433779761904762 0.22142857142857142 0.09836309523809524
1 0.0645961431241362 0.3230902777777778 0.011049107142857144 0.021577380952380952
0 0.16975446428571428 0.5936755952380952 0.22142857142857142 0.11919642857142858
1 0.0665213663384219 0.4652246315192744 0.014899553571428572 0.021577380952380952
0 0.39140625 0.2806547619047619 0.22142857142857142 0.04285714285714286
1 0.2944842439573125 0.18095592403628116 0.027483258928571428 0.021577380952380952
0 0.39140625 0.41049107142857144 0.22142857142857142 0.07395833333333333
1 0.2953840765465982 0.3230902777777778 0.029282924107142855 0.021577380952380952
0 0.39140625 0.5895089285714286 0.22142857142857142 0.1087797619047619
1 0.2946028265465982 0.4652246315192744 0.027720424107142858 0.021577380952380952
0 0.6130580357142857 0.3215029761904762 0.22142857142857142 0.14985119047619047
1 0.5126745211297744 0.18095592403628116 0.020521763392857145 0.021577380952380952
0 0.6130580357142857 0.45714285714285713 0.22142857142857142 0.29642857142857143
1 0.5126745211297744 0.3230902777777778 0.020521763392857145 0.021577380952380952
0 0.6130580357142857 0.5697172619047619 0.22142857142857142 0.2912202380952381
1 0.5126884720226316 0.4652246315192744 0.02054966517857143 0.021577380952380952
0 0.8347098214285714 0.23757440476190475 0.22142857142857142 0.18407738095238096
1 0.7343525215165222 0.18095592403628116 0.020535714285714286 0.021577380952380952
0 0.8347098214285714 0.37336309523809524 0.22142857142857142 0.2017857142857143
1 0.7343455460700936 0.3230902777777778 0.020521763392857145 0.021577380952380952
0 0.8347098214285714 0.5430059523809524 0.22142857142857142 0.10833333333333334
1 0.7343455460700936 0.4652246315192744 0.020521763392857145 0.021577380952380952
0 0.49832589285714285 0.7297619047619047 0.8785714285714286 0.10267857142857142
1 0.0645961431241362 0.6073589852607709 0.011049107142857144 0.021577380952380952
