0 0.2806919642857143 0.17723214285714287 0.44285714285714284 0.11636904761904762
1 0.06297304751642037 0.1388420414462081 0.007198660714285714 0.021577380952380952
0 0.2806919642857143 0.3170386904761905 0.44285714285714284 0.10610119047619047
1 0.06489827073070609 0.24939098324514994 0.011049107142857144 0.021577380952380952
0 0.2806919642857143 0.4621279761904762 0.44285714285714284 0.06651785714285714
1 0.0668234939449918 0.35993992504409167 0.014899553571428572 0.021577380952380952
0 0.2806919642857143 0.5808035714285714 0.44285714285714284 0.10892857142857143
1 0.07311534662356323 0.47048886684303354 0.027483258928571428 0.021577380952380952
0 0.2806919642857143 0.6306547619047619 0.44285714285714284 0.08988095238095238
1 0.07401517921284895 0.5810378086419753 0.029282924107142855 0.021577380952380952
0 0.2806919642857143 0.7790922619047619 0.44285714285714284 0.054910714285714285
1 0.07323392921284894 0.6915867504409172 0.027720424107142858 0.021577380952380987
0 0.7237723214285714 0.25952380952380955 0.44285714285714284 0.14136904761904762
1 0.5126861414223348 0.1388420414462081 0.020521763392857145 0.021577380952380952
0 0.7237723214285714 0.3463541666666667 0.44285714285714284 0.1513392857142857
1 0.5126861414223348 0.24939098324514994 0.020521763392857145 0.021577380952380952
0 0.7237723214285714 0.4488095238095238 0.44285714285714284 0.19613095238095238
1 0.512700092315192 0.35993992504409167 0.02054966517857143 0.021577380952380952
0 0.7237723214285714 0.5074404761904762 0.44285714285714284 0.22410714285714287
1 0.5126931168687634 0.47048886684303354 0.020535714285714286 0.021577380952380952
0 0.7237723214285714 0.6105654761904762 0.44285714285714284 0.15714285714285714
1 0.5126861414223348 0.5810378086419753 0.020521763392857145 0.021577380952380952
0 0.7237723214285714 0.7331845238095238 0.44285714285714284 0.10952380952380952
1 0.5126861414223348 0.6915867504409172 0.020521763392857145 0.021577380952380987
