0 0.16975446428571428 0.2533482142857143 0.22142857142857142 0.0918154761904762
1 0.06267091990985048 0.18095592403628116 0.007198660714285714 0.021577380952380952
0 0.16975446428571428 0.3884672619047619 0.22142857142857142 0.10848214285714286
1 0.0645961431241362 0.3230902777777778 0.011049107142857144 0.021577380952380952
0 0.16975446428571428 0.5722470238095239 0.22142857142857142 0.042708333333333334
1 0.0665213663384219 0.4652246315192744 0.014899553571428572 0.021577380952380952
0 0.39140625 0.31867559523809524 0.22142857142857142 0.09985119047619048
1 0.2944842439573125 0.18095592403628116 0.027483258928571428 0.021577380952380952
0 0.39140625 0.41235119047619045 0.22142857142857142 0.05029761904761905
1 0.2953840765465982 0.3230902777777778 0.029282924107142855 0.021577380952380952
0 0.39140625 0.5482142857142858 0.22142857142857142 0.06904761904761905
1 0.2946028265465982 0.4652246315192744 0.027720424107142858 0.021577380952380952
0 0.6130580357142857 0.35625 0.22142857142857142 0.14375
1 0.5126745211297744 0.18095592403628116 0.020521763392857145 0.021577380952380952
0 0.6130580357142857 0.44382440476190477 0.22142857142857142 0.09360119047619048
1 0.5126745211297744 0.3230902777777778 0.020521763392857145 0.021577380952380952
0 0.6130580357142857 0.5889136904761905 0.22142857142857142 0.16086309523809525
1 0.5126884720226316 0.4652246315192744 0.02054966517857143 0.021577380952380952
0 0.8347098214285714 0.2253720238095238 0.22142857142857142 0.20550595238095237
1 0.7343525215165222 0.18095592403628116 0.020535714285714286 0.021577380952380952
0 0.8347098214285714 0.3763392857142857 0.22142857142857142 0.14345238095238094
1 0.7343455460700936 0.3230902777777778 0.020521763392857145 0.021577380952380952
0 0.8347098214285714 0.5223214285714286 0.22142857142857142 0.1125
1 0.7343455460700936 0.4652246315192744 0.020521763392857145 0.021577380952380952
0 0.49832589285714285 0.6767857142857143 0.8785714285714286 0.11636904761904762
1 0.0645961431241362 0.6073589852607709 0.011049107142857144 0.021577380952380952
