0 0.2806919642857143 0.1965029761904762 0.44285714285714284 0.07604166666666666
1 0.06297304751642037 0.1388420414462081 0.007198660714285714 0.021577380952380952
0 0.2806919642857143 0.3073660714285714 0.44285714285714284 0.09092261904761904
1 0.06489827073070609 0.24939098324514994 0.011049107142857144 0.021577380952380952
0 0.2806919642857143 0.43504464285714284 0.44285714285714284 0.05818452380952381
1 0.0668234939449918 0.35993992504409167 0.014899553571428572 0.021577380952380952
0 0.2806919642857143 0.5773065476190476 0.44285714285714284 0.07961309523809523
1 0.07311534662356323 0.47048886684303354 0.027483258928571428 0.021577380952380952
0 0.2806919642857143 0.6514880952380953 0.44285714285714284 0.06011904761904762
1 0.07401517921284895 0.5810378086419753 0.029282924107142855 0.021577380952380952
0 0.2806919642857143 0.7610863095238095 0.44285714285714284 0.06354166666666666
1 0.07323392921284894 0.6915867504409172 0.027720424107142858 0.021577380952380987
0 0.7237723214285714 0.23921130952380953 0.44285714285714284 0.08348214285714285
1 0.5126861414223348 0.1388420414462081 0.020521763392857145 0.021577380952380952
0 0.7237723214285714 0.3458333333333333 0.44285714285714284 0.13660714285714284
1 0.5126861414223348 0.24939098324514994 0.020521763392857145 0.021577380952380952
0 0.7237723214285714 0.48035714285714287 0.44285714285714284 0.2630952380952381
1 0.512700092315192 0.35993992504409167 0.02054966517857143 0.021577380952380952
0 0.7237723214285714 0.5117559523809524 0.44285714285714284 0.2714285714285714
1 0.5126931168687634 0.47048886684303354 0.020535714285714286 0.021577380952380952
0 0.7237723214285714 0.5970238095238095 0.44285714285714284 0.17261904761904762
1 0.5126861414223348 0.5810378086419753 0.020521763392857145 0.021577380952380952
0 0.7237723214285714 0.7319940476190476 0.44285714285714284 0.11279761904761905
1 0.5126861414223348 0.6915867504409172 0.020521763392857145 0.021577380952380987
