0 0.16975446428571428 0.26927083333333335 0.22142857142857142 0.0644345238095238
1 0.06267091990985048 0.18095592403628116 0.007198660714285714 0.021577380952380952
0 0.16975446428571428 0.42291666666666666 0.22142857142857142 0.058333333333333334
1 0.0645961431241362 0.3230902777777778 0.011049107142857144 0.021577380952380952
0 0.16975446428571428 0.5714285714285714 0.22142857142857142 0.030357142857142857
1 0.0665213663384219 0.4652246315192744 0.014899553571428572 0.021577380952380952
0 0.39140625 0.2929315476190476 0.22142857142857142 0.06056547619047619
1 0.2944842439573125 0.18095592403628116 0.027483258928571428 0.021577380952380952
0 0.39140625 0.4158482142857143 0.22142857142857142 0.044196428571428574
1 0.2953840765465982 0.3230902777777778 0.029282924107142855 0.021577380952380952
0 0.39140625 0.5711309523809524 0.22142857142857142 0.03125
1 0.2946028265465982 0.4652246315192744 0.027720424107142858 0.021577380952380952
0 0.6130580357142857 0.29092261904761907 0.22142857142857142 0.04583333333333333
1 0.5126745211297744 0.18095592403628116 0.020521763392857145 0.021577380952380952
0 0.6130580357142857 0.4253720238095238 0.22142857142857142 0.071875
1 0.5126745211297744 0.3230902777777778 0.020521763392857145 0.021577380952380952
0 0.6130580357142857 0.5698660714285714 0.22142857142857142 0.1507440476190476
1 0.5126884720226316 0.4652246315192744 0.02054966517857143 0.021577380952380952
0 0.8347098214285714 0.28020833333333334 0.22142857142857142 0.18392857142857144
1 0.7343525215165222 0.18095592403628116 0.020535714285714286 0.021577380952380952
0 0.8347098214285714 0.41316964285714286 0.22142857142857142 0.11889880952380952
1 0.7343455460700936 0.3230902777777778 0.020521763392857145 0.021577380952380952
0 0.8347098214285714 0.5484375 0.22142857142857142 0.08467261904761905
1 0.7343455460700936 0.4652246315192744 0.020521763392857145 0.021577380952380952
0 0.49832589285714285 0.7065476190476191 0.8785714285714286 0.06279761904761905
1 0.0645961431241362 0.6073589852607709 0.011049107142857144 0.021577380952380952
