0 0.2806919642857143 0.19598214285714285 0.44285714285714284 0.09910714285714285
1 0.06297304751642037 0.1388420414462081 0.007198660714285714 0.021577380952380952
0 0.2806919642857143 0.3288690476190476 0.44285714285714284 0.05803571428571429
1 0.06489827073070609 0.24939098324514994 0.011049107142857144 0.021577380952380952
0 0.2806919642857143 0.45803571428571427 0.44285714285714284 0.05952380952380952
1 0.0668234939449918 0.35993992504409167 0.014899553571428572 0.021577380952380952
0 0.2806919642857143 0.5674107142857143 0.44285714285714284 0.07559523809523809
1 0.07311534662356323 0.47048886684303354 0.027483258928571428 0.021577380952380952
0 0.2806919642857143 0.6422619047619048 0.44285714285714284 0.07827380952380952
1 0.07401517921284895 0.5810378086419753 0.029282924107142855 0.021577380952380952
0 0.2806919642857143 0.7792410714285715 0.44285714285714284 0.026339285714285714
1 0.07323392921284894 0.6915867504409172 0.027720424107142858 0.021577380952380987
0 0.7237723214285714 0.21986607142857142 0.44285714285714284 0.10967261904761905
1 0.5126861414223348 0.1388420414462081 0.020521763392857145 0.021577380952380952
0 0.7237723214285714 0.2833333333333333 0.44285714285714284 0.11875
1 0.5126861414223348 0.24939098324514994 0.020521763392857145 0.021577380952380952
0 0.7237723214285714 0.3949404761904762 0.44285714285714284 0.13214285714285715
1 0.512700092315192 0.35993992504409167 0.02054966517857143 0.021577380952380952
0 0.7237723214285714 0.5070684523809523 0.44285714285714284 0.12872023809523808
1 0.5126931168687634 0.47048886684303354 0.020535714285714286 0.021577380952380952
0 0.7237723214285714 0.623735119047619 0.44285714285714284 0.128125
1 0.5126861414223348 0.5810378086419753 0.020521763392857145 0.021577380952380952
0 0.7237723214285714 0.7489583333333333 0.44285714285714284 0.10803571428571429
1 0.5126861414223348 0.6915867504409172 0.020521763392857145 0.021577380952380987
