0 0.16975446428571428 0.25111607142857145 0.22142857142857142 0.08973214285714286
1 0.06267091990985048 0.18095592403628116 0.007198660714285714 0.021577380952380952
0 0.16975446428571428 0.4396577380952381 0.22142857142857142 0.06741071428571428
1 0.0645961431241362 0.3230902777777778 0.011049107142857144 0.021577380952380952
0 0.16975446428571428 0.6107886904761904 0.22142857142857142 0.09151785714285714
1 0.0665213663384219 0.4652246315192744 0.014899553571428572 0.021577380952380952
0 0.39140625 0.29501488095238093 0.22142857142857142 0.0662202380952381
1 0.2944842439573125 0.18095592403628116 0.027483258928571428 0.021577380952380952
0 0.39140625 0.38660714285714287 0.22142857142857142 0.08660714285714285
1 0.2953840765465982 0.3230902777777778 0.029282924107142855 0.021577380952380952
0 0.39140625 0.5947916666666667 0.22142857142857142 0.07529761904761904
1 0.2946028265465982 0.4652246315192744 0.027720424107142858 0.021577380952380952
0 0.6130580357142857 0.3197172619047619 0.22142857142857142 0.10550595238095238
1 0.5126745211297744 0.18095592403628116 0.020521763392857145 0.021577380952380952
0 0.6130580357142857 0.44032738095238094 0.22142857142857142 0.1630952380952381
1 0.5126745211297744 0.3230902777777778 0.020521763392857145 0.021577380952380952
0 0.6130580357142857 0.5902529761904762 0.22142857142857142 0.1587797619047619
1 0.5126884720226316 0.4652246315192744 0.02054966517857143 0.021577380952380952
0 0.8347098214285714 0.29836309523809523 0.22142857142857142 0.13333333333333333
1 0.7343525215165222 0.18095592403628116 0.020535714285714286 0.021577380952380952
0 0.8347098214285714 0.42671130952380953 0.22142857142857142 0.12574404761904762
1 0.7343455460700936 0.3230902777777778 0.020521763392857145 0.021577380952380952
0 0.8347098214285714 0.5404761904761904 0.22142857142857142 0.09702380952380953
1 0.7343455460700936 0.4652246315192744 0.020521763392857145 0.021577380952380952
0 0.49832589285714285 0.7020089285714286 0.8785714285714286 0.11116071428571428
1 0.0645961431241362 0.6073589852607709 0.011049107142857144 0.021577380952380952
