0 0.2806919642857143 0.1956845238095238 0.44285714285714284 0.09583333333333334
1 0.06297304751642037 0.1388420414462081 0.007198660714285714 0.021577380952380952
0 0.2806919642857143 0.31346726190476193 0.44285714285714284 0.07098214285714285
1 0.06489827073070609 0.24939098324514994 0.011049107142857144 0.021577380952380952
0 0.2806919642857143 0.4465029761904762 0.44285714285714284 0.053422619047619045
1 0.0668234939449918 0.35993992504409167 0.014899553571428572 0.021577380952380952
0 0.2806919642857143 0.5745535714285714 0.44285714285714284 0.0818452380952381
1 0.07311534662356323 0.47048886684303354 0.027483258928571428 0.021577380952380952
0 0.2806919642857143 0.6488095238095238 0.44285714285714284 0.07113095238095238
1 0.07401517921284895 0.5810378086419753 0.029282924107142855 0.021577380952380952
0 0.2806919642857143 0.7703125 0.44285714285714284 0.03050595238095238
1 0.07323392921284894 0.6915867504409172 0.027720424107142858 0.021577380952380987
0 0.7237723214285714 0.2390625 0.44285714285714284 0.071875
1 0.5126861414223348 0.1388420414462081 0.020521763392857145 0.021577380952380952
0 0.7237723214285714 0.3415922619047619 0.44285714285714284 0.11324404761904762
1 0.5126861414223348 0.24939098324514994 0.020521763392857145 0.021577380952380952
0 0.7237723214285714 0.44367559523809524 0.44285714285714284 0.140625
1 0.512700092315192 0.35993992504409167 0.02054966517857143 0.021577380952380952
0 0.7237723214285714 0.5082589285714286 0.44285714285714284 0.21979166666666666
1 0.5126931168687634 0.47048886684303354 0.020535714285714286 0.021577380952380952
0 0.7237723214285714 0.5982142857142857 0.44285714285714284 0.2193452380952381
1 0.5126861414223348 0.5810378086419753 0.020521763392857145 0.021577380952380952
0 0.7237723214285714 0.7214285714285714 0.44285714285714284 0.16041666666666668
1 0.5126861414223348 0.6915867504409172 0.020521763392857145 0.021577380952380987
