0 0.16975446428571428 0.27306547619047616 0.22142857142857142 0.054464285714285715
1 0.06267091990985048 0.18095592403628116 0.007198660714285714 0.021577380952380952
0 0.16975446428571428 0.44642857142857145 0.22142857142857142 0.09494047619047619
1 0.0645961431241362 0.3230902777777778 0.011049107142857144 0.021577380952380952
0 0.16975446428571428 0.5961309523809524 0.22142857142857142 0.10803571428571429
1 0.0665213663384219 0.4652246315192744 0.014899553571428572 0.021577380952380952
0 0.39140625 0.28087797619047616 0.22142857142857142 0.04925595238095238
1 0.2944842439573125 0.18095592403628116 0.027483258928571428 0.021577380952380952
0 0.39140625 0.4097470238095238 0.22142857142857142 0.07217261904761904
1 0.2953840765465982 0.3230902777777778 0.029282924107142855 0.021577380952380952
0 0.39140625 0.5924107142857142 0.22142857142857142 0.10148809523809524
1 0.2946028265465982 0.4652246315192744 0.027720424107142858 0.021577380952380952
0 0.6130580357142857 0.31019345238095236 0.22142857142857142 0.1275297619047619
1 0.5126745211297744 0.18095592403628116 0.020521763392857145 0.021577380952380952
0 0.6130580357142857 0.4828125 0.22142857142857142 0.2760416666666667
1 0.5126745211297744 0.3230902777777778 0.020521763392857145 0.021577380952380952
0 0.6130580357142857 0.6543154761904761 0.22142857142857142 0.3535714285714286
1 0.5126884720226316 0.4652246315192744 0.02054966517857143 0.021577380952380952
0 0.8347098214285714 0.33288690476190474 0.22142857142857142 0.23095238095238096
1 0.7343525215165222 0.18095592403628116 0.020535714285714286 0.021577380952380952
0 0.8347098214285714 0.3894345238095238 0.22142857142857142 0.1568452380952381
1 0.7343455460700936 0.3230902777777778 0.020521763392857145 0.021577380952380952
0 0.8347098214285714 0.5357886904761905 0.22142857142857142 0.14895833333333333
1 0.7343455460700936 0.4652246315192744 0.020521763392857145 0.021577380952380952
0 0.49832589285714285 0.7296130952380953 0.8785714285714286 0.09732142857142857
1 0.0645961431241362 0.6073589852607709 0.011049107142857144 0.021577380952380952
