0 0.2806919642857143 0.21086309523809524 0.44285714285714284 0.04375
1 0.06297304751642037 0.1388420414462081 0.007198660714285714 0.021577380952380952
0 0.2806919642857143 0.3242559523809524 0.44285714285714284 0.10535714285714286
1 0.06489827073070609 0.24939098324514994 0.011049107142857144 0.021577380952380952
0 0.2806919642857143 0.4419642857142857 0.44285714285714284 0.07380952380952381
1 0.0668234939449918 0.35993992504409167 0.014899553571428572 0.021577380952380952
0 0.2806919642857143 0.5598958333333334 0.44285714285714284 0.07068452380952381
1 0.07311534662356323 0.47048886684303354 0.027483258928571428 0.021577380952380952
0 0.2806919642857143 0.6616815476190476 0.44285714285714284 0.028422619047619047
1 0.07401517921284895 0.5810378086419753 0.029282924107142855 0.021577380952380952
0 0.2806919642857143 0.7700148809523809 0.44285714285714284 0.08943452380952381
1 0.07323392921284894 0.6915867504409172 0.027720424107142858 0.021577380952380987
0 0.7237723214285714 0.24166666666666667 0.44285714285714284 0.07529761904761904
1 0.5126861414223348 0.1388420414462081 0.020521763392857145 0.021577380952380952
0 0.7237723214285714 0.35342261904761907 0.44285714285714284 0.11101190476190476
1 0.5126861414223348 0.24939098324514994 0.020521763392857145 0.021577380952380952
0 0.7237723214285714 0.4492559523809524 0.44285714285714284 0.15267857142857144
1 0.512700092315192 0.35993992504409167 0.02054966517857143 0.021577380952380952
0 0.7237723214285714 0.5401041666666667 0.44285714285714284 0.14657738095238096
1 0.5126931168687634 0.47048886684303354 0.020535714285714286 0.021577380952380952
0 0.7237723214285714 0.6484375 0.44285714285714284 0.12514880952380952
1 0.5126861414223348 0.5810378086419753 0.020521763392857145 0.021577380952380952
0 0.7237723214285714 0.758110119047619 0.44285714285714284 0.10729166666666666
1 0.5126861414223348 0.6915867504409172 0.020521763392857145 0.021577380952380987
