0 0.16975446428571428 0.26011904761904764 0.22142857142857142 0.10476190476190476
1 0.06267091990985048 0.18095592403628116 0.007198660714285714 0.021577380952380952
0 0.16975446428571428 0.43467261904761906 0.22142857142857142 0.05327380952380952
1 0.0645961431241362 0.3230902777777778 0.011049107142857144 0.021577380952380952
0 0.16975446428571428 0.5892113095238095 0.22142857142857142 0.10401785714285715
1 0.0665213663384219 0.4652246315192744 0.014899553571428572 0.021577380952380952
0 0.39140625 0.29784226190476193 0.22142857142857142 0.06205357142857143
1 0.2944842439573125 0.18095592403628116 0.027483258928571428 0.021577380952380952
0 0.39140625 0.4040922619047619 0.22142857142857142 0.1037202380952381
1 0.2953840765465982 0.3230902777777778 0.029282924107142855 0.021577380952380952
0 0.39140625 0.5814732142857143 0.22142857142857142 0.065625
1 0.2946028265465982 0.4652246315192744 0.027720424107142858 0.021577380952380952
0 0.6130580357142857 0.33898809523809526 0.22142857142857142 0.2741071428571429
1 0.5126745211297744 0.18095592403628116 0.020521763392857145 0.021577380952380952
0 0.6130580357142857 0.5378720238095238 0.22142857142857142 0.5275297619047619
1 0.5126745211297744 0.3230902777777778 0.020521763392857145 0.021577380952380952
0 0.6130580357142857 0.6491071428571429 0.22142857142857142 0.49166666666666664
1 0.5126884720226316 0.4652246315192744 0.02054966517857143 0.021577380952380952
0 0.8347098214285714 0.3281994047619048 0.22142857142857142 0.2962797619047619
1 0.7343525215165222 0.18095592403628116 0.020535714285714286 0.021577380952380952
0 0.8347098214285714 0.46391369047619047 0.22142857142857142 0.2897321428571429
1 0.7343455460700936 0.3230902777777778 0.020521763392857145 0.021577380952380952
0 0.8347098214285714 0.5377232142857142 0.22142857142857142 0.11860119047619047
1 0.7343455460700936 0.4652246315192744 0.020521763392857145 0.021577380952380952
0 0.49832589285714285 0.7223958333333333 0.8785714285714286 0.0599702380952381
1 0.0645961431241362 0.6073589852607709 0.011049107142857144 0.021577380952380952
