0 0.16975446428571428 0.2831845238095238 0.22142857142857142 0.10416666666666667
1 0.06267091990985048 0.18095592403628116 0.007198660714285714 0.021577380952380952
0 0.16975446428571428 0.4408482142857143 0.22142857142857142 0.06235119047619048
1 0.0645961431241362 0.3230902777777778 0.011049107142857144 0.021577380952380952
0 0.16975446428571428 0.5859375 0.22142857142857142 0.09866071428571428
1 0.0665213663384219 0.4652246315192744 0.014899553571428572 0.021577380952380952
0 0.39140625 0.2747767857142857 0.22142857142857142 0.06830357142857142
1 0.2944842439573125 0.18095592403628116 0.027483258928571428 0.021577380952380952
0 0.39140625 0.415625 0.22142857142857142 0.09255952380952381
1 0.2953840765465982 0.3230902777777778 0.029282924107142855 0.021577380952380952
0 0.39140625 0.5813988095238095 0.22142857142857142 0.07321428571428572
1 0.2946028265465982 0.4652246315192744 0.027720424107142858 0.021577380952380952
0 0.6130580357142857 0.17983630952380952 0.22142857142857142 0.25223214285714285
1 0.5126745211297744 0.18095592403628116 0.020521763392857145 0.021577380952380952
0 0.6130580357142857 0.3260416666666667 0.22142857142857142 0.2726190476190476
1 0.5126745211297744 0.3230902777777778 0.020521763392857145 0.021577380952380952
0 0.6130580357142857 0.454389880952381 0.22142857142857142 0.3025297619047619
1 0.5126884720226316 0.4652246315192744 0.02054966517857143 0.021577380952380952
0 0.8347098214285714 0.1890625 0.22142857142857142 0.2882440476190476
1 0.7343525215165222 0.18095592403628116 0.020535714285714286 0.021577380952380952
0 0.8347098214285714 0.3800595238095238 0.22142857142857142 0.19345238095238096
1 0.7343455460700936 0.3230902777777778 0.020521763392857145 0.021577380952380952
0 0.8347098214285714 0.5669642857142857 0.22142857142857142 0.07529761904761904
1 0.7343455460700936 0.4652246315192744 0.020521763392857145 0.021577380952380952
0 0.49832589285714285 0.7251488095238096 0.8785714285714286 0.0625
1 0.0645961431241362 0.6073589852607709 0.011049107142857144 0.021577380952380952
