0 0.2806919642857143 0.20357142857142857 0.44285714285714284 0.08422619047619048
1 0.06297304751642037 0.1388420414462081 0.007198660714285714 0.021577380952380952
0 0.2806919642857143 0.3222470238095238 0.44285714285714284 0.06413690476190476
1 0.06489827073070609 0.24939098324514994 0.011049107142857144 0.021577380952380952
0 0.2806919642857143 0.44367559523809524 0.44285714285714284 0.07276785714285715
1 0.0668234939449918 0.35993992504409167 0.014899553571428572 0.021577380952380952
0 0.2806919642857143 0.5668898809523809 0.44285714285714284 0.06324404761904762
1 0.07311534662356323 0.47048886684303354 0.027483258928571428 0.021577380952380952
0 0.2806919642857143 0.6539434523809524 0.44285714285714284 0.07544642857142857
1 0.07401517921284895 0.5810378086419753 0.029282924107142855 0.021577380952380952
0 0.2806919642857143 0.7713541666666667 0.44285714285714284 0.050148809523809526
1 0.07323392921284894 0.6915867504409172 0.027720424107142858 0.021577380952380987
0 0.7237723214285714 0.2226934523809524 0.44285714285714284 0.0730654761904762
1 0.5126861414223348 0.1388420414462081 0.020521763392857145 0.021577380952380952
0 0.7237723214285714 0.3384672619047619 0.44285714285714284 0.16026785714285716
1 0.5126861414223348 0.24939098324514994 0.020521763392857145 0.021577380952380952
0 0.7237723214285714 0.4438988095238095 0.44285714285714284 0.14107142857142857
1 0.512700092315192 0.35993992504409167 0.02054966517857143 0.021577380952380952
0 0.7237723214285714 0.5425595238095238 0.44285714285714284 0.15863095238095237
1 0.5126931168687634 0.47048886684303354 0.020535714285714286 0.021577380952380952
0 0.7237723214285714 0.656547619047619 0.44285714285714284 0.05089285714285714
1 0.5126861414223348 0.5810378086419753 0.020521763392857145 0.021577380952380952
0 0.7237723214285714 0.7682291666666666 0.44285714285714284 0.13258928571428572
1 0.5126861414223348 0.6915867504409172 0.020521763392857145 0.021577380952380987
