0 0.16975446428571428 0.2444940476190476 0.22142857142857142 0.11875
1 0.06267091990985048 0.18095592403628116 0.007198660714285714 0.021577380952380952
0 0.16975446428571428 0.3972470238095238 0.22142857142857142 0.09866071428571428
1 0.0645961431241362 0.3230902777777778 0.011049107142857144 0.021577380952380952
0 0.16975446428571428 0.5793154761904762 0.22142857142857142 0.054464285714285715
1 0.0665213663384219 0.4652246315192744 0.014899553571428572 0.021577380952380952
0 0.39140625 0.31927083333333334 0.22142857142857142 0.10729166666666666
1 0.2944842439573125 0.18095592403628116 0.027483258928571428 0.021577380952380952
0 0.39140625 0.4023065476190476 0.22142857142857142 0.08110119047619048
1 0.2953840765465982 0.3230902777777778 0.029282924107142855 0.021577380952380952
0 0.39140625 0.5601934523809524 0.22142857142857142 0.04330357142857143
1 0.2946028265465982 0.4652246315192744 0.027720424107142858 0.021577380952380952
0 0.6130580357142857 0.3156994047619048 0.22142857142857142 0.11116071428571428
1 0.5126745211297744 0.18095592403628116 0.020521763392857145 0.021577380952380952
0 0.6130580357142857 0.4381696428571429 0.22142857142857142 0.11711309523809524
1 0.5126745211297744 0.3230902777777778 0.020521763392857145 0.021577380952380952
0 0.6130580357142857 0.5719494047619048 0.22142857142857142 0.13110119047619048
1 0.5126884720226316 0.4652246315192744 0.02054966517857143 0.021577380952380952
0 0.8347098214285714 0.23370535714285715 0.22142857142857142 0.17544642857142856
1 0.7343525215165222 0.18095592403628116 0.020535714285714286 0.021577380952380952
0 0.8347098214285714 0.35535714285714287 0.22142857142857142 0.17857142857142858
1 0.7343455460700936 0.3230902777777778 0.020521763392857145 0.021577380952380952
0 0.8347098214285714 0.5141369047619048 0.22142857142857142 0.13452380952380952
1 0.7343455460700936 0.4652246315192744 0.020521763392857145 0.021577380952380952
0 0.49832589285714285 0.6805059523809524 0.8785714285714286 0.1005952380952381
1 0.0645961431241362 0.6073589852607709 0.011049107142857144 0.021577380952380952
