0 0.5022879464285714 0.11517857142857142 0.8856026785714286 0.05892857142857143
1 0.0631253166160081 0.07988260582010584 0.007198660714285714 0.021577380952380952
0 0.5022879464285714 0.19449404761904762 0.8856026785714286 0.049107142857142856
1 0.06505053983029382 0.1462119708994709 0.011049107142857144 0.021577380952380952
0 0.5022879464285714 0.27574404761904764 0.8856026785714286 0.040773809523809525
1 0.06697576304457953 0.21254133597883595 0.014899553571428572 0.021577380952380952
0 0.5022879464285714 0.3419642857142857 0.8856026785714286 0.05178571428571429
1 0.07326761572315096 0.27887070105820105 0.027483258928571428 0.021577380952380952
0 0.5022879464285714 0.3829613095238095 0.8856026785714286 0.04747023809523809
1 0.07416744831243667 0.3452000661375661 0.029282924107142855 0.021577380952380952
0 0.5022879464285714 0.4659970238095238 0.8856026785714286 0.031101190476190477
1 0.07338619831243667 0.41152943121693125 0.027720424107142858 0.021577380952380952
0 0.5022879464285714 0.546577380952381 0.8856026785714286 0.05714285714285714
1 0.06978686795529382 0.4778587962962963 0.020521763392857145 0.021577380952380952
0 0.5022879464285714 0.6126488095238095 0.8856026785714286 0.07827380952380952
1 0.06978686795529382 0.5441881613756614 0.020521763392857145 0.021577380952380952
0 0.5022879464285714 0.6631696428571429 0.8856026785714286 0.09449404761904762
1 0.06980081884815097 0.6105175264550264 0.02054966517857143 0.021577380952380952
0 0.5022879464285714 0.713764880952381 0.8856026785714286 0.0956845238095238
1 0.06979384340172239 0.6768468915343916 0.020535714285714286 0.021577380952380952
0 0.5022879464285714 0.7820684523809524 0.8856026785714286 0.08020833333333334
1 0.06978686795529382 0.7431762566137565 0.020521763392857145 0.021577380952380952
0 0.5022879464285714 0.8436011904761904 0.8856026785714286 0.07648809523809524
1 0.06978686795529382 0.8095056216931217 0.020521763392857145 0.021577380952380952
