0 0.16975446428571428 0.2636160714285714 0.22142857142857142 0.07038690476190476
1 0.06267091990985048 0.18095592403628116 0.007198660714285714 0.021577380952380952
0 0.16975446428571428 0.4127232142857143 0.22142857142857142 0.08675595238095238
1 0.0645961431241362 0.3230902777777778 0.011049107142857144 0.021577380952380952
0 0.16975446428571428 0.580952380952381 0.22142857142857142 0.055952380952380955
1 0.0665213663384219 0.4652246315192744 0.014899553571428572 0.021577380952380952
0 0.39140625 0.30431547619047616 0.22142857142857142 0.07261904761904762
1 0.2944842439573125 0.18095592403628116 0.027483258928571428 0.021577380952380952
0 0.39140625 0.4171875 0.22142857142857142 0.04479166666666667
1 0.2953840765465982 0.3230902777777778 0.029282924107142855 0.021577380952380952
0 0.39140625 0.5708333333333333 0.22142857142857142 0.06517857142857143
1 0.2946028265465982 0.4652246315192744 0.027720424107142858 0.021577380952380952
0 0.6130580357142857 0.30357142857142855 0.22142857142857142 0.12916666666666668
1 0.5126745211297744 0.18095592403628116 0.020521763392857145 0.021577380952380952
0 0.6130580357142857 0.4763392857142857 0.22142857142857142 0.23363095238095238
1 0.5126745211297744 0.3230902777777778 0.020521763392857145 0.021577380952380952
0 0.6130580357142857 0.5788690476190477 0.22142857142857142 0.22738095238095238
1 0.5126884720226316 0.4652246315192744 0.02054966517857143 0.021577380952380952
0 0.8347098214285714 0.28504464285714287 0.22142857142857142 0.1269345238095238
1 0.7343525215165222 0.18095592403628116 0.020535714285714286 0.021577380952380952
0 0.8347098214285714 0.4120535714285714 0.22142857142857142 0.10297619047619047
1 0.7343455460700936 0.3230902777777778 0.020521763392857145 0.021577380952380952
0 0.8347098214285714 0.546875 0.22142857142857142 0.0675595238095238
1 0.7343455460700936 0.4652246315192744 0.020521763392857145 0.021577380952380952
0 0.49832589285714285 0.6969494047619048 0.8785714285714286 0.08675595238095238
1 0.0645961431241362 0.6073589852607709 0.011049107142857144 0.021577380952380952
