0 0.16975446428571428 0.2488095238095238 0.22142857142857142 0.0994047619047619
1 0.06267091990985048 0.18095592403628116 0.007198660714285714 0.021577380952380952
0 0.16975446428571428 0.39933035714285714 0.22142857142857142 0.09419642857142857
1 0.0645961431241362 0.3230902777777778 0.011049107142857144 0.021577380952380952
0 0.16975446428571428 0.5742559523809524 0.22142857142857142 0.03571428571428571
1 0.0665213663384219 0.4652246315192744 0.014899553571428572 0.021577380952380952
0 0.39140625 0.31592261904761904 0.22142857142857142 0.09553571428571428
1 0.2944842439573125 0.18095592403628116 0.027483258928571428 0.021577380952380952
0 0.39140625 0.40729166666666666 0.22142857142857142 0.06041666666666667
1 0.2953840765465982 0.3230902777777778 0.029282924107142855 0.021577380952380952
0 0.39140625 0.5604910714285715 0.22142857142857142 0.05133928571428571
1 0.2946028265465982 0.4652246315192744 0.027720424107142858 0.021577380952380952
0 0.6130580357142857 0.34776785714285713 0.22142857142857142 0.20297619047619048
1 0.5126745211297744 0.18095592403628116 0.020521763392857145 0.021577380952380952
0 0.6130580357142857 0.48861607142857144 0.22142857142857142 0.33169642857142856
1 0.5126745211297744 0.3230902777777778 0.020521763392857145 0.021577380952380952
0 0.6130580357142857 0.4829613095238095 0.22142857142857142 0.28080357142857143
1 0.5126884720226316 0.4652246315192744 0.02054966517857143 0.021577380952380952
0 0.8347098214285714 0.19523809523809524 0.22142857142857142 0.25952380952380955
1 0.7343525215165222 0.18095592403628116 0.020535714285714286 0.021577380952380952
0 0.8347098214285714 0.3554315476190476 0.22142857142857142 0.19895833333333332
1 0.7343455460700936 0.3230902777777778 0.020521763392857145 0.021577380952380952
0 0.8347098214285714 0.46063988095238095 0.22142857142857142 0.3019345238095238
1 0.7343455460700936 0.4652246315192744 0.020521763392857145 0.021577380952380952
0 0.49832589285714285 0.6761904761904762 0.8785714285714286 0.10922619047619048
1 0.0645961431241362 0.6073589852607709 0.011049107142857144 0.021577380952380952
