0 0.2806919642857143 0.21339285714285713 0.44285714285714284 0.04583333333333333
1 0.06297304751642037 0.1388420414462081 0.007198660714285714 0.021577380952380952
0 0.2806919642857143 0.3090029761904762 0.44285714285714284 0.0775297619047619
1 0.06489827073070609 0.24939098324514994 0.011049107142857144 0.021577380952380952
0 0.2806919642857143 0.4289434523809524 0.44285714285714284 0.04895833333333333
1 0.0668234939449918 0.35993992504409167 0.014899553571428572 0.021577380952380952
0 0.2806919642857143 0.5678571428571428 0.44285714285714284 0.06130952380952381
1 0.07311534662356323 0.47048886684303354 0.027483258928571428 0.021577380952380952
0 0.2806919642857143 0.662797619047619 0.44285714285714284 0.029166666666666667
1 0.07401517921284895 0.5810378086419753 0.029282924107142855 0.021577380952380952
0 0.2806919642857143 0.7561011904761905 0.44285714285714284 0.05892857142857143
1 0.07323392921284894 0.6915867504409172 0.027720424107142858 0.021577380952380987
0 0.7237723214285714 0.24136904761904762 0.44285714285714284 0.05952380952380952
1 0.5126861414223348 0.1388420414462081 0.020521763392857145 0.021577380952380952
0 0.7237723214285714 0.3625744047619048 0.44285714285714284 0.11413690476190476
1 0.5126861414223348 0.24939098324514994 0.020521763392857145 0.021577380952380952
0 0.7237723214285714 0.42626488095238096 0.44285714285714284 0.10788690476190477
1 0.512700092315192 0.35993992504409167 0.02054966517857143 0.021577380952380952
0 0.7237723214285714 0.5261904761904762 0.44285714285714284 0.10595238095238095
1 0.5126931168687634 0.47048886684303354 0.020535714285714286 0.021577380952380952
0 0.7237723214285714 0.638095238095238 0.44285714285714284 0.09136904761904761
1 0.5126861414223348 0.5810378086419753 0.020521763392857145 0.021577380952380952
0 0.7237723214285714 0.7534970238095238 0.44285714285714284 0.08199404761904762
1 0.5126861414223348 0.6915867504409172 0.020521763392857145 0.021577380952380987
