0 0.16975446428571428 0.25751488095238095 0.22142857142857142 0.07485119047619047
1 0.06267091990985048 0.18095592403628116 0.007198660714285714 0.021577380952380952
0 0.16975446428571428 0.4310267857142857 0.22142857142857142 0.06413690476190476
1 0.0645961431241362 0.3230902777777778 0.011049107142857144 0.021577380952380952
0 0.16975446428571428 0.5924107142857142 0.22142857142857142 0.07827380952380952
1 0.0665213663384219 0.4652246315192744 0.014899553571428572 0.021577380952380952
0 0.39140625 0.2970982142857143 0.22142857142857142 0.05818452380952381
1 0.2944842439573125 0.18095592403628116 0.027483258928571428 0.021577380952380952
0 0.39140625 0.4015625 0.22142857142857142 0.07008928571428572
1 0.2953840765465982 0.3230902777777778 0.029282924107142855 0.021577380952380952
0 0.39140625 0.5832589285714286 0.22142857142857142 0.06770833333333333
1 0.2946028265465982 0.4652246315192744 0.027720424107142858 0.021577380952380952
0 0.6130580357142857 0.29263392857142856 0.22142857142857142 0.07425595238095238
1 0.5126745211297744 0.18095592403628116 0.020521763392857145 0.021577380952380952
0 0.6130580357142857 0.4050595238095238 0.22142857142857142 0.1556547619047619
1 0.5126745211297744 0.3230902777777778 0.020521763392857145 0.021577380952380952
0 0.6130580357142857 0.5389880952380952 0.22142857142857142 0.2961309523809524
1 0.5126884720226316 0.4652246315192744 0.02054966517857143 0.021577380952380952
0 0.8347098214285714 0.22410714285714287 0.22142857142857142 0.2681547619047619
1 0.7343525215165222 0.18095592403628116 0.020535714285714286 0.021577380952380952
0 0.8347098214285714 0.34330357142857143 0.22142857142857142 0.23779761904761904
1 0.7343455460700936 0.3230902777777778 0.020521763392857145 0.021577380952380952
0 0.8347098214285714 0.5241815476190477 0.22142857142857142 0.13556547619047618
1 0.7343455460700936 0.4652246315192744 0.020521763392857145 0.021577380952380952
0 0.49832589285714285 0.718452380952381 0.8785714285714286 0.07053571428571428
1 0.0645961431241362 0.6073589852607709 0.011049107142857144 0.021577380952380952
