0 0.2806919642857143 0.17730654761904763 0.44285714285714284 0.12038690476190476
1 0.06297304751642037 0.1388420414462081 0.007198660714285714 0.021577380952380952
0 0.2806919642857143 0.3341517857142857 0.44285714285714284 0.058779761904761904
1 0.06489827073070609 0.24939098324514994 0.011049107142857144 0.021577380952380952
0 0.2806919642857143 0.4752232142857143 0.44285714285714284 0.09270833333333334
1 0.0668234939449918 0.35993992504409167 0.014899553571428572 0.021577380952380952
0 0.2806919642857143 0.5787202380952381 0.44285714285714284 0.07797619047619048
1 0.07311534662356323 0.47048886684303354 0.027483258928571428 0.021577380952380952
0 0.2806919642857143 0.6242559523809523 0.44285714285714284 0.10535714285714286
1 0.07401517921284895 0.5810378086419753 0.029282924107142855 0.021577380952380952
0 0.2806919642857143 0.7892857142857143 0.44285714285714284 0.059821428571428574
1 0.07323392921284894 0.6915867504409172 0.027720424107142858 0.021577380952380987
0 0.7237723214285714 0.24092261904761905 0.44285714285714284 0.06488095238095239
1 0.5126861414223348 0.1388420414462081 0.020521763392857145 0.021577380952380952
0 0.7237723214285714 0.33497023809523807 0.44285714285714284 0.08988095238095238
1 0.5126861414223348 0.24939098324514994 0.020521763392857145 0.021577380952380952
0 0.7237723214285714 0.46726190476190477 0.44285714285714284 0.09196428571428572
1 0.512700092315192 0.35993992504409167 0.02054966517857143 0.021577380952380952
0 0.7237723214285714 0.5611607142857142 0.44285714285714284 0.10327380952380952
1 0.5126931168687634 0.47048886684303354 0.020535714285714286 0.021577380952380952
0 0.7237723214285714 0.6624255952380952 0.44285714285714284 0.1099702380952381
1 0.5126861414223348 0.5810378086419753 0.020521763392857145 0.021577380952380952
0 0.7237723214285714 0.7697172619047619 0.44285714285714284 0.08526785714285715
1 0.5126861414223348 0.6915867504409172 0.020521763392857145 0.021577380952380987
