0 0.16975446428571428 0.25044642857142857 0.22142857142857142 0.10892857142857143
1 0.06267091990985048 0.18095592403628116 0.007198660714285714 0.021577380952380952
0 0.16975446428571428 0.4270089285714286 0.22142857142857142 0.08258928571428571
1 0.0645961431241362 0.3230902777777778 0.011049107142857144 0.021577380952380952
0 0.16975446428571428 0.5962053571428572 0.22142857142857142 0.11175595238095239
1 0.0665213663384219 0.4652246315192744 0.014899553571428572 0.021577380952380952
0 0.39140625 0.3019345238095238 0.22142857142857142 0.08571428571428572
1 0.2944842439573125 0.18095592403628116 0.027483258928571428 0.021577380952380952
0 0.39140625 0.39538690476190474 0.22142857142857142 0.10982142857142857
1 0.2953840765465982 0.3230902777777778 0.029282924107142855 0.021577380952380952
0 0.39140625 0.5799851190476191 0.22142857142857142 0.07038690476190476
1 0.2946028265465982 0.4652246315192744 0.027720424107142858 0.021577380952380952
0 0.6130580357142857 0.31688988095238096 0.22142857142857142 0.10520833333333333
1 0.5126745211297744 0.18095592403628116 0.020521763392857145 0.021577380952380952
0 0.6130580357142857 0.4720238095238095 0.22142857142857142 0.25089285714285714
1 0.5126745211297744 0.3230902777777778 0.020521763392857145 0.021577380952380952
0 0.6130580357142857 0.5976934523809524 0.22142857142857142 0.25104166666666666
1 0.5126884720226316 0.4652246315192744 0.02054966517857143 0.021577380952380952
0 0.8347098214285714 0.26220238095238096 0.22142857142857142 0.22321428571428573
1 0.7343525215165222 0.18095592403628116 0.020535714285714286 0.021577380952380952
0 0.8347098214285714 0.3709077380952381 0.22142857142857142 0.19657738095238095
1 0.7343455460700936 0.3230902777777778 0.020521763392857145 0.021577380952380952
0 0.8347098214285714 0.5070684523809523 0.22142857142857142 0.1507440476190476
1 0.7343455460700936 0.4652246315192744 0.020521763392857145 0.021577380952380952
0 0.49832589285714285 0.7133928571428572 0.8785714285714286 0.0943452380952381
1 0.0645961431241362 0.6073589852607709 0.011049107142857144 0.021577380952380952
