0 0.2806919642857143 0.2008184523809524 0.44285714285714284 0.06502976190476191
1 0.06297304751642037 0.1388420414462081 0.007198660714285714 0.021577380952380952
0 0.2806919642857143 0.3148809523809524 0.44285714285714284 0.05476190476190476
1 0.06489827073070609 0.24939098324514994 0.011049107142857144 0.021577380952380952
0 0.2806919642857143 0.4386904761904762 0.44285714285714284 0.05357142857142857
1 0.0668234939449918 0.35993992504409167 0.014899553571428572 0.021577380952380952
0 0.2806919642857143 0.5715029761904762 0.44285714285714284 0.0537202380952381
1 0.07311534662356323 0.47048886684303354 0.027483258928571428 0.021577380952380952
0 0.2806919642857143 0.6546875 0.44285714285714284 0.053125
1 0.07401517921284895 0.5810378086419753 0.029282924107142855 0.021577380952380952
0 0.2806919642857143 0.765922619047619 0.44285714285714284 0.04791666666666667
1 0.07323392921284894 0.6915867504409172 0.027720424107142858 0.021577380952380987
0 0.7237723214285714 0.2467261904761905 0.44285714285714284 0.10773809523809524
1 0.5126861414223348 0.1388420414462081 0.020521763392857145 0.021577380952380952
0 0.7237723214285714 0.234375 0.44285714285714284 0.575297619047619
1 0.5126861414223348 0.24939098324514994 0.020521763392857145 0.021577380952380952
0 0.7237723214285714 0.4054315476190476 0.44285714285714284 0.1706845238095238
1 0.512700092315192 0.35993992504409167 0.02054966517857143 0.021577380952380952
0 0.7237723214285714 0.5208333333333334 0.44285714285714284 0.17767857142857144
1 0.5126931168687634 0.47048886684303354 0.020535714285714286 0.021577380952380952
0 0.7237723214285714 0.6015625 0.44285714285714284 0.1751488095238095
1 0.5126861414223348 0.5810378086419753 0.020521763392857145 0.021577380952380952
0 0.7237723214285714 0.7261904761904762 0.44285714285714284 0.15595238095238095
1 0.5126861414223348 0.6915867504409172 0.020521763392857145 0.021577380952380987
