0 0.16975446428571428 0.26004464285714285 0.22142857142857142 0.09508928571428571
1 0.06267091990985048 0.18095592403628116 0.007198660714285714 0.021577380952380952
0 0.16975446428571428 0.3957589285714286 0.22142857142857142 0.08556547619047619
1 0.0645961431241362 0.3230902777777778 0.011049107142857144 0.021577380952380952
0 0.16975446428571428 0.5566220238095239 0.22142857142857142 0.054017857142857145
1 0.0665213663384219 0.4652246315192744 0.014899553571428572 0.021577380952380952
0 0.39140625 0.3159970238095238 0.22142857142857142 0.08139880952380953
1 0.2944842439573125 0.18095592403628116 0.027483258928571428 0.021577380952380952
0 0.39140625 0.4238839285714286 0.22142857142857142 0.06711309523809524
1 0.2953840765465982 0.3230902777777778 0.029282924107142855 0.021577380952380952
0 0.39140625 0.5552827380952381 0.22142857142857142 0.051041666666666666
1 0.2946028265465982 0.4652246315192744 0.027720424107142858 0.021577380952380952
0 0.6130580357142857 0.3107142857142857 0.22142857142857142 0.07976190476190476
1 0.5126745211297744 0.18095592403628116 0.020521763392857145 0.021577380952380952
0 0.6130580357142857 0.44419642857142855 0.22142857142857142 0.06339285714285714
1 0.5126745211297744 0.3230902777777778 0.020521763392857145 0.021577380952380952
0 0.6130580357142857 0.5658482142857143 0.22142857142857142 0.03080357142857143
1 0.5126884720226316 0.4652246315192744 0.02054966517857143 0.021577380952380952
0 0.8347098214285714 0.2630952380952381 0.22142857142857142 0.08898809523809524
1 0.7343525215165222 0.18095592403628116 0.020535714285714286 0.021577380952380952
0 0.8347098214285714 0.4191220238095238 0.22142857142857142 0.06979166666666667
1 0.7343455460700936 0.3230902777777778 0.020521763392857145 0.021577380952380952
0 0.8347098214285714 0.5389880952380952 0.22142857142857142 0.09077380952380952
1 0.7343455460700936 0.4652246315192744 0.020521763392857145 0.021577380952380952
0 0.49832589285714285 0.6773809523809524 0.8785714285714286 0.09464285714285714
1 0.0645961431241362 0.6073589852607709 0.011049107142857144 0.021577380952380952
