0 0.2806919642857143 0.2066220238095238 0.44285714285714284 0.08943452380952381
1 0.06297304751642037 0.1388420414462081 0.007198660714285714 0.021577380952380952
0 0.2806919642857143 0.3209077380952381 0.44285714285714284 0.05431547619047619
1 0.06489827073070609 0.24939098324514994 0.011049107142857144 0.021577380952380952
0 0.2806919642857143 0.4511904761904762 0.44285714285714284 0.10267857142857142
1 0.0668234939449918 0.35993992504409167 0.014899553571428572 0.021577380952380952
0 0.2806919642857143 0.5630952380952381 0.44285714285714284 0.055357142857142855
1 0.07311534662356323 0.47048886684303354 0.027483258928571428 0.021577380952380952
0 0.2806919642857143 0.6519345238095238 0.44285714285714284 0.0931547619047619
1 0.07401517921284895 0.5810378086419753 0.029282924107142855 0.021577380952380952
0 0.2806919642857143 0.7752976190476191 0.44285714285714284 0.07142857142857142
1 0.07323392921284894 0.6915867504409172 0.027720424107142858 0.021577380952380987
0 0.7237723214285714 0.2191220238095238 0.44285714285714284 0.0775297619047619
1 0.5126861414223348 0.1388420414462081 0.020521763392857145 0.021577380952380952
0 0.7237723214285714 0.3444940476190476 0.44285714285714284 0.17708333333333334
1 0.5126861414223348 0.24939098324514994 0.020521763392857145 0.021577380952380952
0 0.7237723214285714 0.42492559523809526 0.44285714285714284 0.21770833333333334
1 0.512700092315192 0.35993992504409167 0.02054966517857143 0.021577380952380952
0 0.7237723214285714 0.5238095238095238 0.44285714285714284 0.17857142857142858
1 0.5126931168687634 0.47048886684303354 0.020535714285714286 0.021577380952380952
0 0.7237723214285714 0.6354166666666666 0.44285714285714284 0.15892857142857142
1 0.5126861414223348 0.5810378086419753 0.020521763392857145 0.021577380952380952
0 0.7237723214285714 0.7555059523809524 0.44285714285714284 0.11011904761904762
1 0.5126861414223348 0.6915867504409172 0.020521763392857145 0.021577380952380987
