0 0.16975446428571428 0.28482142857142856 0.22142857142857142 0.08154761904761905
1 0.06267091990985048 0.18095592403628116 0.007198660714285714 0.021577380952380952
0 0.16975446428571428 0.4276785714285714 0.22142857142857142 0.07946428571428571
1 0.0645961431241362 0.3230902777777778 0.011049107142857144 0.021577380952380952
0 0.16975446428571428 0.5716517857142858 0.22142857142857142 0.07068452380952381
1 0.0665213663384219 0.4652246315192744 0.014899553571428572 0.021577380952380952
0 0.39140625 0.2838541666666667 0.22142857142857142 0.07842261904761905
1 0.2944842439573125 0.18095592403628116 0.027483258928571428 0.021577380952380952
0 0.39140625 0.4240327380952381 0.22142857142857142 0.07395833333333333
1 0.2953840765465982 0.3230902777777778 0.029282924107142855 0.021577380952380952
0 0.39140625 0.563764880952381 0.22142857142857142 0.060267857142857144
1 0.2946028265465982 0.4652246315192744 0.027720424107142858 0.021577380952380952
0 0.6130580357142857 0.26599702380952384 0.22142857142857142 0.18288690476190475
1 0.5126745211297744 0.18095592403628116 0.020521763392857145 0.021577380952380952
0 0.6130580357142857 0.3847470238095238 0.22142857142857142 0.428125
1 0.5126745211297744 0.3230902777777778 0.020521763392857145 0.021577380952380952
0 0.6130580357142857 0.5293154761904761 0.22142857142857142 0.45089285714285715
1 0.5126884720226316 0.4652246315192744 0.02054966517857143 0.021577380952380952
0 0.8347098214285714 0.2683035714285714 0.22142857142857142 0.4919642857142857
1 0.7343525215165222 0.18095592403628116 0.020535714285714286 0.021577380952380952
0 0.8347098214285714 0.40528273809523807 0.22142857142857142 0.31741071428571427
1 0.7343455460700936 0.3230902777777778 0.020521763392857145 0.021577380952380952
0 0.8347098214285714 0.5505208333333333 0.22142857142857142 0.18050595238095238
1 0.7343455460700936 0.4652246315192744 0.020521763392857145 0.021577380952380952
0 0.49832589285714285 0.7097470238095238 0.8785714285714286 0.0900297619047619
1 0.0645961431241362 0.6073589852607709 0.011049107142857144 0.021577380952380952
