0 0.2806919642857143 0.19188988095238096 0.44285714285714284 0.1331845238095238
1 0.06297304751642037 0.1388420414462081 0.007198660714285714 0.021577380952380952
0 0.2806919642857143 0.3139136904761905 0.44285714285714284 0.1519345238095238
1 0.06489827073070609 0.24939098324514994 0.011049107142857144 0.021577380952380952
0 0.2806919642857143 0.4659970238095238 0.44285714285714284 0.18229166666666666
1 0.0668234939449918 0.35993992504409167 0.014899553571428572 0.021577380952380952
0 0.2806919642857143 0.5898809523809524 0.44285714285714284 0.10327380952380952
1 0.07311534662356323 0.47048886684303354 0.027483258928571428 0.021577380952380952
0 0.2806919642857143 0.6422619047619048 0.44285714285714284 0.14642857142857144
1 0.07401517921284895 0.5810378086419753 0.029282924107142855 0.021577380952380952
0 0.2806919642857143 0.7874255952380952 0.44285714285714284 0.14598214285714287
1 0.07323392921284894 0.6915867504409172 0.027720424107142858 0.021577380952380987
0 0.7237723214285714 0.2819196428571429 0.44285714285714284 0.27723214285714287
1 0.5126861414223348 0.1388420414462081 0.020521763392857145 0.021577380952380952
0 0.7237723214285714 0.4017857142857143 0.44285714285714284 0.35714285714285715
1 0.5126861414223348 0.24939098324514994 0.020521763392857145 0.021577380952380952
0 0.7237723214285714 0.5015625 0.44285714285714284 0.346875
1 0.512700092315192 0.35993992504409167 0.02054966517857143 0.021577380952380952
0 0.7237723214285714 0.5300595238095238 0.44285714285714284 0.2461309523809524
1 0.5126931168687634 0.47048886684303354 0.020535714285714286 0.021577380952380952
0 0.7237723214285714 0.6023809523809524 0.44285714285714284 0.18958333333333333
1 0.5126861414223348 0.5810378086419753 0.020521763392857145 0.021577380952380952
0 0.7237723214285714 0.711235119047619 0.44285714285714284 0.16770833333333332
1 0.5126861414223348 0.6915867504409172 0.020521763392857145 0.021577380952380987
