0 0.5022879464285714 0.12805059523809523 0.8856026785714286 0.024553571428571428
1 0.0631253166160081 0.07988260582010584 0.007198660714285714 0.021577380952380952
0 0.5022879464285714 0.18095238095238095 0.8856026785714286 0.05744047619047619
1 0.06505053983029382 0.1462119708994709 0.011049107142857144 0.021577380952380952
0 0.5022879464285714 0.2526785714285714 0.8856026785714286 0.0443452380952381
1 0.06697576304457953 0.21254133597883595 0.014899553571428572 0.021577380952380952
0 0.5022879464285714 0.3424107142857143 0.8856026785714286 0.03898809523809524
1 0.07326761572315096 0.27887070105820105 0.027483258928571428 0.021577380952380952
0 0.5022879464285714 0.40126488095238094 0.8856026785714286 0.021875
1 0.07416744831243667 0.3452000661375661 0.029282924107142855 0.021577380952380952
0 0.5022879464285714 0.44888392857142856 0.8856026785714286 0.05074404761904762
1 0.07338619831243667 0.41152943121693125 0.027720424107142858 0.021577380952380952
0 0.5022879464285714 0.5359375 0.8856026785714286 0.06979166666666667
1 0.06978686795529382 0.4778587962962963 0.020521763392857145 0.021577380952380952
0 0.5022879464285714 0.6020089285714286 0.8856026785714286 0.08616071428571428
1 0.06978686795529382 0.5441881613756614 0.020521763392857145 0.021577380952380952
0 0.5022879464285714 0.6343005952380952 0.8856026785714286 0.1412202380952381
1 0.06980081884815097 0.6105175264550264 0.02054966517857143 0.021577380952380952
0 0.5022879464285714 0.7057291666666666 0.8856026785714286 0.11056547619047619
1 0.06979384340172239 0.6768468915343916 0.020535714285714286 0.021577380952380952
0 0.5022879464285714 0.7790178571428571 0.8856026785714286 0.08392857142857142
1 0.06978686795529382 0.7431762566137565 0.020521763392857145 0.021577380952380952
0 0.5022879464285714 0.8509672619047619 0.8856026785714286 0.06800595238095238
1 0.06978686795529382 0.8095056216931217 0.020521763392857145 0.021577380952380952
