0 0.16975446428571428 0.27247023809523807 0.22142857142857142 0.06279761904761905
1 0.06267091990985048 0.18095592403628116 0.007198660714285714 0.021577380952380952
0 0.16975446428571428 0.40922619047619047 0.22142857142857142 0.0988095238095238
1 0.0645961431241362 0.3230902777777778 0.011049107142857144 0.021577380952380952
0 0.16975446428571428 0.5630952380952381 0.22142857142857142 0.058333333333333334
1 0.0665213663384219 0.4652246315192744 0.014899553571428572 0.021577380952380952
0 0.39140625 0.29985119047619047 0.22142857142857142 0.07738095238095238
1 0.2944842439573125 0.18095592403628116 0.027483258928571428 0.021577380952380952
0 0.39140625 0.42566964285714287 0.22142857142857142 0.02693452380952381
1 0.2953840765465982 0.3230902777777778 0.029282924107142855 0.021577380952380952
0 0.39140625 0.5591517857142857 0.22142857142857142 0.07455357142857143
1 0.2946028265465982 0.4652246315192744 0.027720424107142858 0.021577380952380952
0 0.6130580357142857 0.3054315476190476 0.22142857142857142 0.059375
1 0.5126745211297744 0.18095592403628116 0.020521763392857145 0.021577380952380952
0 0.6130580357142857 0.45022321428571427 0.22142857142857142 0.1412202380952381
1 0.5126745211297744 0.3230902777777778 0.020521763392857145 0.021577380952380952
0 0.6130580357142857 0.5668154761904762 0.22142857142857142 0.13958333333333334
1 0.5126884720226316 0.4652246315192744 0.02054966517857143 0.021577380952380952
0 0.8347098214285714 0.22291666666666668 0.22142857142857142 0.17142857142857143
1 0.7343525215165222 0.18095592403628116 0.020535714285714286 0.021577380952380952
0 0.8347098214285714 0.36815476190476193 0.22142857142857142 0.15803571428571428
1 0.7343455460700936 0.3230902777777778 0.020521763392857145 0.021577380952380952
0 0.8347098214285714 0.5298363095238096 0.22142857142857142 0.11235119047619048
1 0.7343455460700936 0.4652246315192744 0.020521763392857145 0.021577380952380952
0 0.49832589285714285 0.687202380952381 0.8785714285714286 0.1113095238095238
1 0.0645961431241362 0.6073589852607709 0.011049107142857144 0.021577380952380952
