0 0.2806919642857143 0.1822172619047619 0.44285714285714284 0.11354166666666667
1 0.06297304751642037 0.1388420414462081 0.007198660714285714 0.021577380952380952
0 0.2806919642857143 0.3345238095238095 0.44285714285714284 0.0943452380952381
1 0.06489827073070609 0.24939098324514994 0.011049107142857144 0.021577380952380952
0 0.2806919642857143 0.465625 0.44285714285714284 0.11339285714285714
1 0.0668234939449918 0.35993992504409167 0.014899553571428572 0.021577380952380952
0 0.2806919642857143 0.5738095238095238 0.44285714285714284 0.08988095238095238
1 0.07311534662356323 0.47048886684303354 0.027483258928571428 0.021577380952380952
0 0.2806919642857143 0.6328125 0.44285714285714284 0.11205357142857143
1 0.07401517921284895 0.5810378086419753 0.029282924107142855 0.021577380952380952
0 0.2806919642857143 0.7866815476190476 0.44285714285714284 0.08913690476190476
1 0.07323392921284894 0.6915867504409172 0.027720424107142858 0.021577380952380987
0 0.7237723214285714 0.23549107142857142 0.44285714285714284 0.08616071428571428
1 0.5126861414223348 0.1388420414462081 0.020521763392857145 0.021577380952380952
0 0.7237723214285714 0.35625 0.44285714285714284 0.15178571428571427
1 0.5126861414223348 0.24939098324514994 0.020521763392857145 0.021577380952380952
0 0.7237723214285714 0.45543154761904764 0.44285714285714284 0.1269345238095238
1 0.512700092315192 0.35993992504409167 0.02054966517857143 0.021577380952380952
0 0.7237723214285714 0.5630952380952381 0.44285714285714284 0.10357142857142858
1 0.5126931168687634 0.47048886684303354 0.020535714285714286 0.021577380952380952
0 0.7237723214285714 0.665327380952381 0.44285714285714284 0.10654761904761904
1 0.5126861414223348 0.5810378086419753 0.020521763392857145 0.021577380952380952
0 0.7237723214285714 0.7710565476190476 0.44285714285714284 0.08080357142857143
1 0.5126861414223348 0.6915867504409172 0.020521763392857145 0.021577380952380987
