0 0.16975446428571428 0.2640625 0.22142857142857142 0.11145833333333334
1 0.06267091990985048 0.18095592403628116 0.007198660714285714 0.021577380952380952
0 0.16975446428571428 0.4017113095238095 0.22142857142857142 0.08288690476190476
1 0.0645961431241362 0.3230902777777778 0.011049107142857144 0.021577380952380952
0 0.16975446428571428 0.5555803571428571 0.22142857142857142 0.07425595238095238
1 0.0665213663384219 0.4652246315192744 0.014899553571428572 0.021577380952380952
0 0.39140625 0.311235119047619 0.22142857142857142 0.0849702380952381
1 0.2944842439573125 0.18095592403628116 0.027483258928571428 0.021577380952380952
0 0.39140625 0.4217261904761905 0.22142857142857142 0.09107142857142857
1 0.2953840765465982 0.3230902777777778 0.029282924107142855 0.021577380952380952
0 0.39140625 0.5563988095238095 0.22142857142857142 0.05238095238095238
1 0.2946028265465982 0.4652246315192744 0.027720424107142858 0.021577380952380952
0 0.6130580357142857 0.30691964285714285 0.22142857142857142 0.11026785714285714
1 0.5126745211297744 0.18095592403628116 0.020521763392857145 0.021577380952380952
0 0.6130580357142857 0.4640625 0.22142857142857142 0.15342261904761906
1 0.5126745211297744 0.3230902777777778 0.020521763392857145 0.021577380952380952
0 0.6130580357142857 0.5736607142857143 0.22142857142857142 0.1619047619047619
1 0.5126884720226316 0.4652246315192744 0.02054966517857143 0.021577380952380952
0 0.8347098214285714 0.23095238095238096 0.22142857142857142 0.20892857142857144
1 0.7343525215165222 0.18095592403628116 0.020535714285714286 0.021577380952380952
0 0.8347098214285714 0.3600446428571429 0.22142857142857142 0.18169642857142856
1 0.7343455460700936 0.3230902777777778 0.020521763392857145 0.021577380952380952
0 0.8347098214285714 0.5011904761904762 0.22142857142857142 0.16517857142857142
1 0.7343455460700936 0.4652246315192744 0.020521763392857145 0.021577380952380952
0 0.49832589285714285 0.6860119047619048 0.8785714285714286 0.08958333333333333
1 0.0645961431241362 0.6073589852607709 0.011049107142857144 0.021577380952380952
