0 0.2806919642857143 0.20297619047619048 0.44285714285714284 0.09732142857142857
1 0.06297304751642037 0.1388420414462081 0.007198660714285714 0.021577380952380952
0 0.2806919642857143 0.3140625 0.44285714285714284 0.08586309523809524
1 0.06489827073070609 0.24939098324514994 0.011049107142857144 0.021577380952380952
0 0.2806919642857143 0.44479166666666664 0.44285714285714284 0.03571428571428571
1 0.0668234939449918 0.35993992504409167 0.014899553571428572 0.021577380952380952
0 0.2806919642857143 0.5703125 0.44285714285714284 0.09151785714285714
1 0.07311534662356323 0.47048886684303354 0.027483258928571428 0.021577380952380952
0 0.2806919642857143 0.6528273809523809 0.44285714285714284 0.05892857142857143
1 0.07401517921284895 0.5810378086419753 0.029282924107142855 0.021577380952380952
0 0.2806919642857143 0.7642857142857142 0.44285714285714284 0.05476190476190476
1 0.07323392921284894 0.6915867504409172 0.027720424107142858 0.021577380952380987
0 0.7237723214285714 0.24494047619047618 0.44285714285714284 0.09136904761904761
1 0.5126861414223348 0.1388420414462081 0.020521763392857145 0.021577380952380952
0 0.7237723214285714 0.36220238095238094 0.44285714285714284 0.14107142857142857
1 0.5126861414223348 0.24939098324514994 0.020521763392857145 0.021577380952380952
0 0.7237723214285714 0.462202380952381 0.44285714285714284 0.12053571428571429
1 0.512700092315192 0.35993992504409167 0.02054966517857143 0.021577380952380952
0 0.7237723214285714 0.5385416666666667 0.44285714285714284 0.11577380952380953
1 0.5126931168687634 0.47048886684303354 0.020535714285714286 0.021577380952380952
0 0.7237723214285714 0.6120535714285714 0.44285714285714284 0.12142857142857143
1 0.5126861414223348 0.5810378086419753 0.020521763392857145 0.021577380952380952
0 0.7237723214285714 0.7261904761904762 0.44285714285714284 0.12351190476190477
1 0.5126861414223348 0.6915867504409172 0.020521763392857145 0.021577380952380987
