0 0.16975446428571428 0.2566220238095238 0.22142857142857142 0.08110119047619048
1 0.06267091990985048 0.18095592403628116 0.007198660714285714 0.021577380952380952
0 0.16975446428571428 0.41569940476190476 0.22142857142857142 0.058779761904761904
1 0.0645961431241362 0.3230902777777778 0.011049107142857144 0.021577380952380952
0 0.16975446428571428 0.5824404761904762 0.22142857142857142 0.060714285714285714
1 0.0665213663384219 0.4652246315192744 0.014899553571428572 0.021577380952380952
0 0.39140625 0.305952380952381 0.22142857142857142 0.06458333333333334
1 0.2944842439573125 0.18095592403628116 0.027483258928571428 0.021577380952380952
0 0.39140625 0.4068452380952381 0.22142857142857142 0.06636904761904762
1 0.2953840765465982 0.3230902777777778 0.029282924107142855 0.021577380952380952
0 0.39140625 0.5732886904761905 0.22142857142857142 0.039732142857142855
1 0.2946028265465982 0.4652246315192744 0.027720424107142858 0.021577380952380952
0 0.6130580357142857 0.29055059523809523 0.22142857142857142 0.08080357142857143
1 0.5126745211297744 0.18095592403628116 0.020521763392857145 0.021577380952380952
0 0.6130580357142857 0.4204613095238095 0.22142857142857142 0.14568452380952382
1 0.5126745211297744 0.3230902777777778 0.020521763392857145 0.021577380952380952
0 0.6130580357142857 0.5528273809523809 0.22142857142857142 0.15208333333333332
1 0.5126884720226316 0.4652246315192744 0.02054966517857143 0.021577380952380952
0 0.8347098214285714 0.2525297619047619 0.22142857142857142 0.15654761904761905
1 0.7343525215165222 0.18095592403628116 0.020535714285714286 0.021577380952380952
0 0.8347098214285714 0.3924107142857143 0.22142857142857142 0.12261904761904761
1 0.7343455460700936 0.3230902777777778 0.020521763392857145 0.021577380952380952
0 0.8347098214285714 0.4701636904761905 0.22142857142857142 0.1581845238095238
1 0.7343455460700936 0.4652246315192744 0.020521763392857145 0.021577380952380952
0 0.49832589285714285 0.7017113095238096 0.8785714285714286 0.0730654761904762
1 0.0645961431241362 0.6073589852607709 0.011049107142857144 0.021577380952380952
