0 0.16975446428571428 0.28869047619047616 0.22142857142857142 0.05654761904761905
1 0.06267091990985048 0.18095592403628116 0.007198660714285714 0.021577380952380952
0 0.16975446428571428 0.4070684523809524 0.22142857142857142 0.18824404761904762
1 0.0645961431241362 0.3230902777777778 0.011049107142857144 0.021577380952380952
0 0.16975446428571428 0.5461309523809523 0.22142857142857142 0.13898809523809524
1 0.0665213663384219 0.4652246315192744 0.014899553571428572 0.021577380952380952
0 0.39140625 0.2921875 0.22142857142857142 0.12098214285714286
1 0.2944842439573125 0.18095592403628116 0.027483258928571428 0.021577380952380952
0 0.39140625 0.4382440476190476 0.22142857142857142 0.04851190476190476
1 0.2953840765465982 0.3230902777777778 0.029282924107142855 0.021577380952380952
0 0.39140625 0.5476934523809524 0.22142857142857142 0.16354166666666667
1 0.2946028265465982 0.4652246315192744 0.027720424107142858 0.021577380952380952
0 0.6130580357142857 0.3001488095238095 0.22142857142857142 0.0875
1 0.5126745211297744 0.18095592403628116 0.020521763392857145 0.021577380952380952
0 0.6130580357142857 0.46383928571428573 0.22142857142857142 0.1523809523809524
1 0.5126745211297744 0.3230902777777778 0.020521763392857145 0.021577380952380952
0 0.6130580357142857 0.5441964285714286 0.22142857142857142 0.13541666666666666
1 0.5126884720226316 0.4652246315192744 0.02054966517857143 0.021577380952380952
0 0.8347098214285714 0.22819940476190476 0.22142857142857142 0.17098214285714286
1 0.7343525215165222 0.18095592403628116 0.020535714285714286 0.021577380952380952
0 0.8347098214285714 0.37537202380952384 0.22142857142857142 0.16324404761904762
1 0.7343455460700936 0.3230902777777778 0.020521763392857145 0.021577380952380952
0 0.8347098214285714 0.5277529761904762 0.22142857142857142 0.1367559523809524
1 0.7343455460700936 0.4652246315192744 0.020521763392857145 0.021577380952380952
0 0.49832589285714285 0.6808035714285714 0.8785714285714286 0.20922619047619048
1 0.0645961431241362 0.6073589852607709 0.011049107142857144 0.021577380952380952
