0 0.16975446428571428 0.24851190476190477 0.22142857142857142 0.12410714285714286
1 0.06267091990985048 0.18095592403628116 0.007198660714285714 0.021577380952380952
0 0.16975446428571428 0.404985119047619 0.22142857142857142 0.08467261904761905
1 0.0645961431241362 0.3230902777777778 0.011049107142857144 0.021577380952380952
0 0.16975446428571428 0.5850446428571429 0.22142857142857142 0.05967261904761905
1 0.0665213663384219 0.4652246315192744 0.014899553571428572 0.021577380952380952
0 0.39140625 0.3118303571428571 0.22142857142857142 0.10282738095238095
1 0.2944842439573125 0.18095592403628116 0.027483258928571428 0.021577380952380952
0 0.39140625 0.4017113095238095 0.22142857142857142 0.08794642857142858
1 0.2953840765465982 0.3230902777777778 0.029282924107142855 0.021577380952380952
0 0.39140625 0.5600446428571428 0.22142857142857142 0.04092261904761905
1 0.2946028265465982 0.4652246315192744 0.027720424107142858 0.021577380952380952
0 0.6130580357142857 0.3079613095238095 0.22142857142857142 0.07157738095238095
1 0.5126745211297744 0.18095592403628116 0.020521763392857145 0.021577380952380952
0 0.6130580357142857 0.4563988095238095 0.22142857142857142 0.10386904761904762
1 0.5126745211297744 0.3230902777777778 0.020521763392857145 0.021577380952380952
0 0.6130580357142857 0.5927083333333333 0.22142857142857142 0.1244047619047619
1 0.5126884720226316 0.4652246315192744 0.02054966517857143 0.021577380952380952
0 0.8347098214285714 0.2456845238095238 0.22142857142857142 0.2080357142857143
1 0.7343525215165222 0.18095592403628116 0.020535714285714286 0.021577380952380952
0 0.8347098214285714 0.37075892857142856 0.22142857142857142 0.1930059523809524
1 0.7343455460700936 0.3230902777777778 0.020521763392857145 0.021577380952380952
0 0.8347098214285714 0.50625 0.22142857142857142 0.16875
1 0.7343455460700936 0.4652246315192744 0.020521763392857145 0.021577380952380952
0 0.49832589285714285 0.6875 0.8785714285714286 0.09047619047619047
1 0.0645961431241362 0.6073589852607709 0.011049107142857144 0.021577380952380952
