0 0.5022879464285714 0.1152529761904762 0.8856026785714286 0.0537202380952381
1 0.0631253166160081 0.07988260582010584 0.007198660714285714 0.021577380952380952
0 0.5022879464285714 0.19166666666666668 0.8856026785714286 0.03601190476190476
1 0.06505053983029382 0.1462119708994709 0.011049107142857144 0.021577380952380952
0 0.5022879464285714 0.2722470238095238 0.8856026785714286 0.03467261904761905
1 0.06697576304457953 0.21254133597883595 0.014899553571428572 0.021577380952380952
0 0.5022879464285714 0.3439732142857143 0.8856026785714286 0.042708333333333334
1 0.07326761572315096 0.27887070105820105 0.027483258928571428 0.021577380952380952
0 0.5022879464285714 0.3848214285714286 0.8856026785714286 0.041666666666666664
1 0.07416744831243667 0.3452000661375661 0.029282924107142855 0.021577380952380952
0 0.5022879464285714 0.4628720238095238 0.8856026785714286 0.020089285714285716
1 0.07338619831243667 0.41152943121693125 0.027720424107142858 0.021577380952380952
0 0.5022879464285714 0.5581845238095238 0.8856026785714286 0.12083333333333333
1 0.06978686795529382 0.4778587962962963 0.020521763392857145 0.021577380952380952
0 0.5022879464285714 0.632514880952381 0.8856026785714286 0.20491071428571428
1 0.06978686795529382 0.5441881613756614 0.020521763392857145 0.021577380952380952
0 0.5022879464285714 0.6746279761904762 0.8856026785714286 0.09419642857142857
1 0.06980081884815097 0.6105175264550264 0.02054966517857143 0.021577380952380952
0 0.5022879464285714 0.7157738095238095 0.8856026785714286 0.14166666666666666
1 0.06979384340172239 0.6768468915343916 0.020535714285714286 0.021577380952380952
0 0.5022879464285714 0.7642857142857142 0.8856026785714286 0.1181547619047619
1 0.06978686795529382 0.7431762566137565 0.020521763392857145 0.021577380952380952
0 0.5022879464285714 0.8330357142857143 0.8856026785714286 0.08065476190476191
1 0.06978686795529382 0.8095056216931217 0.020521763392857145 0.021577380952380952
