0 0.5022879464285714 0.09933035714285714 0.8856026785714286 0.0900297619047619
1 0.0631253166160081 0.07988260582010584 0.007198660714285714 0.021577380952380952
0 0.5022879464285714 0.1699404761904762 0.8856026785714286 0.0875
1 0.06505053983029382 0.1462119708994709 0.011049107142857144 0.021577380952380952
0 0.5022879464285714 0.27053571428571427 0.8856026785714286 0.04047619047619048
1 0.06697576304457953 0.21254133597883595 0.014899553571428572 0.021577380952380952
0 0.5022879464285714 0.3636904761904762 0.8856026785714286 0.08511904761904762
1 0.07326761572315096 0.27887070105820105 0.027483258928571428 0.021577380952380952
0 0.5022879464285714 0.38125 0.8856026785714286 0.05476190476190476
1 0.07416744831243667 0.3452000661375661 0.029282924107142855 0.021577380952380952
0 0.5022879464285714 0.4533482142857143 0.8856026785714286 0.05520833333333333
1 0.07338619831243667 0.41152943121693125 0.027720424107142858 0.021577380952380952
0 0.5022879464285714 0.5530505952380952 0.8856026785714286 0.09806547619047619
1 0.06978686795529382 0.4778587962962963 0.020521763392857145 0.021577380952380952
0 0.5022879464285714 0.5898065476190476 0.8856026785714286 0.14241071428571428
1 0.06978686795529382 0.5441881613756614 0.020521763392857145 0.021577380952380952
0 0.5022879464285714 0.6609375 0.8856026785714286 0.07366071428571429
1 0.06980081884815097 0.6105175264550264 0.02054966517857143 0.021577380952380952
0 0.5022879464285714 0.6995535714285714 0.8856026785714286 0.09494047619047619
1 0.06979384340172239 0.6768468915343916 0.020535714285714286 0.021577380952380952
0 0.5022879464285714 0.7677827380952381 0.8856026785714286 0.09806547619047619
1 0.06978686795529382 0.7431762566137565 0.020521763392857145 0.021577380952380952
0 0.5022879464285714 0.8299107142857143 0.8856026785714286 0.0818452380952381
1 0.06978686795529382 0.8095056216931217 0.020521763392857145 0.021577380952380952
