0 0.2806919642857143 0.2193452380952381 0.44285714285714284 0.059226190476190474
1 0.06297304751642037 0.1388420414462081 0.007198660714285714 0.021577380952380952
0 0.2806919642857143 0.31480654761904764 0.44285714285714284 0.13883928571428572
1 0.06489827073070609 0.24939098324514994 0.011049107142857144 0.021577380952380952
0 0.2806919642857143 0.42916666666666664 0.44285714285714284 0.13898809523809524
1 0.0668234939449918 0.35993992504409167 0.014899553571428572 0.021577380952380952
0 0.2806919642857143 0.5601190476190476 0.44285714285714284 0.09226190476190477
1 0.07311534662356323 0.47048886684303354 0.027483258928571428 0.021577380952380952
0 0.2806919642857143 0.6657738095238095 0.44285714285714284 0.07708333333333334
1 0.07401517921284895 0.5810378086419753 0.029282924107142855 0.021577380952380952
0 0.2806919642857143 0.7568452380952381 0.44285714285714284 0.13363095238095238
1 0.07323392921284894 0.6915867504409172 0.027720424107142858 0.021577380952380987
0 0.7237723214285714 0.23392857142857143 0.44285714285714284 0.0988095238095238
1 0.5126861414223348 0.1388420414462081 0.020521763392857145 0.021577380952380952
0 0.7237723214285714 0.3825892857142857 0.44285714285714284 0.22589285714285715
1 0.5126861414223348 0.24939098324514994 0.020521763392857145 0.021577380952380952
0 0.7237723214285714 0.48214285714285715 0.44285714285714284 0.1875
1 0.512700092315192 0.35993992504409167 0.02054966517857143 0.021577380952380952
0 0.7237723214285714 0.544047619047619 0.44285714285714284 0.2193452380952381
1 0.5126931168687634 0.47048886684303354 0.020535714285714286 0.021577380952380952
0 0.7237723214285714 0.6306547619047619 0.44285714285714284 0.1630952380952381
1 0.5126861414223348 0.5810378086419753 0.020521763392857145 0.021577380952380952
0 0.7237723214285714 0.7431547619047619 0.44285714285714284 0.12351190476190477
1 0.5126861414223348 0.6915867504409172 0.020521763392857145 0.021577380952380987
