0 0.2806919642857143 0.20796130952380953 0.44285714285714284 0.054017857142857145
1 0.06297304751642037 0.1388420414462081 0.007198660714285714 0.021577380952380952
0 0.2806919642857143 0.3015625 0.44285714285714284 0.08883928571428572
1 0.06489827073070609 0.24939098324514994 0.011049107142857144 0.021577380952380952
0 0.2806919642857143 0.42916666666666664 0.44285714285714284 0.07589285714285714
1 0.0668234939449918 0.35993992504409167 0.014899553571428572 0.021577380952380952
0 0.2806919642857143 0.5736607142857143 0.44285714285714284 0.0630952380952381
1 0.07311534662356323 0.47048886684303354 0.027483258928571428 0.021577380952380952
0 0.2806919642857143 0.6610863095238095 0.44285714285714284 0.0337797619047619
1 0.07401517921284895 0.5810378086419753 0.029282924107142855 0.021577380952380952
0 0.2806919642857143 0.7522321428571429 0.44285714285714284 0.08214285714285714
1 0.07323392921284894 0.6915867504409172 0.027720424107142858 0.021577380952380987
0 0.7237723214285714 0.2533482142857143 0.44285714285714284 0.11592261904761905
1 0.5126861414223348 0.1388420414462081 0.020521763392857145 0.021577380952380952
0 0.7237723214285714 0.3677827380952381 0.44285714285714284 0.19866071428571427
1 0.5126861414223348 0.24939098324514994 0.020521763392857145 0.021577380952380952
0 0.7237723214285714 0.4484375 0.44285714285714284 0.11086309523809523
1 0.512700092315192 0.35993992504409167 0.02054966517857143 0.021577380952380952
0 0.7237723214285714 0.5265625 0.44285714285714284 0.0787202380952381
1 0.5126931168687634 0.47048886684303354 0.020535714285714286 0.021577380952380952
0 0.7237723214285714 0.637797619047619 0.44285714285714284 0.09583333333333334
1 0.5126861414223348 0.5810378086419753 0.020521763392857145 0.021577380952380952
0 0.7237723214285714 0.7572172619047619 0.44285714285714284 0.16383928571428572
1 0.5126861414223348 0.6915867504409172 0.020521763392857145 0.021577380952380987
