0 0.5022879464285714 0.10848214285714286 0.8856026785714286 0.07232142857142858
1 0.0631253166160081 0.07988260582010584 0.007198660714285714 0.021577380952380952
0 0.5022879464285714 0.18757440476190476 0.8856026785714286 0.04836309523809524
1 0.06505053983029382 0.1462119708994709 0.011049107142857144 0.021577380952380952
0 0.5022879464285714 0.27782738095238096 0.8856026785714286 0.04672619047619048
1 0.06697576304457953 0.21254133597883595 0.014899553571428572 0.021577380952380952
0 0.5022879464285714 0.3489583333333333 0.8856026785714286 0.05714285714285714
1 0.07326761572315096 0.27887070105820105 0.027483258928571428 0.021577380952380952
0 0.5022879464285714 0.37864583333333335 0.8856026785714286 0.05699404761904762
1 0.07416744831243667 0.3452000661375661 0.029282924107142855 0.021577380952380952
0 0.5022879464285714 0.4642113095238095 0.8856026785714286 0.021577380952380952
1 0.07338619831243667 0.41152943121693125 0.027720424107142858 0.021577380952380952
0 0.5022879464285714 0.5446428571428571 0.8856026785714286 0.05476190476190476
1 0.06978686795529382 0.4778587962962963 0.020521763392857145 0.021577380952380952
0 0.5022879464285714 0.6056547619047619 0.8856026785714286 0.07678571428571429
1 0.06978686795529382 0.5441881613756614 0.020521763392857145 0.021577380952380952
0 0.5022879464285714 0.6491071428571429 0.8856026785714286 0.0994047619047619
1 0.06980081884815097 0.6105175264550264 0.02054966517857143 0.021577380952380952
0 0.5022879464285714 0.7123511904761904 0.8856026785714286 0.07559523809523809
1 0.06979384340172239 0.6768468915343916 0.020535714285714286 0.021577380952380952
0 0.5022879464285714 0.7752976190476191 0.8856026785714286 0.11041666666666666
1 0.06978686795529382 0.7431762566137565 0.020521763392857145 0.021577380952380952
0 0.5022879464285714 0.8408482142857143 0.8856026785714286 0.06800595238095238
1 0.06978686795529382 0.8095056216931217 0.020521763392857145 0.021577380952380952
