0 0.16975446428571428 0.24799107142857144 0.22142857142857142 0.1373511904761905
1 0.06267091990985048 0.18095592403628116 0.007198660714285714 0.021577380952380952
0 0.16975446428571428 0.40915178571428573 0.22142857142857142 0.13883928571428572
1 0.0645961431241362 0.3230902777777778 0.011049107142857144 0.021577380952380952
0 0.16975446428571428 0.5892857142857143 0.22142857142857142 0.09910714285714285
1 0.0665213663384219 0.4652246315192744 0.014899553571428572 0.021577380952380952
0 0.39140625 0.3151785714285714 0.22142857142857142 0.1282738095238095
1 0.2944842439573125 0.18095592403628116 0.027483258928571428 0.021577380952380952
0 0.39140625 0.39747023809523807 0.22142857142857142 0.10416666666666667
1 0.2953840765465982 0.3230902777777778 0.029282924107142855 0.021577380952380952
0 0.39140625 0.5759672619047619 0.22142857142857142 0.09985119047619048
1 0.2946028265465982 0.4652246315192744 0.027720424107142858 0.021577380952380952
0 0.6130580357142857 0.32842261904761905 0.22142857142857142 0.1199404761904762
1 0.5126745211297744 0.18095592403628116 0.020521763392857145 0.021577380952380952
0 0.6130580357142857 0.46190476190476193 0.22142857142857142 0.13005952380952382
1 0.5126745211297744 0.3230902777777778 0.020521763392857145 0.021577380952380952
0 0.6130580357142857 0.5911458333333334 0.22142857142857142 0.16949404761904763
1 0.5126884720226316 0.4652246315192744 0.02054966517857143 0.021577380952380952
0 0.8347098214285714 0.2968005952380952 0.22142857142857142 0.14955357142857142
1 0.7343525215165222 0.18095592403628116 0.020535714285714286 0.021577380952380952
0 0.8347098214285714 0.3985119047619048 0.22142857142857142 0.1568452380952381
1 0.7343455460700936 0.3230902777777778 0.020521763392857145 0.021577380952380952
0 0.8347098214285714 0.5144345238095238 0.22142857142857142 0.16964285714285715
1 0.7343455460700936 0.4652246315192744 0.020521763392857145 0.021577380952380952
0 0.49832589285714285 0.6918898809523809 0.8785714285714286 0.15520833333333334
1 0.0645961431241362 0.6073589852607709 0.011049107142857144 0.021577380952380952
