0 0.16975446428571428 0.24970238095238095 0.22142857142857142 0.14970238095238095
1 0.06267091990985048 0.18095592403628116 0.007198660714285714 0.021577380952380952
0 0.16975446428571428 0.40267857142857144 0.22142857142857142 0.08630952380952381
1 0.0645961431241362 0.3230902777777778 0.011049107142857144 0.021577380952380952
0 0.16975446428571428 0.5747767857142857 0.22142857142857142 0.08764880952380952
1 0.0665213663384219 0.4652246315192744 0.014899553571428572 0.021577380952380952
0 0.39140625 0.3145833333333333 0.22142857142857142 0.11369047619047619
1 0.2944842439573125 0.18095592403628116 0.027483258928571428 0.021577380952380952
0 0.39140625 0.4038690476190476 0.22142857142857142 0.11488095238095238
1 0.2953840765465982 0.3230902777777778 0.029282924107142855 0.021577380952380952
0 0.39140625 0.5630208333333333 0.22142857142857142 0.04241071428571429
1 0.2946028265465982 0.4652246315192744 0.027720424107142858 0.021577380952380952
0 0.6130580357142857 0.31019345238095236 0.22142857142857142 0.10848214285714286
1 0.5126745211297744 0.18095592403628116 0.020521763392857145 0.021577380952380952
0 0.6130580357142857 0.4630208333333333 0.22142857142857142 0.19657738095238095
1 0.5126745211297744 0.3230902777777778 0.020521763392857145 0.021577380952380952
0 0.6130580357142857 0.5668154761904762 0.22142857142857142 0.23660714285714285
1 0.5126884720226316 0.4652246315192744 0.02054966517857143 0.021577380952380952
0 0.8347098214285714 0.25610119047619045 0.22142857142857142 0.25535714285714284
1 0.7343525215165222 0.18095592403628116 0.020535714285714286 0.021577380952380952
0 0.8347098214285714 0.36681547619047616 0.22142857142857142 0.2357142857142857
1 0.7343455460700936 0.3230902777777778 0.020521763392857145 0.021577380952380952
0 0.8347098214285714 0.4928571428571429 0.22142857142857142 0.2080357142857143
1 0.7343455460700936 0.4652246315192744 0.020521763392857145 0.021577380952380952
0 0.49832589285714285 0.6826636904761905 0.8785714285714286 0.09538690476190476
1 0.0645961431241362 0.6073589852607709 0.011049107142857144 0.021577380952380952
