0 0.2806919642857143 0.19680059523809523 0.44285714285714284 0.08229166666666667
1 0.06297304751642037 0.1388420414462081 0.007198660714285714 0.021577380952380952
0 0.2806919642857143 0.3191220238095238 0.44285714285714284 0.05133928571428571
1 0.06489827073070609 0.24939098324514994 0.011049107142857144 0.021577380952380952
0 0.2806919642857143 0.45364583333333336 0.44285714285714284 0.0662202380952381
1 0.0668234939449918 0.35993992504409167 0.014899553571428572 0.021577380952380952
0 0.2806919642857143 0.570610119047619 0.44285714285714284 0.061160714285714284
1 0.07311534662356323 0.47048886684303354 0.027483258928571428 0.021577380952380952
0 0.2806919642857143 0.6438988095238095 0.44285714285714284 0.07142857142857142
1 0.07401517921284895 0.5810378086419753 0.029282924107142855 0.021577380952380952
0 0.2806919642857143 0.7718005952380952 0.44285714285714284 0.03050595238095238
1 0.07323392921284894 0.6915867504409172 0.027720424107142858 0.021577380952380987
0 0.7237723214285714 0.23214285714285715 0.44285714285714284 0.060714285714285714
1 0.5126861414223348 0.1388420414462081 0.020521763392857145 0.021577380952380952
0 0.7237723214285714 0.34732142857142856 0.44285714285714284 0.09970238095238096
1 0.5126861414223348 0.24939098324514994 0.020521763392857145 0.021577380952380952
0 0.7237723214285714 0.45803571428571427 0.44285714285714284 0.09732142857142857
1 0.512700092315192 0.35993992504409167 0.02054966517857143 0.021577380952380952
0 0.7237723214285714 0.5529017857142857 0.44285714285714284 0.07574404761904761
1 0.5126931168687634 0.47048886684303354 0.020535714285714286 0.021577380952380952
0 0.7237723214285714 0.6522321428571428 0.44285714285714284 0.0693452380952381
1 0.5126861414223348 0.5810378086419753 0.020521763392857145 0.021577380952380952
0 0.7237723214285714 0.7665922619047619 0.44285714285714284 0.04449404761904762
1 0.5126861414223348 0.6915867504409172 0.020521763392857145 0.021577380952380987
