0 0.5022879464285714 0.11860119047619047 0.8856026785714286 0.06607142857142857
1 0.0631253166160081 0.07988260582010584 0.007198660714285714 0.021577380952380952
0 0.5022879464285714 0.20230654761904762 0.8856026785714286 0.09776785714285714
1 0.06505053983029382 0.1462119708994709 0.011049107142857144 0.021577380952380952
0 0.5022879464285714 0.290625 0.8856026785714286 0.13482142857142856
1 0.06697576304457953 0.21254133597883595 0.014899553571428572 0.021577380952380952
0 0.5022879464285714 0.3417410714285714 0.8856026785714286 0.0537202380952381
1 0.07326761572315096 0.27887070105820105 0.027483258928571428 0.021577380952380952
0 0.5022879464285714 0.37924107142857144 0.8856026785714286 0.09836309523809524
1 0.07416744831243667 0.3452000661375661 0.029282924107142855 0.021577380952380952
0 0.5022879464285714 0.48333333333333334 0.8856026785714286 0.10684523809523809
1 0.07338619831243667 0.41152943121693125 0.027720424107142858 0.021577380952380952
0 0.5022879464285714 0.5459821428571429 0.8856026785714286 0.09672619047619048
1 0.06978686795529382 0.4778587962962963 0.020521763392857145 0.021577380952380952
0 0.5022879464285714 0.6105654761904762 0.8856026785714286 0.12470238095238095
1 0.06978686795529382 0.5441881613756614 0.020521763392857145 0.021577380952380952
0 0.5022879464285714 0.6722470238095238 0.8856026785714286 0.10133928571428572
1 0.06980081884815097 0.6105175264550264 0.02054966517857143 0.021577380952380952
0 0.5022879464285714 0.7305803571428572 0.8856026785714286 0.10699404761904761
1 0.06979384340172239 0.6768468915343916 0.020535714285714286 0.021577380952380952
0 0.5022879464285714 0.7801339285714286 0.8856026785714286 0.07544642857142857
1 0.06978686795529382 0.7431762566137565 0.020521763392857145 0.021577380952380952
0 0.5022879464285714 0.8541666666666666 0.8856026785714286 0.07023809523809524
1 0.06978686795529382 0.8095056216931217 0.020521763392857145 0.021577380952380952
