0 0.16975446428571428 0.2845238095238095 0.22142857142857142 0.029166666666666667
1 0.06267091990985048 0.18095592403628116 0.007198660714285714 0.021577380952380952
0 0.16975446428571428 0.4069196428571429 0.22142857142857142 0.07693452380952381
1 0.0645961431241362 0.3230902777777778 0.011049107142857144 0.021577380952380952
0 0.16975446428571428 0.5519345238095238 0.22142857142857142 0.06666666666666667
1 0.0665213663384219 0.4652246315192744 0.014899553571428572 0.021577380952380952
0 0.39140625 0.2947916666666667 0.22142857142857142 0.04702380952380952
1 0.2944842439573125 0.18095592403628116 0.027483258928571428 0.021577380952380952
0 0.39140625 0.4322172619047619 0.22142857142857142 0.031994047619047616
1 0.2953840765465982 0.3230902777777778 0.029282924107142855 0.021577380952380952
0 0.39140625 0.5504464285714286 0.22142857142857142 0.07172619047619047
1 0.2946028265465982 0.4652246315192744 0.027720424107142858 0.021577380952380952
0 0.6130580357142857 0.3038690476190476 0.22142857142857142 0.0880952380952381
1 0.5126745211297744 0.18095592403628116 0.020521763392857145 0.021577380952380952
0 0.6130580357142857 0.47686011904761905 0.22142857142857142 0.2275297619047619
1 0.5126745211297744 0.3230902777777778 0.020521763392857145 0.021577380952380952
0 0.6130580357142857 0.5865327380952381 0.22142857142857142 0.24836309523809524
1 0.5126884720226316 0.4652246315192744 0.02054966517857143 0.021577380952380952
0 0.8347098214285714 0.2834077380952381 0.22142857142857142 0.2584821428571429
1 0.7343525215165222 0.18095592403628116 0.020535714285714286 0.021577380952380952
0 0.8347098214285714 0.4197916666666667 0.22142857142857142 0.2619047619047619
1 0.7343455460700936 0.3230902777777778 0.020521763392857145 0.021577380952380952
0 0.8347098214285714 0.5787946428571429 0.22142857142857142 0.5840773809523809
1 0.7343455460700936 0.4652246315192744 0.020521763392857145 0.021577380952380952
0 0.49832589285714285 0.6868303571428571 0.8785714285714286 0.08556547619047619
1 0.0645961431241362 0.6073589852607709 0.011049107142857144 0.021577380952380952
