0 0.2806919642857143 0.21279761904761904 0.44285714285714284 0.12172619047619047
1 0.06297304751642037 0.1388420414462081 0.007198660714285714 0.021577380952380952
0 0.2806919642857143 0.2962797619047619 0.44285714285714284 0.1261904761904762
1 0.06489827073070609 0.24939098324514994 0.011049107142857144 0.021577380952380952
0 0.2806919642857143 0.41376488095238095 0.44285714285714284 0.1751488095238095
1 0.0668234939449918 0.35993992504409167 0.014899553571428572 0.021577380952380952
0 0.2806919642857143 0.572842261904762 0.44285714285714284 0.11741071428571428
1 0.07311534662356323 0.47048886684303354 0.027483258928571428 0.021577380952380952
0 0.2806919642857143 0.6691964285714286 0.44285714285714284 0.12738095238095237
1 0.07401517921284895 0.5810378086419753 0.029282924107142855 0.021577380952380952
0 0.2806919642857143 0.7415922619047619 0.44285714285714284 0.1462797619047619
1 0.07323392921284894 0.6915867504409172 0.027720424107142858 0.021577380952380987
0 0.7237723214285714 0.24717261904761906 0.44285714285714284 0.10535714285714286
1 0.5126861414223348 0.1388420414462081 0.020521763392857145 0.021577380952380952
0 0.7237723214285714 0.3586309523809524 0.44285714285714284 0.13392857142857142
1 0.5126861414223348 0.24939098324514994 0.020521763392857145 0.021577380952380952
0 0.7237723214285714 0.44635416666666666 0.44285714285714284 0.10342261904761904
1 0.512700092315192 0.35993992504409167 0.02054966517857143 0.021577380952380952
0 0.7237723214285714 0.5064732142857142 0.44285714285714284 0.1849702380952381
1 0.5126931168687634 0.47048886684303354 0.020535714285714286 0.021577380952380952
0 0.7237723214285714 0.6230654761904761 0.44285714285714284 0.16339285714285715
1 0.5126861414223348 0.5810378086419753 0.020521763392857145 0.021577380952380952
0 0.7237723214285714 0.7347470238095238 0.44285714285714284 0.13288690476190476
1 0.5126861414223348 0.6915867504409172 0.020521763392857145 0.021577380952380987
