0 0.5022879464285714 0.12767857142857142 0.8856026785714286 0.050595238095238096
1 0.0631253166160081 0.07988260582010584 0.007198660714285714 0.021577380952380952
0 0.5022879464285714 0.18430059523809525 0.8856026785714286 0.05044642857142857
1 0.06505053983029382 0.1462119708994709 0.011049107142857144 0.021577380952380952
0 0.5022879464285714 0.2609375 0.8856026785714286 0.03080357142857143
1 0.06697576304457953 0.21254133597883595 0.014899553571428572 0.021577380952380952
0 0.5022879464285714 0.34278273809523807 0.8856026785714286 0.04598214285714286
1 0.07326761572315096 0.27887070105820105 0.027483258928571428 0.021577380952380952
0 0.5022879464285714 0.4005952380952381 0.8856026785714286 0.03422619047619048
1 0.07416744831243667 0.3452000661375661 0.029282924107142855 0.021577380952380952
0 0.5022879464285714 0.45602678571428573 0.8856026785714286 0.03705357142857143
1 0.07338619831243667 0.41152943121693125 0.027720424107142858 0.021577380952380952
0 0.5022879464285714 0.5412202380952381 0.8856026785714286 0.04642857142857143
1 0.06978686795529382 0.4778587962962963 0.020521763392857145 0.021577380952380952
0 0.5022879464285714 0.6055803571428572 0.8856026785714286 0.05669642857142857
1 0.06978686795529382 0.5441881613756614 0.020521763392857145 0.021577380952380952
0 0.5022879464285714 0.6604166666666667 0.8856026785714286 0.08630952380952381
1 0.06980081884815097 0.6105175264550264 0.02054966517857143 0.021577380952380952
0 0.5022879464285714 0.7055803571428572 0.8856026785714286 0.11532738095238096
1 0.06979384340172239 0.6768468915343916 0.020535714285714286 0.021577380952380952
0 0.5022879464285714 0.7631696428571428 0.8856026785714286 0.12008928571428572
1 0.06978686795529382 0.7431762566137565 0.020521763392857145 0.021577380952380952
0 0.5022879464285714 0.8328125 0.8856026785714286 0.09360119047619048
1 0.06978686795529382 0.8095056216931217 0.020521763392857145 0.021577380952380952
