0 0.16975446428571428 0.24836309523809524 0.22142857142857142 0.10535714285714286
1 0.06267091990985048 0.18095592403628116 0.007198660714285714 0.021577380952380952
0 0.16975446428571428 0.42879464285714286 0.22142857142857142 0.09122023809523809
1 0.0645961431241362 0.3230902777777778 0.011049107142857144 0.021577380952380952
0 0.16975446428571428 0.6 0.22142857142857142 0.09970238095238096
1 0.0665213663384219 0.4652246315192744 0.014899553571428572 0.021577380952380952
0 0.39140625 0.30639880952380955 0.22142857142857142 0.08482142857142858
1 0.2944842439573125 0.18095592403628116 0.027483258928571428 0.021577380952380952
0 0.39140625 0.39441964285714287 0.22142857142857142 0.09598214285714286
1 0.2953840765465982 0.3230902777777778 0.029282924107142855 0.021577380952380952
0 0.39140625 0.5924107142857142 0.22142857142857142 0.0761904761904762
1 0.2946028265465982 0.4652246315192744 0.027720424107142858 0.021577380952380952
0 0.6130580357142857 0.33095238095238094 0.22142857142857142 0.1181547619047619
1 0.5126745211297744 0.18095592403628116 0.020521763392857145 0.021577380952380952
0 0.6130580357142857 0.4429315476190476 0.22142857142857142 0.10461309523809524
1 0.5126745211297744 0.3230902777777778 0.020521763392857145 0.021577380952380952
0 0.6130580357142857 0.5457589285714286 0.22142857142857142 0.16383928571428572
1 0.5126884720226316 0.4652246315192744 0.02054966517857143 0.021577380952380952
0 0.8347098214285714 0.27879464285714284 0.22142857142857142 0.13616071428571427
1 0.7343525215165222 0.18095592403628116 0.020535714285714286 0.021577380952380952
0 0.8347098214285714 0.42135416666666664 0.22142857142857142 0.14508928571428573
1 0.7343455460700936 0.3230902777777778 0.020521763392857145 0.021577380952380952
0 0.8347098214285714 0.5320684523809524 0.22142857142857142 0.1150297619047619
1 0.7343455460700936 0.4652246315192744 0.020521763392857145 0.021577380952380952
0 0.49832589285714285 0.7127232142857143 0.8785714285714286 0.09211309523809524
1 0.0645961431241362 0.6073589852607709 0.011049107142857144 0.021577380952380952
