0 0.5022879464285714 0.11592261904761905 0.8856026785714286 0.08095238095238096
1 0.0631253166160081 0.07988260582010584 0.007198660714285714 0.021577380952380952
0 0.5022879464285714 0.20290178571428572 0.8856026785714286 0.05550595238095238
1 0.06505053983029382 0.1462119708994709 0.011049107142857144 0.021577380952380952
0 0.5022879464285714 0.2761160714285714 0.8856026785714286 0.054017857142857145
1 0.06697576304457953 0.21254133597883595 0.014899553571428572 0.021577380952380952
0 0.5022879464285714 0.33742559523809523 0.8856026785714286 0.06651785714285714
1 0.07326761572315096 0.27887070105820105 0.027483258928571428 0.021577380952380952
0 0.5022879464285714 0.3841517857142857 0.8856026785714286 0.06741071428571428
1 0.07416744831243667 0.3452000661375661 0.029282924107142855 0.021577380952380952
0 0.5022879464285714 0.4703125 0.8856026785714286 0.03616071428571429
1 0.07338619831243667 0.41152943121693125 0.027720424107142858 0.021577380952380952
0 0.5022879464285714 0.5433035714285714 0.8856026785714286 0.08511904761904762
1 0.06978686795529382 0.4778587962962963 0.020521763392857145 0.021577380952380952
0 0.5022879464285714 0.6139136904761905 0.8856026785714286 0.12008928571428572
1 0.06978686795529382 0.5441881613756614 0.020521763392857145 0.021577380952380952
0 0.5022879464285714 0.6492559523809524 0.8856026785714286 0.11696428571428572
1 0.06980081884815097 0.6105175264550264 0.02054966517857143 0.021577380952380952
0 0.5022879464285714 0.6896577380952381 0.8856026785714286 0.13616071428571427
1 0.06979384340172239 0.6768468915343916 0.020535714285714286 0.021577380952380952
0 0.5022879464285714 0.7566220238095238 0.8856026785714286 0.1144345238095238
1 0.06978686795529382 0.7431762566137565 0.020521763392857145 0.021577380952380952
0 0.5022879464285714 0.8369791666666667 0.8856026785714286 0.07514880952380952
1 0.06978686795529382 0.8095056216931217 0.020521763392857145 0.021577380952380952
