0 0.16975446428571428 0.2617559523809524 0.22142857142857142 0.09404761904761905
1 0.06267091990985048 0.18095592403628116 0.007198660714285714 0.021577380952380952
0 0.16975446428571428 0.3874255952380952 0.22142857142857142 0.12723214285714285
1 0.0645961431241362 0.3230902777777778 0.011049107142857144 0.021577380952380952
0 0.16975446428571428 0.5551339285714286 0.22142857142857142 0.078125
1 0.0665213663384219 0.4652246315192744 0.014899553571428572 0.021577380952380952
0 0.39140625 0.31532738095238094 0.22142857142857142 0.10505952380952381
1 0.2944842439573125 0.18095592403628116 0.027483258928571428 0.021577380952380952
0 0.39140625 0.4174107142857143 0.22142857142857142 0.055357142857142855
1 0.2953840765465982 0.3230902777777778 0.029282924107142855 0.021577380952380952
0 0.39140625 0.5380952380952381 0.22142857142857142 0.0943452380952381
1 0.2946028265465982 0.4652246315192744 0.027720424107142858 0.021577380952380952
0 0.6130580357142857 0.2975446428571429 0.22142857142857142 0.10848214285714286
1 0.5126745211297744 0.18095592403628116 0.020521763392857145 0.021577380952380952
0 0.6130580357142857 0.4746279761904762 0.22142857142857142 0.31741071428571427
1 0.5126745211297744 0.3230902777777778 0.020521763392857145 0.021577380952380952
0 0.6130580357142857 0.5683035714285715 0.22142857142857142 0.15982142857142856
1 0.5126884720226316 0.4652246315192744 0.02054966517857143 0.021577380952380952
0 0.8347098214285714 0.2560267857142857 0.22142857142857142 0.1331845238095238
1 0.7343525215165222 0.18095592403628116 0.020535714285714286 0.021577380952380952
0 0.8347098214285714 0.38236607142857143 0.22142857142857142 0.14836309523809524
1 0.7343455460700936 0.3230902777777778 0.020521763392857145 0.021577380952380952
0 0.8347098214285714 0.5204613095238095 0.22142857142857142 0.15461309523809524
1 0.7343455460700936 0.4652246315192744 0.020521763392857145 0.021577380952380952
0 0.49832589285714285 0.6701636904761905 0.8785714285714286 0.1299107142857143
1 0.0645961431241362 0.6073589852607709 0.011049107142857144 0.021577380952380952
