0 0.2806919642857143 0.22239583333333332 0.44285714285714284 0.05699404761904762
1 0.06297304751642037 0.1388420414462081 0.007198660714285714 0.021577380952380952
0 0.2806919642857143 0.3345238095238095 0.44285714285714284 0.04642857142857143
1 0.06489827073070609 0.24939098324514994 0.011049107142857144 0.021577380952380952
0 0.2806919642857143 0.44575892857142857 0.44285714285714284 0.045089285714285714
1 0.0668234939449918 0.35993992504409167 0.014899553571428572 0.021577380952380952
0 0.2806919642857143 0.549702380952381 0.44285714285714284 0.04375
1 0.07311534662356323 0.47048886684303354 0.027483258928571428 0.021577380952380952
0 0.2806919642857143 0.6610119047619047 0.44285714285714284 0.049107142857142856
1 0.07401517921284895 0.5810378086419753 0.029282924107142855 0.021577380952380952
0 0.2806919642857143 0.7745535714285714 0.44285714285714284 0.033035714285714286
1 0.07323392921284894 0.6915867504409172 0.027720424107142858 0.021577380952380987
0 0.7237723214285714 0.21540178571428573 0.44285714285714284 0.16086309523809525
1 0.5126861414223348 0.1388420414462081 0.020521763392857145 0.021577380952380952
0 0.7237723214285714 0.3072916666666667 0.44285714285714284 0.15982142857142856
1 0.5126861414223348 0.24939098324514994 0.020521763392857145 0.021577380952380952
0 0.7237723214285714 0.4257440476190476 0.44285714285714284 0.17797619047619048
1 0.512700092315192 0.35993992504409167 0.02054966517857143 0.021577380952380952
0 0.7237723214285714 0.5526785714285715 0.44285714285714284 0.19613095238095238
1 0.5126931168687634 0.47048886684303354 0.020535714285714286 0.021577380952380952
0 0.7237723214285714 0.6620535714285715 0.44285714285714284 0.0800595238095238
1 0.5126861414223348 0.5810378086419753 0.020521763392857145 0.021577380952380952
0 0.7237723214285714 0.7706845238095238 0.44285714285714284 0.07113095238095238
1 0.5126861414223348 0.6915867504409172 0.020521763392857145 0.021577380952380987
