0 0.16975446428571428 0.2680059523809524 0.22142857142857142 0.07470238095238095
1 0.06267091990985048 0.18095592403628116 0.007198660714285714 0.021577380952380952
0 0.16975446428571428 0.40245535714285713 0.22142857142857142 0.08288690476190476
1 0.0645961431241362 0.3230902777777778 0.011049107142857144 0.021577380952380952
0 0.16975446428571428 0.5632440476190477 0.22142857142857142 0.03869047619047619
1 0.0665213663384219 0.4652246315192744 0.014899553571428572 0.021577380952380952
0 0.39140625 0.3053571428571429 0.22142857142857142 0.07559523809523809
1 0.2944842439573125 0.18095592403628116 0.027483258928571428 0.021577380952380952
0 0.39140625 0.4210565476190476 0.22142857142857142 0.04598214285714286
1 0.2953840765465982 0.3230902777777778 0.029282924107142855 0.021577380952380952
0 0.39140625 0.5545386904761904 0.22142857142857142 0.052529761904761905
1 0.2946028265465982 0.4652246315192744 0.027720424107142858 0.021577380952380952
0 0.6130580357142857 0.2935267857142857 0.22142857142857142 0.04538690476190476
1 0.5126745211297744 0.18095592403628116 0.020521763392857145 0.021577380952380952
0 0.6130580357142857 0.4452380952380952 0.22142857142857142 0.09642857142857143
1 0.5126745211297744 0.3230902777777778 0.020521763392857145 0.021577380952380952
0 0.6130580357142857 0.5840029761904761 0.22142857142857142 0.15729166666666666
1 0.5126884720226316 0.4652246315192744 0.02054966517857143 0.021577380952380952
0 0.8347098214285714 0.26071428571428573 0.22142857142857142 0.2130952380952381
1 0.7343525215165222 0.18095592403628116 0.020535714285714286 0.021577380952380952
0 0.8347098214285714 0.3822172619047619 0.22142857142857142 0.2019345238095238
1 0.7343455460700936 0.3230902777777778 0.020521763392857145 0.021577380952380952
0 0.8347098214285714 0.5236607142857143 0.22142857142857142 0.16964285714285715
1 0.7343455460700936 0.4652246315192744 0.020521763392857145 0.021577380952380952
0 0.49832589285714285 0.6845982142857143 0.8785714285714286 0.09389880952380952
1 0.0645961431241362 0.6073589852607709 0.011049107142857144 0.021577380952380952
