0 0.16975446428571428 0.25148809523809523 0.22142857142857142 0.09285714285714286
1 0.06267091990985048 0.18095592403628116 0.007198660714285714 0.021577380952380952
0 0.16975446428571428 0.39546130952380953 0.22142857142857142 0.0918154761904762
1 0.0645961431241362 0.3230902777777778 0.011049107142857144 0.021577380952380952
0 0.16975446428571428 0.559970238095238 0.22142857142857142 0.06547619047619048
1 0.0665213663384219 0.4652246315192744 0.014899553571428572 0.021577380952380952
0 0.39140625 0.31674107142857144 0.22142857142857142 0.08973214285714286
1 0.2944842439573125 0.18095592403628116 0.027483258928571428 0.021577380952380952
0 0.39140625 0.41302083333333334 0.22142857142857142 0.07008928571428572
1 0.2953840765465982 0.3230902777777778 0.029282924107142855 0.021577380952380952
0 0.39140625 0.5485119047619048 0.22142857142857142 0.06577380952380953
1 0.2946028265465982 0.4652246315192744 0.027720424107142858 0.021577380952380952
0 0.6130580357142857 0.31629464285714287 0.22142857142857142 0.10669642857142857
1 0.5126745211297744 0.18095592403628116 0.020521763392857145 0.021577380952380952
0 0.6130580357142857 0.4447172619047619 0.22142857142857142 0.18705357142857143
1 0.5126745211297744 0.3230902777777778 0.020521763392857145 0.021577380952380952
0 0.6130580357142857 0.5500744047619047 0.22142857142857142 0.2858630952380952
1 0.5126884720226316 0.4652246315192744 0.02054966517857143 0.021577380952380952
0 0.8347098214285714 0.2433779761904762 0.22142857142857142 0.27157738095238093
1 0.7343525215165222 0.18095592403628116 0.020535714285714286 0.021577380952380952
0 0.8347098214285714 0.35208333333333336 0.22142857142857142 0.24732142857142858
1 0.7343455460700936 0.3230902777777778 0.020521763392857145 0.021577380952380952
0 0.8347098214285714 0.5009672619047619 0.22142857142857142 0.1825892857142857
1 0.7343455460700936 0.4652246315192744 0.020521763392857145 0.021577380952380952
0 0.49832589285714285 0.6859375 0.8785714285714286 0.11324404761904762
1 0.0645961431241362 0.6073589852607709 0.011049107142857144 0.021577380952380952
