0 0.2806919642857143 0.19575892857142857 0.44285714285714284 0.07842261904761905
1 0.06297304751642037 0.1388420414462081 0.007198660714285714 0.021577380952380952
0 0.2806919642857143 0.3181547619047619 0.44285714285714284 0.048214285714285716
1 0.06489827073070609 0.24939098324514994 0.011049107142857144 0.021577380952380952
0 0.2806919642857143 0.45483630952380955 0.44285714285714284 0.05193452380952381
1 0.0668234939449918 0.35993992504409167 0.014899553571428572 0.021577380952380952
0 0.2806919642857143 0.5716517857142858 0.44285714285714284 0.06145833333333333
1 0.07311534662356323 0.47048886684303354 0.027483258928571428 0.021577380952380952
0 0.2806919642857143 0.6433779761904762 0.44285714285714284 0.06354166666666666
1 0.07401517921284895 0.5810378086419753 0.029282924107142855 0.021577380952380952
0 0.2806919642857143 0.7741815476190477 0.44285714285714284 0.029613095238095237
1 0.07323392921284894 0.6915867504409172 0.027720424107142858 0.021577380952380987
0 0.7237723214285714 0.23430059523809524 0.44285714285714284 0.09092261904761904
1 0.5126861414223348 0.1388420414462081 0.020521763392857145 0.021577380952380952
0 0.7237723214285714 0.3488839285714286 0.44285714285714284 0.09508928571428571
1 0.5126861414223348 0.24939098324514994 0.020521763392857145 0.021577380952380952
0 0.7237723214285714 0.4538690476190476 0.44285714285714284 0.09345238095238095
1 0.512700092315192 0.35993992504409167 0.02054966517857143 0.021577380952380952
0 0.7237723214285714 0.5486607142857143 0.44285714285714284 0.11607142857142858
1 0.5126931168687634 0.47048886684303354 0.020535714285714286 0.021577380952380952
0 0.7237723214285714 0.647172619047619 0.44285714285714284 0.10089285714285715
1 0.5126861414223348 0.5810378086419753 0.020521763392857145 0.021577380952380952
0 0.7237723214285714 0.7571428571428571 0.44285714285714284 0.0625
1 0.5126861414223348 0.6915867504409172 0.020521763392857145 0.021577380952380987
