0 0.5022879464285714 0.11941964285714286 0.8856026785714286 0.06086309523809524
1 0.0631253166160081 0.07988260582010584 0.007198660714285714 0.021577380952380952
0 0.5022879464285714 0.18668154761904762 0.8856026785714286 0.04747023809523809
1 0.06505053983029382 0.1462119708994709 0.011049107142857144 0.021577380952380952
0 0.5022879464285714 0.2699404761904762 0.8856026785714286 0.035416666666666666
1 0.06697576304457953 0.21254133597883595 0.014899553571428572 0.021577380952380952
0 0.5022879464285714 0.34337797619047616 0.8856026785714286 0.052529761904761905
1 0.07326761572315096 0.27887070105820105 0.027483258928571428 0.021577380952380952
0 0.5022879464285714 0.3886160714285714 0.8856026785714286 0.043601190476190474
1 0.07416744831243667 0.3452000661375661 0.029282924107142855 0.021577380952380952
0 0.5022879464285714 0.4597470238095238 0.8856026785714286 0.02782738095238095
1 0.07338619831243667 0.41152943121693125 0.027720424107142858 0.021577380952380952
0 0.5022879464285714 0.5428571428571428 0.8856026785714286 0.0443452380952381
1 0.06978686795529382 0.4778587962962963 0.020521763392857145 0.021577380952380952
0 0.5022879464285714 0.6069196428571428 0.8856026785714286 0.043601190476190474
1 0.06978686795529382 0.5441881613756614 0.020521763392857145 0.021577380952380952
0 0.5022879464285714 0.6738095238095239 0.8856026785714286 0.0818452380952381
1 0.06980081884815097 0.6105175264550264 0.02054966517857143 0.021577380952380952
0 0.5022879464285714 0.715625 0.8856026785714286 0.09285714285714286
1 0.06979384340172239 0.6768468915343916 0.020535714285714286 0.021577380952380952
0 0.5022879464285714 0.7695684523809524 0.8856026785714286 0.096875
1 0.06978686795529382 0.7431762566137565 0.020521763392857145 0.021577380952380952
0 0.5022879464285714 0.8340773809523809 0.8856026785714286 0.10476190476190476
1 0.06978686795529382 0.8095056216931217 0.020521763392857145 0.021577380952380952
