0 0.16975446428571428 0.25029761904761905 0.22142857142857142 0.11279761904761905
1 0.06267091990985048 0.18095592403628116 0.007198660714285714 0.021577380952380952
0 0.16975446428571428 0.3580357142857143 0.22142857142857142 0.18273809523809523
1 0.0645961431241362 0.3230902777777778 0.011049107142857144 0.021577380952380952
0 0.16975446428571428 0.5300595238095238 0.22142857142857142 0.10386904761904762
1 0.0665213663384219 0.4652246315192744 0.014899553571428572 0.021577380952380952
0 0.39140625 0.3366815476190476 0.22142857142857142 0.14479166666666668
1 0.2944842439573125 0.18095592403628116 0.027483258928571428 0.021577380952380952
0 0.39140625 0.42857142857142855 0.22142857142857142 0.058333333333333334
1 0.2953840765465982 0.3230902777777778 0.029282924107142855 0.021577380952380952
0 0.39140625 0.5161458333333333 0.22142857142857142 0.14032738095238095
1 0.2946028265465982 0.4652246315192744 0.027720424107142858 0.021577380952380952
0 0.6130580357142857 0.32276785714285716 0.22142857142857142 0.18511904761904763
1 0.5126745211297744 0.18095592403628116 0.020521763392857145 0.021577380952380952
0 0.6130580357142857 0.49970238095238095 0.22142857142857142 0.2726190476190476
1 0.5126745211297744 0.3230902777777778 0.020521763392857145 0.021577380952380952
0 0.6130580357142857 0.4615327380952381 0.22142857142857142 0.309375
1 0.5126884720226316 0.4652246315192744 0.02054966517857143 0.021577380952380952
0 0.8347098214285714 0.16316964285714286 0.22142857142857142 0.3040178571428571
1 0.7343525215165222 0.18095592403628116 0.020535714285714286 0.021577380952380952
0 0.8347098214285714 0.34605654761904764 0.22142857142857142 0.228125
1 0.7343455460700936 0.3230902777777778 0.020521763392857145 0.021577380952380952
0 0.8347098214285714 0.5060267857142857 0.22142857142857142 0.18645833333333334
1 0.7343455460700936 0.4652246315192744 0.020521763392857145 0.021577380952380952
0 0.49832589285714285 0.6394345238095238 0.8785714285714286 0.19166666666666668
1 0.0645961431241362 0.6073589852607709 0.011049107142857144 0.021577380952380952
