0 0.16975446428571428 0.2897321428571429 0.22142857142857142 0.0994047619047619
1 0.06267091990985048 0.18095592403628116 0.007198660714285714 0.021577380952380952
0 0.16975446428571428 0.38697916666666665 0.22142857142857142 0.215625
1 0.0645961431241362 0.3230902777777778 0.011049107142857144 0.021577380952380952
0 0.16975446428571428 0.5339285714285714 0.22142857142857142 0.1663690476190476
1 0.0665213663384219 0.4652246315192744 0.014899553571428572 0.021577380952380952
0 0.39140625 0.3034970238095238 0.22142857142857142 0.1400297619047619
1 0.2944842439573125 0.18095592403628116 0.027483258928571428 0.021577380952380952
0 0.39140625 0.43720238095238095 0.22142857142857142 0.07976190476190476
1 0.2953840765465982 0.3230902777777778 0.029282924107142855 0.021577380952380952
0 0.39140625 0.5291666666666667 0.22142857142857142 0.1863095238095238
1 0.2946028265465982 0.4652246315192744 0.027720424107142858 0.021577380952380952
0 0.6130580357142857 0.3380952380952381 0.22142857142857142 0.325
1 0.5126745211297744 0.18095592403628116 0.020521763392857145 0.021577380952380952
0 0.6130580357142857 0.5318452380952381 0.22142857142857142 0.44702380952380955
1 0.5126745211297744 0.3230902777777778 0.020521763392857145 0.021577380952380952
0 0.6130580357142857 0.6500744047619048 0.22142857142857142 0.35788690476190477
1 0.5126884720226316 0.4652246315192744 0.02054966517857143 0.021577380952380952
0 0.8347098214285714 0.2677827380952381 0.22142857142857142 0.2918154761904762
1 0.7343525215165222 0.18095592403628116 0.020535714285714286 0.021577380952380952
0 0.8347098214285714 0.3932291666666667 0.22142857142857142 0.19955357142857144
1 0.7343455460700936 0.3230902777777778 0.020521763392857145 0.021577380952380952
0 0.8347098214285714 0.5439732142857143 0.22142857142857142 0.19776785714285713
1 0.7343455460700936 0.4652246315192744 0.020521763392857145 0.021577380952380952
0 0.49832589285714285 0.6712053571428571 0.8785714285714286 0.215625
1 0.0645961431241362 0.6073589852607709 0.011049107142857144 0.021577380952380952
