0 0.2806919642857143 0.2009672619047619 0.44285714285714284 0.07217261904761904
1 0.06297304751642037 0.1388420414462081 0.007198660714285714 0.021577380952380952
0 0.2806919642857143 0.311235119047619 0.44285714285714284 0.078125
1 0.06489827073070609 0.24939098324514994 0.011049107142857144 0.021577380952380952
0 0.2806919642857143 0.43065476190476193 0.44285714285714284 0.10148809523809524
1 0.0668234939449918 0.35993992504409167 0.014899553571428572 0.021577380952380952
0 0.2806919642857143 0.5681547619047619 0.44285714285714284 0.06488095238095239
1 0.07311534662356323 0.47048886684303354 0.027483258928571428 0.021577380952380952
0 0.2806919642857143 0.6613839285714286 0.44285714285714284 0.07098214285714285
1 0.07401517921284895 0.5810378086419753 0.029282924107142855 0.021577380952380952
0 0.2806919642857143 0.7567708333333333 0.44285714285714284 0.08764880952380952
1 0.07323392921284894 0.6915867504409172 0.027720424107142858 0.021577380952380987
0 0.7237723214285714 0.253125 0.44285714285714284 0.12708333333333333
1 0.5126861414223348 0.1388420414462081 0.020521763392857145 0.021577380952380952
0 0.7237723214285714 0.360639880952381 0.44285714285714284 0.21502976190476192
1 0.5126861414223348 0.24939098324514994 0.020521763392857145 0.021577380952380952
0 0.7237723214285714 0.4671875 0.44285714285714284 0.19360119047619048
1 0.512700092315192 0.35993992504409167 0.02054966517857143 0.021577380952380952
0 0.7237723214285714 0.5350446428571428 0.44285714285714284 0.08824404761904762
1 0.5126931168687634 0.47048886684303354 0.020535714285714286 0.021577380952380952
0 0.7237723214285714 0.6383928571428571 0.44285714285714284 0.11696428571428572
1 0.5126861414223348 0.5810378086419753 0.020521763392857145 0.021577380952380952
0 0.7237723214285714 0.7517857142857143 0.44285714285714284 0.11696428571428572
1 0.5126861414223348 0.6915867504409172 0.020521763392857145 0.021577380952380987
