0 0.16975446428571428 0.24813988095238096 0.22142857142857142 0.1144345238095238
1 0.06267091990985048 0.18095592403628116 0.007198660714285714 0.021577380952380952
0 0.16975446428571428 0.3888392857142857 0.22142857142857142 0.11398809523809524
1 0.0645961431241362 0.3230902777777778 0.011049107142857144 0.021577380952380952
0 0.16975446428571428 0.5665922619047619 0.22142857142857142 0.05758928571428571
1 0.0665213663384219 0.4652246315192744 0.014899553571428572 0.021577380952380952
0 0.39140625 0.3230654761904762 0.22142857142857142 0.10982142857142857
1 0.2944842439573125 0.18095592403628116 0.027483258928571428 0.021577380952380952
0 0.39140625 0.41116071428571427 0.22142857142857142 0.07678571428571429
1 0.2953840765465982 0.3230902777777778 0.029282924107142855 0.021577380952380952
0 0.39140625 0.5514136904761905 0.22142857142857142 0.06354166666666666
1 0.2946028265465982 0.4652246315192744 0.027720424107142858 0.021577380952380952
0 0.6130580357142857 0.2976934523809524 0.22142857142857142 0.06889880952380953
1 0.5126745211297744 0.18095592403628116 0.020521763392857145 0.021577380952380952
0 0.6130580357142857 0.4199404761904762 0.22142857142857142 0.15595238095238095
1 0.5126745211297744 0.3230902777777778 0.020521763392857145 0.021577380952380952
0 0.6130580357142857 0.5738839285714286 0.22142857142857142 0.2069940476190476
1 0.5126884720226316 0.4652246315192744 0.02054966517857143 0.021577380952380952
0 0.8347098214285714 0.2625 0.22142857142857142 0.15386904761904763
1 0.7343525215165222 0.18095592403628116 0.020535714285714286 0.021577380952380952
0 0.8347098214285714 0.3840029761904762 0.22142857142857142 0.17723214285714287
1 0.7343455460700936 0.3230902777777778 0.020521763392857145 0.021577380952380952
0 0.8347098214285714 0.5223958333333333 0.22142857142857142 0.1831845238095238
1 0.7343455460700936 0.4652246315192744 0.020521763392857145 0.021577380952380952
0 0.49832589285714285 0.674404761904762 0.8785714285714286 0.11636904761904762
1 0.0645961431241362 0.6073589852607709 0.011049107142857144 0.021577380952380952
