0 0.2806919642857143 0.19538690476190476 0.44285714285714284 0.10595238095238095
1 0.06297304751642037 0.1388420414462081 0.007198660714285714 0.021577380952380952
0 0.2806919642857143 0.33757440476190476 0.44285714285714284 0.07514880952380952
1 0.06489827073070609 0.24939098324514994 0.011049107142857144 0.021577380952380952
0 0.2806919642857143 0.4642113095238095 0.44285714285714284 0.08288690476190476
1 0.0668234939449918 0.35993992504409167 0.014899553571428572 0.021577380952380952
0 0.2806919642857143 0.5632440476190477 0.44285714285714284 0.0869047619047619
1 0.07311534662356323 0.47048886684303354 0.027483258928571428 0.021577380952380952
0 0.2806919642857143 0.6413690476190477 0.44285714285714284 0.08601190476190476
1 0.07401517921284895 0.5810378086419753 0.029282924107142855 0.021577380952380952
0 0.2806919642857143 0.7846726190476191 0.44285714285714284 0.05744047619047619
1 0.07323392921284894 0.6915867504409172 0.027720424107142858 0.021577380952380987
0 0.7237723214285714 0.22276785714285716 0.44285714285714284 0.07142857142857142
1 0.5126861414223348 0.1388420414462081 0.020521763392857145 0.021577380952380952
0 0.7237723214285714 0.3575892857142857 0.44285714285714284 0.1875
1 0.5126861414223348 0.24939098324514994 0.020521763392857145 0.021577380952380952
0 0.7237723214285714 0.46919642857142857 0.44285714285714284 0.23958333333333334
1 0.512700092315192 0.35993992504409167 0.02054966517857143 0.021577380952380952
0 0.7237723214285714 0.5516369047619047 0.44285714285714284 0.20625
1 0.5126931168687634 0.47048886684303354 0.020535714285714286 0.021577380952380952
0 0.7237723214285714 0.6402529761904762 0.44285714285714284 0.14657738095238096
1 0.5126861414223348 0.5810378086419753 0.020521763392857145 0.021577380952380952
0 0.7237723214285714 0.7394345238095238 0.44285714285714284 0.11488095238095238
1 0.5126861414223348 0.6915867504409172 0.020521763392857145 0.021577380952380987
