0 0.5022879464285714 0.11391369047619047 0.8856026785714286 0.06651785714285714
1 0.0631253166160081 0.07988260582010584 0.007198660714285714 0.021577380952380952
0 0.5022879464285714 0.16428571428571428 0.8856026785714286 0.09583333333333334
1 0.06505053983029382 0.1462119708994709 0.011049107142857144 0.021577380952380952
0 0.5022879464285714 0.2441220238095238 0.8856026785714286 0.06681547619047619
1 0.06697576304457953 0.21254133597883595 0.014899553571428572 0.021577380952380952
0 0.5022879464285714 0.35840773809523807 0.8856026785714286 0.08020833333333334
1 0.07326761572315096 0.27887070105820105 0.027483258928571428 0.021577380952380952
0 0.5022879464285714 0.396875 0.8856026785714286 0.04702380952380952
1 0.07416744831243667 0.3452000661375661 0.029282924107142855 0.021577380952380952
0 0.5022879464285714 0.4368303571428571 0.8856026785714286 0.07217261904761904
1 0.07338619831243667 0.41152943121693125 0.027720424107142858 0.021577380952380952
0 0.5022879464285714 0.5487351190476191 0.8856026785714286 0.07604166666666666
1 0.06978686795529382 0.4778587962962963 0.020521763392857145 0.021577380952380952
0 0.5022879464285714 0.627529761904762 0.8856026785714286 0.14464285714285716
1 0.06978686795529382 0.5441881613756614 0.020521763392857145 0.021577380952380952
0 0.5022879464285714 0.6733630952380952 0.8856026785714286 0.08988095238095238
1 0.06980081884815097 0.6105175264550264 0.02054966517857143 0.021577380952380952
0 0.5022879464285714 0.7090029761904761 0.8856026785714286 0.09627976190476191
1 0.06979384340172239 0.6768468915343916 0.020535714285714286 0.021577380952380952
0 0.5022879464285714 0.7505952380952381 0.8856026785714286 0.12202380952380952
1 0.06978686795529382 0.7431762566137565 0.020521763392857145 0.021577380952380952
0 0.5022879464285714 0.8294642857142858 0.8856026785714286 0.11577380952380953
1 0.06978686795529382 0.8095056216931217 0.020521763392857145 0.021577380952380952
