0 0.16975446428571428 0.2318452380952381 0.22142857142857142 0.14077380952380952
1 0.06267091990985048 0.18095592403628116 0.007198660714285714 0.021577380952380952
0 0.16975446428571428 0.40848214285714285 0.22142857142857142 0.07380952380952381
1 0.0645961431241362 0.3230902777777778 0.011049107142857144 0.021577380952380952
0 0.16975446428571428 0.5999255952380952 0.22142857142857142 0.11205357142857143
1 0.0665213663384219 0.4652246315192744 0.014899553571428572 0.021577380952380952
0 0.39140625 0.31934523809523807 0.22142857142857142 0.09642857142857143
1 0.2944842439573125 0.18095592403628116 0.027483258928571428 0.021577380952380952
0 0.39140625 0.38578869047619047 0.22142857142857142 0.12336309523809524
1 0.2953840765465982 0.3230902777777778 0.029282924107142855 0.021577380952380952
0 0.39140625 0.5784970238095238 0.22142857142857142 0.053422619047619045
1 0.2946028265465982 0.4652246315192744 0.027720424107142858 0.021577380952380952
0 0.6130580357142857 0.3567708333333333 0.22142857142857142 0.19806547619047618
1 0.5126745211297744 0.18095592403628116 0.020521763392857145 0.021577380952380952
0 0.6130580357142857 0.475297619047619 0.22142857142857142 0.28958333333333336
1 0.5126745211297744 0.3230902777777778 0.020521763392857145 0.021577380952380952
0 0.6130580357142857 0.6046130952380953 0.22142857142857142 0.21220238095238095
1 0.5126884720226316 0.4652246315192744 0.02054966517857143 0.021577380952380952
0 0.8347098214285714 0.23958333333333334 0.22142857142857142 0.1982142857142857
1 0.7343525215165222 0.18095592403628116 0.020535714285714286 0.021577380952380952
0 0.8347098214285714 0.37805059523809526 0.22142857142857142 0.16235119047619048
1 0.7343455460700936 0.3230902777777778 0.020521763392857145 0.021577380952380952
0 0.8347098214285714 0.5202380952380953 0.22142857142857142 0.12172619047619047
1 0.7343455460700936 0.4652246315192744 0.020521763392857145 0.021577380952380952
0 0.49832589285714285 0.6910714285714286 0.8785714285714286 0.09047619047619047
1 0.0645961431241362 0.6073589852607709 0.011049107142857144 0.021577380952380952
