0 0.2806919642857143 0.21071428571428572 0.44285714285714284 0.06517857142857143
1 0.06297304751642037 0.1388420414462081 0.007198660714285714 0.021577380952380952
0 0.2806919642857143 0.31436011904761907 0.44285714285714284 0.0724702380952381
1 0.06489827073070609 0.24939098324514994 0.011049107142857144 0.021577380952380952
0 0.2806919642857143 0.4324404761904762 0.44285714285714284 0.04107142857142857
1 0.0668234939449918 0.35993992504409167 0.014899553571428572 0.021577380952380952
0 0.2806919642857143 0.5675595238095238 0.44285714285714284 0.06339285714285714
1 0.07311534662356323 0.47048886684303354 0.027483258928571428 0.021577380952380952
0 0.2806919642857143 0.6650297619047619 0.44285714285714284 0.04880952380952381
1 0.07401517921284895 0.5810378086419753 0.029282924107142855 0.021577380952380952
0 0.2806919642857143 0.7625 0.44285714285714284 0.05
1 0.07323392921284894 0.6915867504409172 0.027720424107142858 0.021577380952380987
0 0.7237723214285714 0.23809523809523808 0.44285714285714284 0.07529761904761904
1 0.5126861414223348 0.1388420414462081 0.020521763392857145 0.021577380952380952
0 0.7237723214285714 0.3715029761904762 0.44285714285714284 0.14538690476190477
1 0.5126861414223348 0.24939098324514994 0.020521763392857145 0.021577380952380952
0 0.7237723214285714 0.4400297619047619 0.44285714285714284 0.1449404761904762
1 0.512700092315192 0.35993992504409167 0.02054966517857143 0.021577380952380952
0 0.7237723214285714 0.5325892857142858 0.44285714285714284 0.12470238095238095
1 0.5126931168687634 0.47048886684303354 0.020535714285714286 0.021577380952380952
0 0.7237723214285714 0.6399553571428571 0.44285714285714284 0.10520833333333333
1 0.5126861414223348 0.5810378086419753 0.020521763392857145 0.021577380952380952
0 0.7237723214285714 0.7577380952380952 0.44285714285714284 0.07976190476190476
1 0.5126861414223348 0.6915867504409172 0.020521763392857145 0.021577380952380987
