0 0.2806919642857143 0.21956845238095238 0.44285714285714284 0.023660714285714285
1 0.06297304751642037 0.1388420414462081 0.007198660714285714 0.021577380952380952
0 0.2806919642857143 0.32194940476190476 0.44285714285714284 0.051041666666666666
1 0.06489827073070609 0.24939098324514994 0.011049107142857144 0.021577380952380952
0 0.2806919642857143 0.43467261904761906 0.44285714285714284 0.04255952380952381
1 0.0668234939449918 0.35993992504409167 0.014899553571428572 0.021577380952380952
0 0.2806919642857143 0.5590029761904762 0.44285714285714284 0.03407738095238095
1 0.07311534662356323 0.47048886684303354 0.027483258928571428 0.021577380952380952
0 0.2806919642857143 0.6665178571428572 0.44285714285714284 0.022023809523809525
1 0.07401517921284895 0.5810378086419753 0.029282924107142855 0.021577380952380952
0 0.2806919642857143 0.7651785714285714 0.44285714285714284 0.04642857142857143
1 0.07323392921284894 0.6915867504409172 0.027720424107142858 0.021577380952380987
0 0.7237723214285714 0.23392857142857143 0.44285714285714284 0.06130952380952381
1 0.5126861414223348 0.1388420414462081 0.020521763392857145 0.021577380952380952
0 0.7237723214285714 0.3489583333333333 0.44285714285714284 0.09851190476190476
1 0.5126861414223348 0.24939098324514994 0.020521763392857145 0.021577380952380952
0 0.7237723214285714 0.4758184523809524 0.44285714285714284 0.09211309523809524
1 0.512700092315192 0.35993992504409167 0.02054966517857143 0.021577380952380952
0 0.7237723214285714 0.6001488095238096 0.44285714285714284 0.16220238095238096
1 0.5126931168687634 0.47048886684303354 0.020535714285714286 0.021577380952380952
0 0.7237723214285714 0.6288690476190476 0.44285714285714284 0.20833333333333334
1 0.5126861414223348 0.5810378086419753 0.020521763392857145 0.021577380952380952
0 0.7237723214285714 0.7412202380952381 0.44285714285714284 0.14375
1 0.5126861414223348 0.6915867504409172 0.020521763392857145 0.021577380952380987
