0 0.16975446428571428 0.2490327380952381 0.22142857142857142 0.11145833333333334
1 0.06267091990985048 0.18095592403628116 0.007198660714285714 0.021577380952380952
0 0.16975446428571428 0.41443452380952384 0.22142857142857142 0.056845238095238095
1 0.0645961431241362 0.3230902777777778 0.011049107142857144 0.021577380952380952
0 0.16975446428571428 0.5922619047619048 0.22142857142857142 0.07321428571428572
1 0.0665213663384219 0.4652246315192744 0.014899553571428572 0.021577380952380952
0 0.39140625 0.30907738095238096 0.22142857142857142 0.08125
1 0.2944842439573125 0.18095592403628116 0.027483258928571428 0.021577380952380952
0 0.39140625 0.396875 0.22142857142857142 0.09196428571428572
1 0.2953840765465982 0.3230902777777778 0.029282924107142855 0.021577380952380952
0 0.39140625 0.5734375 0.22142857142857142 0.0337797619047619
1 0.2946028265465982 0.4652246315192744 0.027720424107142858 0.021577380952380952
0 0.6130580357142857 0.3240327380952381 0.22142857142857142 0.12514880952380952
1 0.5126745211297744 0.18095592403628116 0.020521763392857145 0.021577380952380952
0 0.6130580357142857 0.4978422619047619 0.22142857142857142 0.22038690476190476
1 0.5126745211297744 0.3230902777777778 0.020521763392857145 0.021577380952380952
0 0.6130580357142857 0.5954613095238095 0.22142857142857142 0.15104166666666666
1 0.5126884720226316 0.4652246315192744 0.02054966517857143 0.021577380952380952
0 0.8347098214285714 0.2674107142857143 0.22142857142857142 0.12946428571428573
1 0.7343525215165222 0.18095592403628116 0.020535714285714286 0.021577380952380952
0 0.8347098214285714 0.404985119047619 0.22142857142857142 0.18735119047619048
1 0.7343455460700936 0.3230902777777778 0.020521763392857145 0.021577380952380952
0 0.8347098214285714 0.4486607142857143 0.22142857142857142 0.30178571428571427
1 0.7343455460700936 0.4652246315192744 0.020521763392857145 0.021577380952380952
0 0.49832589285714285 0.6980654761904762 0.8785714285714286 0.06160714285714286
1 0.0645961431241362 0.6073589852607709 0.011049107142857144 0.021577380952380952
