0 0.2806919642857143 0.18586309523809524 0.44285714285714284 0.10773809523809524
1 0.06297304751642037 0.1388420414462081 0.007198660714285714 0.021577380952380952
0 0.2806919642857143 0.3287202380952381 0.44285714285714284 0.04345238095238095
1 0.06489827073070609 0.24939098324514994 0.011049107142857144 0.021577380952380952
0 0.2806919642857143 0.4686011904761905 0.44285714285714284 0.10297619047619047
1 0.0668234939449918 0.35993992504409167 0.014899553571428572 0.021577380952380952
0 0.2806919642857143 0.5732886904761905 0.44285714285714284 0.06383928571428571
1 0.07311534662356323 0.47048886684303354 0.027483258928571428 0.021577380952380952
0 0.2806919642857143 0.631547619047619 0.44285714285714284 0.10297619047619047
1 0.07401517921284895 0.5810378086419753 0.029282924107142855 0.021577380952380952
0 0.2806919642857143 0.7826636904761904 0.44285714285714284 0.057886904761904764
1 0.07323392921284894 0.6915867504409172 0.027720424107142858 0.021577380952380987
0 0.7237723214285714 0.24144345238095238 0.44285714285714284 0.07782738095238095
1 0.5126861414223348 0.1388420414462081 0.020521763392857145 0.021577380952380952
0 0.7237723214285714 0.34285714285714286 0.44285714285714284 0.1261904761904762
1 0.5126861414223348 0.24939098324514994 0.020521763392857145 0.021577380952380952
0 0.7237723214285714 0.44129464285714287 0.44285714285714284 0.15699404761904762
1 0.512700092315192 0.35993992504409167 0.02054966517857143 0.021577380952380952
0 0.7237723214285714 0.5390625 0.44285714285714284 0.15282738095238096
1 0.5126931168687634 0.47048886684303354 0.020535714285714286 0.021577380952380952
0 0.7237723214285714 0.6376488095238095 0.44285714285714284 0.1386904761904762
1 0.5126861414223348 0.5810378086419753 0.020521763392857145 0.021577380952380952
0 0.7237723214285714 0.7469494047619047 0.44285714285714284 0.11056547619047619
1 0.5126861414223348 0.6915867504409172 0.020521763392857145 0.021577380952380987
