0 0.2806919642857143 0.21607142857142858 0.44285714285714284 0.06726190476190476
1 0.06297304751642037 0.1388420414462081 0.007198660714285714 0.021577380952380952
0 0.2806919642857143 0.3125744047619048 0.44285714285714284 0.07098214285714285
1 0.06489827073070609 0.24939098324514994 0.011049107142857144 0.021577380952380952
0 0.2806919642857143 0.434375 0.44285714285714284 0.039285714285714285
1 0.0668234939449918 0.35993992504409167 0.014899553571428572 0.021577380952380952
0 0.2806919642857143 0.5654017857142857 0.44285714285714284 0.06741071428571428
1 0.07311534662356323 0.47048886684303354 0.027483258928571428 0.021577380952380952
0 0.2806919642857143 0.6666666666666666 0.44285714285714284 0.043154761904761904
1 0.07401517921284895 0.5810378086419753 0.029282924107142855 0.021577380952380952
0 0.2806919642857143 0.7601934523809524 0.44285714285714284 0.0537202380952381
1 0.07323392921284894 0.6915867504409172 0.027720424107142858 0.021577380952380987
0 0.7237723214285714 0.24501488095238094 0.44285714285714284 0.10461309523809524
1 0.5126861414223348 0.1388420414462081 0.020521763392857145 0.021577380952380952
0 0.7237723214285714 0.353125 0.44285714285714284 0.15535714285714286
1 0.5126861414223348 0.24939098324514994 0.020521763392857145 0.021577380952380952
0 0.7237723214285714 0.46130952380952384 0.44285714285714284 0.1324404761904762
1 0.512700092315192 0.35993992504409167 0.02054966517857143 0.021577380952380952
0 0.7237723214285714 0.5364583333333334 0.44285714285714284 0.17172619047619048
1 0.5126931168687634 0.47048886684303354 0.020535714285714286 0.021577380952380952
0 0.7237723214285714 0.6298363095238095 0.44285714285714284 0.15729166666666666
1 0.5126861414223348 0.5810378086419753 0.020521763392857145 0.021577380952380952
0 0.7237723214285714 0.7348214285714286 0.44285714285714284 0.12202380952380952
1 0.5126861414223348 0.6915867504409172 0.020521763392857145 0.021577380952380987
