0 0.16975446428571428 0.272172619047619 0.22142857142857142 0.05863095238095238
1 0.06267091990985048 0.18095592403628116 0.007198660714285714 0.021577380952380952
0 0.16975446428571428 0.421875 0.22142857142857142 0.040773809523809525
1 0.0645961431241362 0.3230902777777778 0.011049107142857144 0.021577380952380952
0 0.16975446428571428 0.5736607142857143 0.22142857142857142 0.035416666666666666
1 0.0665213663384219 0.4652246315192744 0.014899553571428572 0.021577380952380952
0 0.39140625 0.2922619047619048 0.22142857142857142 0.04970238095238095
1 0.2944842439573125 0.18095592403628116 0.027483258928571428 0.021577380952380952
0 0.39140625 0.4162202380952381 0.22142857142857142 0.04196428571428571
1 0.2953840765465982 0.3230902777777778 0.029282924107142855 0.021577380952380952
0 0.39140625 0.5678571428571428 0.22142857142857142 0.020535714285714286
1 0.2946028265465982 0.4652246315192744 0.027720424107142858 0.021577380952380952
0 0.6130580357142857 0.29248511904761904 0.22142857142857142 0.08139880952380953
1 0.5126745211297744 0.18095592403628116 0.020521763392857145 0.021577380952380952
0 0.6130580357142857 0.43794642857142857 0.22142857142857142 0.16875
1 0.5126745211297744 0.3230902777777778 0.020521763392857145 0.021577380952380952
0 0.6130580357142857 0.551860119047619 0.22142857142857142 0.11860119047619047
1 0.5126884720226316 0.4652246315192744 0.02054966517857143 0.021577380952380952
0 0.8347098214285714 0.24397321428571428 0.22142857142857142 0.13229166666666667
1 0.7343525215165222 0.18095592403628116 0.020535714285714286 0.021577380952380952
0 0.8347098214285714 0.3806547619047619 0.22142857142857142 0.1324404761904762
1 0.7343455460700936 0.3230902777777778 0.020521763392857145 0.021577380952380952
0 0.8347098214285714 0.5418154761904762 0.22142857142857142 0.0869047619047619
1 0.7343455460700936 0.4652246315192744 0.020521763392857145 0.021577380952380952
0 0.49832589285714285 0.7030505952380952 0.8785714285714286 0.046875
1 0.0645961431241362 0.6073589852607709 0.011049107142857144 0.021577380952380952
