0 0.2806919642857143 0.19248511904761906 0.44285714285714284 0.08080357142857143
1 0.06297304751642037 0.1388420414462081 0.007198660714285714 0.021577380952380952
0 0.2806919642857143 0.3177083333333333 0.44285714285714284 0.08779761904761904
1 0.06489827073070609 0.24939098324514994 0.011049107142857144 0.021577380952380952
0 0.2806919642857143 0.4517113095238095 0.44285714285714284 0.06473214285714286
1 0.0668234939449918 0.35993992504409167 0.014899553571428572 0.021577380952380952
0 0.2806919642857143 0.5741071428571428 0.44285714285714284 0.07916666666666666
1 0.07311534662356323 0.47048886684303354 0.027483258928571428 0.021577380952380952
0 0.2806919642857143 0.6441964285714286 0.44285714285714284 0.06904761904761905
1 0.07401517921284895 0.5810378086419753 0.029282924107142855 0.021577380952380952
0 0.2806919642857143 0.7744047619047619 0.44285714285714284 0.060714285714285714
1 0.07323392921284894 0.6915867504409172 0.027720424107142858 0.021577380952380987
0 0.7237723214285714 0.2507440476190476 0.44285714285714284 0.08958333333333333
1 0.5126861414223348 0.1388420414462081 0.020521763392857145 0.021577380952380952
0 0.7237723214285714 0.37023809523809526 0.44285714285714284 0.18452380952380953
1 0.5126861414223348 0.24939098324514994 0.020521763392857145 0.021577380952380952
0 0.7237723214285714 0.4374255952380952 0.44285714285714284 0.196875
1 0.512700092315192 0.35993992504409167 0.02054966517857143 0.021577380952380952
0 0.7237723214285714 0.5224702380952381 0.44285714285714284 0.19375
1 0.5126931168687634 0.47048886684303354 0.020535714285714286 0.021577380952380952
0 0.7237723214285714 0.6267113095238095 0.44285714285714284 0.15282738095238096
1 0.5126861414223348 0.5810378086419753 0.020521763392857145 0.021577380952380952
0 0.7237723214285714 0.7345982142857143 0.44285714285714284 0.1099702380952381
1 0.5126861414223348 0.6915867504409172 0.020521763392857145 0.021577380952380987
