0 0.2806919642857143 0.20476190476190476 0.44285714285714284 0.05803571428571429
1 0.06297304751642037 0.1388420414462081 0.007198660714285714 0.021577380952380952
0 0.2806919642857143 0.3295386904761905 0.44285714285714284 0.08645833333333333
1 0.06489827073070609 0.24939098324514994 0.011049107142857144 0.021577380952380952
0 0.2806919642857143 0.4607142857142857 0.44285714285714284 0.08630952380952381
1 0.0668234939449918 0.35993992504409167 0.014899553571428572 0.021577380952380952
0 0.2806919642857143 0.5680059523809524 0.44285714285714284 0.05386904761904762
1 0.07311534662356323 0.47048886684303354 0.027483258928571428 0.021577380952380952
0 0.2806919642857143 0.6478422619047619 0.44285714285714284 0.060267857142857144
1 0.07401517921284895 0.5810378086419753 0.029282924107142855 0.021577380952380952
0 0.2806919642857143 0.7845982142857143 0.44285714285714284 0.08139880952380953
1 0.07323392921284894 0.6915867504409172 0.027720424107142858 0.021577380952380987
0 0.7237723214285714 0.22738095238095238 0.44285714285714284 0.049107142857142856
1 0.5126861414223348 0.1388420414462081 0.020521763392857145 0.021577380952380952
0 0.7237723214285714 0.3205357142857143 0.44285714285714284 0.15416666666666667
1 0.5126861414223348 0.24939098324514994 0.020521763392857145 0.021577380952380952
0 0.7237723214285714 0.4095982142857143 0.44285714285714284 0.21354166666666666
1 0.512700092315192 0.35993992504409167 0.02054966517857143 0.021577380952380952
0 0.7237723214285714 0.5136904761904761 0.44285714285714284 0.2080357142857143
1 0.5126931168687634 0.47048886684303354 0.020535714285714286 0.021577380952380952
0 0.7237723214285714 0.6201636904761905 0.44285714285714284 0.1519345238095238
1 0.5126861414223348 0.5810378086419753 0.020521763392857145 0.021577380952380952
0 0.7237723214285714 0.7427827380952381 0.44285714285714284 0.103125
1 0.5126861414223348 0.6915867504409172 0.020521763392857145 0.021577380952380987
