0 0.5022879464285714 0.11383928571428571 0.8856026785714286 0.06845238095238096
1 0.0631253166160081 0.07988260582010584 0.007198660714285714 0.021577380952380952
0 0.5022879464285714 0.20572916666666666 0.8856026785714286 0.043601190476190474
1 0.06505053983029382 0.1462119708994709 0.011049107142857144 0.021577380952380952
0 0.5022879464285714 0.2892113095238095 0.8856026785714286 0.08526785714285715
1 0.06697576304457953 0.21254133597883595 0.014899553571428572 0.021577380952380952
0 0.5022879464285714 0.33296130952380953 0.8856026785714286 0.04241071428571429
1 0.07326761572315096 0.27887070105820105 0.027483258928571428 0.021577380952380952
0 0.5022879464285714 0.37462797619047616 0.8856026785714286 0.0730654761904762
1 0.07416744831243667 0.3452000661375661 0.029282924107142855 0.021577380952380952
0 0.5022879464285714 0.4771577380952381 0.8856026785714286 0.057291666666666664
1 0.07338619831243667 0.41152943121693125 0.027720424107142858 0.021577380952380952
0 0.5022879464285714 0.5590029761904762 0.8856026785714286 0.1099702380952381
1 0.06978686795529382 0.4778587962962963 0.020521763392857145 0.021577380952380952
0 0.5022879464285714 0.6141369047619047 0.8856026785714286 0.12083333333333333
1 0.06978686795529382 0.5441881613756614 0.020521763392857145 0.021577380952380952
0 0.5022879464285714 0.6595238095238095 0.8856026785714286 0.12976190476190477
1 0.06980081884815097 0.6105175264550264 0.02054966517857143 0.021577380952380952
0 0.5022879464285714 0.7151785714285714 0.8856026785714286 0.13958333333333334
1 0.06979384340172239 0.6768468915343916 0.020535714285714286 0.021577380952380952
0 0.5022879464285714 0.7765625 0.8856026785714286 0.12336309523809524
1 0.06978686795529382 0.7431762566137565 0.020521763392857145 0.021577380952380952
0 0.5022879464285714 0.849032738095238 0.8856026785714286 0.07633928571428572
1 0.06978686795529382 0.8095056216931217 0.020521763392857145 0.021577380952380952
