0 0.2806919642857143 0.21450892857142856 0.44285714285714284 0.03169642857142857
1 0.06297304751642037 0.1388420414462081 0.007198660714285714 0.021577380952380952
0 0.2806919642857143 0.33214285714285713 0.44285714285714284 0.06904761904761905
1 0.06489827073070609 0.24939098324514994 0.011049107142857144 0.021577380952380952
0 0.2806919642857143 0.44910714285714287 0.44285714285714284 0.05119047619047619
1 0.0668234939449918 0.35993992504409167 0.014899553571428572 0.021577380952380952
0 0.2806919642857143 0.5563244047619048 0.44285714285714284 0.04717261904761905
1 0.07311534662356323 0.47048886684303354 0.027483258928571428 0.021577380952380952
0 0.2806919642857143 0.6607142857142857 0.44285714285714284 0.027976190476190477
1 0.07401517921284895 0.5810378086419753 0.029282924107142855 0.021577380952380952
0 0.2806919642857143 0.7783482142857143 0.44285714285714284 0.05848214285714286
1 0.07323392921284894 0.6915867504409172 0.027720424107142858 0.021577380952380987
0 0.7237723214285714 0.2558035714285714 0.44285714285714284 0.1125
1 0.5126861414223348 0.1388420414462081 0.020521763392857145 0.021577380952380952
0 0.7237723214285714 0.3573660714285714 0.44285714285714284 0.09776785714285714
1 0.5126861414223348 0.24939098324514994 0.020521763392857145 0.021577380952380952
0 0.7237723214285714 0.46711309523809524 0.44285714285714284 0.10505952380952381
1 0.512700092315192 0.35993992504409167 0.02054966517857143 0.021577380952380952
0 0.7237723214285714 0.5627232142857143 0.44285714285714284 0.0956845238095238
1 0.5126931168687634 0.47048886684303354 0.020535714285714286 0.021577380952380952
0 0.7237723214285714 0.6671130952380953 0.44285714285714284 0.0869047619047619
1 0.5126861414223348 0.5810378086419753 0.020521763392857145 0.021577380952380952
0 0.7237723214285714 0.7677083333333333 0.44285714285714284 0.08720238095238095
1 0.5126861414223348 0.6915867504409172 0.020521763392857145 0.021577380952380987
