0 0.5022879464285714 0.11577380952380953 0.8856026785714286 0.0494047619047619
1 0.0631253166160081 0.07988260582010584 0.007198660714285714 0.021577380952380952
0 0.5022879464285714 0.18117559523809523 0.8856026785714286 0.054017857142857145
1 0.06505053983029382 0.1462119708994709 0.011049107142857144 0.021577380952380952
0 0.5022879464285714 0.26651785714285714 0.8856026785714286 0.01994047619047619
1 0.06697576304457953 0.21254133597883595 0.014899553571428572 0.021577380952380952
0 0.5022879464285714 0.3483630952380952 0.8856026785714286 0.0494047619047619
1 0.07326761572315096 0.27887070105820105 0.027483258928571428 0.021577380952380952
0 0.5022879464285714 0.38958333333333334 0.8856026785714286 0.027678571428571427
1 0.07416744831243667 0.3452000661375661 0.029282924107142855 0.021577380952380952
0 0.5022879464285714 0.4549107142857143 0.8856026785714286 0.03482142857142857
1 0.07338619831243667 0.41152943121693125 0.027720424107142858 0.021577380952380952
0 0.5022879464285714 0.5436755952380953 0.8856026785714286 0.07574404761904761
1 0.06978686795529382 0.4778587962962963 0.020521763392857145 0.021577380952380952
0 0.5022879464285714 0.5857142857142857 0.8856026785714286 0.07261904761904762
1 0.06978686795529382 0.5441881613756614 0.020521763392857145 0.021577380952380952
0 0.5022879464285714 0.6204613095238095 0.8856026785714286 0.11413690476190476
1 0.06980081884815097 0.6105175264550264 0.02054966517857143 0.021577380952380952
0 0.5022879464285714 0.6748511904761905 0.8856026785714286 0.1425595238095238
1 0.06979384340172239 0.6768468915343916 0.020535714285714286 0.021577380952380952
0 0.5022879464285714 0.7523809523809524 0.8856026785714286 0.12113095238095238
1 0.06978686795529382 0.7431762566137565 0.020521763392857145 0.021577380952380952
0 0.5022879464285714 0.8302827380952381 0.8856026785714286 0.08705357142857142
1 0.06978686795529382 0.8095056216931217 0.020521763392857145 0.021577380952380952
