0 0.16975446428571428 0.25944940476190476 0.22142857142857142 0.11592261904761905
1 0.06267091990985048 0.18095592403628116 0.007198660714285714 0.021577380952380952
0 0.16975446428571428 0.42998511904761905 0.22142857142857142 0.06800595238095238
1 0.0645961431241362 0.3230902777777778 0.011049107142857144 0.021577380952380952
0 0.16975446428571428 0.598735119047619 0.22142857142857142 0.1394345238095238
1 0.0665213663384219 0.4652246315192744 0.014899553571428572 0.021577380952380952
0 0.39140625 0.2992559523809524 0.22142857142857142 0.07083333333333333
1 0.2944842439573125 0.18095592403628116 0.027483258928571428 0.021577380952380952
0 0.39140625 0.40327380952380953 0.22142857142857142 0.11845238095238095
1 0.2953840765465982 0.3230902777777778 0.029282924107142855 0.021577380952380952
0 0.39140625 0.5896577380952381 0.22142857142857142 0.09508928571428571
1 0.2946028265465982 0.4652246315192744 0.027720424107142858 0.021577380952380952
0 0.6130580357142857 0.342485119047619 0.22142857142857142 0.23913690476190477
1 0.5126745211297744 0.18095592403628116 0.020521763392857145 0.021577380952380952
0 0.6130580357142857 0.4954613095238095 0.22142857142857142 0.33288690476190474
1 0.5126745211297744 0.3230902777777778 0.020521763392857145 0.021577380952380952
0 0.6130580357142857 0.6476934523809523 0.22142857142857142 0.32395833333333335
1 0.5126884720226316 0.4652246315192744 0.02054966517857143 0.021577380952380952
0 0.8347098214285714 0.3183035714285714 0.22142857142857142 0.16845238095238096
1 0.7343525215165222 0.18095592403628116 0.020535714285714286 0.021577380952380952
0 0.8347098214285714 0.4270833333333333 0.22142857142857142 0.05267857142857143
1 0.7343455460700936 0.3230902777777778 0.020521763392857145 0.021577380952380952
0 0.8347098214285714 0.5546130952380952 0.22142857142857142 0.05625
1 0.7343455460700936 0.4652246315192744 0.020521763392857145 0.021577380952380952
0 0.49832589285714285 0.7128720238095239 0.8785714285714286 0.07068452380952381
1 0.0645961431241362 0.6073589852607709 0.011049107142857144 0.021577380952380952
