0 0.5022879464285714 0.1191220238095238 0.8856026785714286 0.04627976190476191
1 0.0631253166160081 0.07988260582010584 0.007198660714285714 0.021577380952380952
0 0.5022879464285714 0.1740327380952381 0.8856026785714286 0.07157738095238095
1 0.06505053983029382 0.1462119708994709 0.011049107142857144 0.021577380952380952
0 0.5022879464285714 0.2575892857142857 0.8856026785714286 0.039285714285714285
1 0.06697576304457953 0.21254133597883595 0.014899553571428572 0.021577380952380952
0 0.5022879464285714 0.3509672619047619 0.8856026785714286 0.05699404761904762
1 0.07326761572315096 0.27887070105820105 0.027483258928571428 0.021577380952380952
0 0.5022879464285714 0.3966517857142857 0.8856026785714286 0.01800595238095238
1 0.07416744831243667 0.3452000661375661 0.029282924107142855 0.021577380952380952
0 0.5022879464285714 0.44717261904761907 0.8856026785714286 0.05386904761904762
1 0.07338619831243667 0.41152943121693125 0.027720424107142858 0.021577380952380952
0 0.5022879464285714 0.5565476190476191 0.8856026785714286 0.07916666666666666
1 0.06978686795529382 0.4778587962962963 0.020521763392857145 0.021577380952380952
0 0.5022879464285714 0.6236607142857142 0.8856026785714286 0.1113095238095238
1 0.06978686795529382 0.5441881613756614 0.020521763392857145 0.021577380952380952
0 0.5022879464285714 0.6641369047619048 0.8856026785714286 0.054464285714285715
1 0.06980081884815097 0.6105175264550264 0.02054966517857143 0.021577380952380952
0 0.5022879464285714 0.6920386904761905 0.8856026785714286 0.09419642857142857
1 0.06979384340172239 0.6768468915343916 0.020535714285714286 0.021577380952380952
0 0.5022879464285714 0.7550595238095238 0.8856026785714286 0.10327380952380952
1 0.06978686795529382 0.7431762566137565 0.020521763392857145 0.021577380952380952
0 0.5022879464285714 0.8287946428571429 0.8856026785714286 0.08675595238095238
1 0.06978686795529382 0.8095056216931217 0.020521763392857145 0.021577380952380952
