0 0.16975446428571428 0.26413690476190477 0.22142857142857142 0.11488095238095238
1 0.06267091990985048 0.18095592403628116 0.007198660714285714 0.021577380952380952
0 0.16975446428571428 0.4113839285714286 0.22142857142857142 0.07455357142857143
1 0.0645961431241362 0.3230902777777778 0.011049107142857144 0.021577380952380952
0 0.16975446428571428 0.5747023809523809 0.22142857142857142 0.06696428571428571
1 0.0665213663384219 0.4652246315192744 0.014899553571428572 0.021577380952380952
0 0.39140625 0.30066964285714287 0.22142857142857142 0.09270833333333334
1 0.2944842439573125 0.18095592403628116 0.027483258928571428 0.021577380952380952
0 0.39140625 0.4114583333333333 0.22142857142857142 0.08779761904761904
1 0.2953840765465982 0.3230902777777778 0.029282924107142855 0.021577380952380952
0 0.39140625 0.5671130952380953 0.22142857142857142 0.03630952380952381
1 0.2946028265465982 0.4652246315192744 0.027720424107142858 0.021577380952380952
0 0.6130580357142857 0.28950892857142857 0.22142857142857142 0.11919642857142858
1 0.5126745211297744 0.18095592403628116 0.020521763392857145 0.021577380952380952
0 0.6130580357142857 0.4284970238095238 0.22142857142857142 0.15401785714285715
1 0.5126745211297744 0.3230902777777778 0.020521763392857145 0.021577380952380952
0 0.6130580357142857 0.5389136904761904 0.22142857142857142 0.14955357142857142
1 0.5126884720226316 0.4652246315192744 0.02054966517857143 0.021577380952380952
0 0.8347098214285714 0.2500744047619048 0.22142857142857142 0.153125
1 0.7343525215165222 0.18095592403628116 0.020535714285714286 0.021577380952380952
0 0.8347098214285714 0.3908482142857143 0.22142857142857142 0.12485119047619048
1 0.7343455460700936 0.3230902777777778 0.020521763392857145 0.021577380952380952
0 0.8347098214285714 0.538764880952381 0.22142857142857142 0.10223214285714285
1 0.7343455460700936 0.4652246315192744 0.020521763392857145 0.021577380952380952
0 0.49832589285714285 0.7322172619047619 0.8785714285714286 0.16324404761904762
1 0.0645961431241362 0.6073589852607709 0.011049107142857144 0.021577380952380952
