0 0.2806919642857143 0.21733630952380953 0.44285714285714284 0.02931547619047619
1 0.06297304751642037 0.1388420414462081 0.007198660714285714 0.021577380952380952
0 0.2806919642857143 0.3066220238095238 0.44285714285714284 0.07961309523809523
1 0.06489827073070609 0.24939098324514994 0.011049107142857144 0.021577380952380952
0 0.2806919642857143 0.42239583333333336 0.44285714285714284 0.0730654761904762
1 0.0668234939449918 0.35993992504409167 0.014899553571428572 0.021577380952380952
0 0.2806919642857143 0.5662202380952381 0.44285714285714284 0.05119047619047619
1 0.07311534662356323 0.47048886684303354 0.027483258928571428 0.021577380952380952
0 0.2806919642857143 0.6706845238095238 0.44285714285714284 0.03898809523809524
1 0.07401517921284895 0.5810378086419753 0.029282924107142855 0.021577380952380952
0 0.2806919642857143 0.7516369047619048 0.44285714285714284 0.07589285714285714
1 0.07323392921284894 0.6915867504409172 0.027720424107142858 0.021577380952380987
0 0.7237723214285714 0.2347470238095238 0.44285714285714284 0.05431547619047619
1 0.5126861414223348 0.1388420414462081 0.020521763392857145 0.021577380952380952
0 0.7237723214285714 0.34910714285714284 0.44285714285714284 0.14107142857142857
1 0.5126861414223348 0.24939098324514994 0.020521763392857145 0.021577380952380952
0 0.7237723214285714 0.4244791666666667 0.44285714285714284 0.19122023809523808
1 0.512700092315192 0.35993992504409167 0.02054966517857143 0.021577380952380952
0 0.7237723214285714 0.5148809523809523 0.44285714285714284 0.14970238095238095
1 0.5126931168687634 0.47048886684303354 0.020535714285714286 0.021577380952380952
0 0.7237723214285714 0.624702380952381 0.44285714285714284 0.12113095238095238
1 0.5126861414223348 0.5810378086419753 0.020521763392857145 0.021577380952380952
0 0.7237723214285714 0.7168154761904761 0.44285714285714284 0.19523809523809524
1 0.5126861414223348 0.6915867504409172 0.020521763392857145 0.021577380952380987
