0 0.16975446428571428 0.24293154761904762 0.22142857142857142 0.12038690476190476
1 0.06267091990985048 0.18095592403628116 0.007198660714285714 0.021577380952380952
0 0.16975446428571428 0.3663690476190476 0.22142857142857142 0.15863095238095237
1 0.0645961431241362 0.3230902777777778 0.011049107142857144 0.021577380952380952
0 0.16975446428571428 0.5516369047619047 0.22142857142857142 0.060714285714285714
1 0.0665213663384219 0.4652246315192744 0.014899553571428572 0.021577380952380952
0 0.39140625 0.334672619047619 0.22142857142857142 0.13898809523809524
1 0.2944842439573125 0.18095592403628116 0.027483258928571428 0.021577380952380952
0 0.39140625 0.4186755952380952 0.22142857142857142 0.05223214285714286
1 0.2953840765465982 0.3230902777777778 0.029282924107142855 0.021577380952380952
0 0.39140625 0.5298363095238096 0.22142857142857142 0.10907738095238095
1 0.2946028265465982 0.4652246315192744 0.027720424107142858 0.021577380952380952
0 0.6130580357142857 0.34471726190476193 0.22142857142857142 0.2230654761904762
1 0.5126745211297744 0.18095592403628116 0.020521763392857145 0.021577380952380952
0 0.6130580357142857 0.47313988095238096 0.22142857142857142 0.2519345238095238
1 0.5126745211297744 0.3230902777777778 0.020521763392857145 0.021577380952380952
0 0.6130580357142857 0.5051339285714286 0.22142857142857142 0.3171130952380952
1 0.5126884720226316 0.4652246315192744 0.02054966517857143 0.021577380952380952
0 0.8347098214285714 0.20885416666666667 0.22142857142857142 0.2456845238095238
1 0.7343525215165222 0.18095592403628116 0.020535714285714286 0.021577380952380952
0 0.8347098214285714 0.3581845238095238 0.22142857142857142 0.18779761904761905
1 0.7343455460700936 0.3230902777777778 0.020521763392857145 0.021577380952380952
0 0.8347098214285714 0.5227678571428571 0.22142857142857142 0.13482142857142856
1 0.7343455460700936 0.4652246315192744 0.020521763392857145 0.021577380952380952
0 0.49832589285714285 0.6511160714285714 0.8785714285714286 0.16741071428571427
1 0.0645961431241362 0.6073589852607709 0.011049107142857144 0.021577380952380952
