0 0.2806919642857143 0.20245535714285715 0.44285714285714284 0.1400297619047619
1 0.06297304751642037 0.1388420414462081 0.007198660714285714 0.021577380952380952
0 0.2806919642857143 0.32983630952380955 0.44285714285714284 0.103125
1 0.06489827073070609 0.24939098324514994 0.011049107142857144 0.021577380952380952
0 0.2806919642857143 0.4640625 0.44285714285714284 0.07604166666666666
1 0.0668234939449918 0.35993992504409167 0.014899553571428572 0.021577380952380952
0 0.2806919642857143 0.5595238095238095 0.44285714285714284 0.11517857142857142
1 0.07311534662356323 0.47048886684303354 0.027483258928571428 0.021577380952380952
0 0.2806919642857143 0.6422619047619048 0.44285714285714284 0.09732142857142857
1 0.07401517921284895 0.5810378086419753 0.029282924107142855 0.021577380952380952
0 0.2806919642857143 0.7786458333333334 0.44285714285714284 0.06800595238095238
1 0.07323392921284894 0.6915867504409172 0.027720424107142858 0.021577380952380987
0 0.7237723214285714 0.23504464285714285 0.44285714285714284 0.08764880952380952
1 0.5126861414223348 0.1388420414462081 0.020521763392857145 0.021577380952380952
0 0.7237723214285714 0.4010416666666667 0.44285714285714284 0.2199404761904762
1 0.5126861414223348 0.24939098324514994 0.020521763392857145 0.021577380952380952
0 0.7237723214285714 0.4907738095238095 0.44285714285714284 0.16964285714285715
1 0.512700092315192 0.35993992504409167 0.02054966517857143 0.021577380952380952
0 0.7237723214285714 0.5878720238095239 0.44285714285714284 0.11770833333333333
1 0.5126931168687634 0.47048886684303354 0.020535714285714286 0.021577380952380952
0 0.7237723214285714 0.6735863095238095 0.44285714285714284 0.1474702380952381
1 0.5126861414223348 0.5810378086419753 0.020521763392857145 0.021577380952380952
0 0.7237723214285714 0.7746279761904762 0.44285714285714284 0.12574404761904762
1 0.5126861414223348 0.6915867504409172 0.020521763392857145 0.021577380952380987
