0 0.16975446428571428 0.25892857142857145 0.22142857142857142 0.08244047619047619
1 0.06267091990985048 0.18095592403628116 0.007198660714285714 0.021577380952380952
0 0.16975446428571428 0.35639880952380953 0.22142857142857142 0.16428571428571428
1 0.0645961431241362 0.3230902777777778 0.011049107142857144 0.021577380952380952
0 0.16975446428571428 0.5318452380952381 0.22142857142857142 0.10357142857142858
1 0.0665213663384219 0.4652246315192744 0.014899553571428572 0.021577380952380952
0 0.39140625 0.33407738095238093 0.22142857142857142 0.11845238095238095
1 0.2944842439573125 0.18095592403628116 0.027483258928571428 0.021577380952380952
0 0.39140625 0.4269345238095238 0.22142857142857142 0.054464285714285715
1 0.2953840765465982 0.3230902777777778 0.029282924107142855 0.021577380952380952
0 0.39140625 0.5134672619047619 0.22142857142857142 0.1305059523809524
1 0.2946028265465982 0.4652246315192744 0.027720424107142858 0.021577380952380952
0 0.6130580357142857 0.3438988095238095 0.22142857142857142 0.15327380952380953
1 0.5126745211297744 0.18095592403628116 0.020521763392857145 0.021577380952380952
0 0.6130580357142857 0.5090029761904762 0.22142857142857142 0.2754464285714286
1 0.5126745211297744 0.3230902777777778 0.020521763392857145 0.021577380952380952
0 0.6130580357142857 0.5694196428571429 0.22142857142857142 0.1373511904761905
1 0.5126884720226316 0.4652246315192744 0.02054966517857143 0.021577380952380952
0 0.8347098214285714 0.1784970238095238 0.22142857142857142 0.2712797619047619
1 0.7343525215165222 0.18095592403628116 0.020535714285714286 0.021577380952380952
0 0.8347098214285714 0.33683035714285714 0.22142857142857142 0.24270833333333333
1 0.7343455460700936 0.3230902777777778 0.020521763392857145 0.021577380952380952
0 0.8347098214285714 0.5042410714285714 0.22142857142857142 0.18288690476190475
1 0.7343455460700936 0.4652246315192744 0.020521763392857145 0.021577380952380952
0 0.49832589285714285 0.6544642857142857 0.8785714285714286 0.19196428571428573
1 0.0645961431241362 0.6073589852607709 0.011049107142857144 0.021577380952380952
