0 0.5022879464285714 0.11867559523809523 0.8856026785714286 0.057291666666666664
1 0.0631253166160081 0.07988260582010584 0.007198660714285714 0.021577380952380952
0 0.5022879464285714 0.18333333333333332 0.8856026785714286 0.06458333333333334
1 0.06505053983029382 0.1462119708994709 0.011049107142857144 0.021577380952380952
0 0.5022879464285714 0.2598958333333333 0.8856026785714286 0.03854166666666667
1 0.06697576304457953 0.21254133597883595 0.014899553571428572 0.021577380952380952
0 0.5022879464285714 0.34561011904761907 0.8856026785714286 0.059375
1 0.07326761572315096 0.27887070105820105 0.027483258928571428 0.021577380952380952
0 0.5022879464285714 0.3927827380952381 0.8856026785714286 0.03705357142857143
1 0.07416744831243667 0.3452000661375661 0.029282924107142855 0.021577380952380952
0 0.5022879464285714 0.454389880952381 0.8856026785714286 0.043601190476190474
1 0.07338619831243667 0.41152943121693125 0.027720424107142858 0.021577380952380952
0 0.5022879464285714 0.5462797619047619 0.8856026785714286 0.05773809523809524
1 0.06978686795529382 0.4778587962962963 0.020521763392857145 0.021577380952380952
0 0.5022879464285714 0.6083333333333333 0.8856026785714286 0.0994047619047619
1 0.06978686795529382 0.5441881613756614 0.020521763392857145 0.021577380952380952
0 0.5022879464285714 0.6684523809523809 0.8856026785714286 0.07827380952380952
1 0.06980081884815097 0.6105175264550264 0.02054966517857143 0.021577380952380952
0 0.5022879464285714 0.7156994047619047 0.8856026785714286 0.08556547619047619
1 0.06979384340172239 0.6768468915343916 0.020535714285714286 0.021577380952380952
0 0.5022879464285714 0.7771577380952381 0.8856026785714286 0.09241071428571429
1 0.06978686795529382 0.7431762566137565 0.020521763392857145 0.021577380952380952
0 0.5022879464285714 0.8415922619047619 0.8856026785714286 0.07574404761904761
1 0.06978686795529382 0.8095056216931217 0.020521763392857145 0.021577380952380952
