0 0.16975446428571428 0.26197916666666665 0.22142857142857142 0.08973214285714286
1 0.06267091990985048 0.18095592403628116 0.007198660714285714 0.021577380952380952
0 0.16975446428571428 0.4146577380952381 0.22142857142857142 0.0956845238095238
1 0.0645961431241362 0.3230902777777778 0.011049107142857144 0.021577380952380952
0 0.16975446428571428 0.5851190476190476 0.22142857142857142 0.08244047619047619
1 0.0665213663384219 0.4652246315192744 0.014899553571428572 0.021577380952380952
0 0.39140625 0.3023065476190476 0.22142857142857142 0.0787202380952381
1 0.2944842439573125 0.18095592403628116 0.027483258928571428 0.021577380952380952
0 0.39140625 0.4107142857142857 0.22142857142857142 0.06875
1 0.2953840765465982 0.3230902777777778 0.029282924107142855 0.021577380952380952
0 0.39140625 0.5756696428571428 0.22142857142857142 0.07961309523809523
1 0.2946028265465982 0.4652246315192744 0.027720424107142858 0.021577380952380952
0 0.6130580357142857 0.31674107142857144 0.22142857142857142 0.09806547619047619
1 0.5126745211297744 0.18095592403628116 0.020521763392857145 0.021577380952380952
0 0.6130580357142857 0.49375 0.22142857142857142 0.1982142857142857
1 0.5126745211297744 0.3230902777777778 0.020521763392857145 0.021577380952380952
0 0.6130580357142857 0.5220238095238096 0.22142857142857142 0.29970238095238094
1 0.5126884720226316 0.4652246315192744 0.02054966517857143 0.021577380952380952
0 0.8347098214285714 0.21748511904761905 0.22142857142857142 0.2936011904761905
1 0.7343525215165222 0.18095592403628116 0.020535714285714286 0.021577380952380952
0 0.8347098214285714 0.37120535714285713 0.22142857142857142 0.24955357142857143
1 0.7343455460700936 0.3230902777777778 0.020521763392857145 0.021577380952380952
0 0.8347098214285714 0.5132440476190476 0.22142857142857142 0.1875
1 0.7343455460700936 0.4652246315192744 0.020521763392857145 0.021577380952380952
0 0.49832589285714285 0.6985863095238095 0.8785714285714286 0.09627976190476191
1 0.0645961431241362 0.6073589852607709 0.011049107142857144 0.021577380952380952
