0 0.2806919642857143 0.21354166666666666 0.44285714285714284 0.0443452380952381
1 0.06297304751642037 0.1388420414462081 0.007198660714285714 0.021577380952380952
0 0.2806919642857143 0.27626488095238094 0.44285714285714284 0.14955357142857142
1 0.06489827073070609 0.24939098324514994 0.011049107142857144 0.021577380952380952
0 0.2806919642857143 0.39553571428571427 0.44285714285714284 0.12589285714285714
1 0.0668234939449918 0.35993992504409167 0.014899553571428572 0.021577380952380952
0 0.2806919642857143 0.5828125 0.44285714285714284 0.09241071428571429
1 0.07311534662356323 0.47048886684303354 0.027483258928571428 0.021577380952380952
0 0.2806919642857143 0.6796875 0.44285714285714284 0.06324404761904762
1 0.07401517921284895 0.5810378086419753 0.029282924107142855 0.021577380952380952
0 0.2806919642857143 0.721875 0.44285714285714284 0.1357142857142857
1 0.07323392921284894 0.6915867504409172 0.027720424107142858 0.021577380952380987
0 0.7237723214285714 0.2688244047619048 0.44285714285714284 0.12842261904761904
1 0.5126861414223348 0.1388420414462081 0.020521763392857145 0.021577380952380952
0 0.7237723214285714 0.42418154761904764 0.44285714285714284 0.31651785714285713
1 0.5126861414223348 0.24939098324514994 0.020521763392857145 0.021577380952380952
0 0.7237723214285714 0.3860119047619048 0.44285714285714284 0.2080357142857143
1 0.512700092315192 0.35993992504409167 0.02054966517857143 0.021577380952380952
0 0.7237723214285714 0.4959077380952381 0.44285714285714284 0.19032738095238094
1 0.5126931168687634 0.47048886684303354 0.020535714285714286 0.021577380952380952
0 0.7237723214285714 0.610639880952381 0.44285714285714284 0.14032738095238095
1 0.5126861414223348 0.5810378086419753 0.020521763392857145 0.021577380952380952
0 0.7237723214285714 0.727827380952381 0.44285714285714284 0.11845238095238095
1 0.5126861414223348 0.6915867504409172 0.020521763392857145 0.021577380952380987
