0 0.5022879464285714 0.1046875 0.8856026785714286 0.13973214285714286
1 0.0631253166160081 0.07988260582010584 0.007198660714285714 0.021577380952380952
0 0.5022879464285714 0.19739583333333333 0.8856026785714286 0.08139880952380953
1 0.06505053983029382 0.1462119708994709 0.011049107142857144 0.021577380952380952
0 0.5022879464285714 0.29523809523809524 0.8856026785714286 0.11428571428571428
1 0.06697576304457953 0.21254133597883595 0.014899553571428572 0.021577380952380952
0 0.5022879464285714 0.34188988095238093 0.8856026785714286 0.10133928571428572
1 0.07326761572315096 0.27887070105820105 0.027483258928571428 0.021577380952380952
0 0.5022879464285714 0.36748511904761905 0.8856026785714286 0.11235119047619048
1 0.07416744831243667 0.3452000661375661 0.029282924107142855 0.021577380952380952
0 0.5022879464285714 0.47708333333333336 0.8856026785714286 0.08839285714285715
1 0.07338619831243667 0.41152943121693125 0.027720424107142858 0.021577380952380952
0 0.5022879464285714 0.5723214285714285 0.8856026785714286 0.14732142857142858
1 0.06978686795529382 0.4778587962962963 0.020521763392857145 0.021577380952380952
0 0.5022879464285714 0.6555803571428571 0.8856026785714286 0.1930059523809524
1 0.06978686795529382 0.5441881613756614 0.020521763392857145 0.021577380952380952
0 0.5022879464285714 0.7163690476190476 0.8856026785714286 0.18958333333333333
1 0.06980081884815097 0.6105175264550264 0.02054966517857143 0.021577380952380952
0 0.5022879464285714 0.746875 0.8856026785714286 0.12678571428571428
1 0.06979384340172239 0.6768468915343916 0.020535714285714286 0.021577380952380952
0 0.5022879464285714 0.7712053571428571 0.8856026785714286 0.10193452380952381
1 0.06978686795529382 0.7431762566137565 0.020521763392857145 0.021577380952380952
0 0.5022879464285714 0.8431547619047619 0.8856026785714286 0.13035714285714287
1 0.06978686795529382 0.8095056216931217 0.020521763392857145 0.021577380952380952
