0 0.16975446428571428 0.2662946428571429 0.22142857142857142 0.05163690476190476
1 0.06267091990985048 0.18095592403628116 0.007198660714285714 0.021577380952380952
0 0.16975446428571428 0.37388392857142855 0.22142857142857142 0.14032738095238095
1 0.0645961431241362 0.3230902777777778 0.011049107142857144 0.021577380952380952
0 0.16975446428571428 0.5371279761904761 0.22142857142857142 0.10788690476190477
1 0.0665213663384219 0.4652246315192744 0.014899553571428572 0.021577380952380952
0 0.39140625 0.3209077380952381 0.22142857142857142 0.09211309523809524
1 0.2944842439573125 0.18095592403628116 0.027483258928571428 0.021577380952380952
0 0.39140625 0.4288690476190476 0.22142857142857142 0.04583333333333333
1 0.2953840765465982 0.3230902777777778 0.029282924107142855 0.021577380952380952
0 0.39140625 0.5267113095238095 0.22142857142857142 0.12366071428571429
1 0.2946028265465982 0.4652246315192744 0.027720424107142858 0.021577380952380952
0 0.6130580357142857 0.3267113095238095 0.22142857142857142 0.14092261904761905
1 0.5126745211297744 0.18095592403628116 0.020521763392857145 0.021577380952380952
0 0.6130580357142857 0.46845238095238095 0.22142857142857142 0.2613095238095238
1 0.5126745211297744 0.3230902777777778 0.020521763392857145 0.021577380952380952
0 0.6130580357142857 0.5288690476190476 0.22142857142857142 0.2199404761904762
1 0.5126884720226316 0.4652246315192744 0.02054966517857143 0.021577380952380952
0 0.8347098214285714 0.20595238095238094 0.22142857142857142 0.25297619047619047
1 0.7343525215165222 0.18095592403628116 0.020535714285714286 0.021577380952380952
0 0.8347098214285714 0.3490327380952381 0.22142857142857142 0.20729166666666668
1 0.7343455460700936 0.3230902777777778 0.020521763392857145 0.021577380952380952
0 0.8347098214285714 0.5118303571428572 0.22142857142857142 0.15342261904761906
1 0.7343455460700936 0.4652246315192744 0.020521763392857145 0.021577380952380952
0 0.49832589285714285 0.6577380952380952 0.8785714285714286 0.1431547619047619
1 0.0645961431241362 0.6073589852607709 0.011049107142857144 0.021577380952380952
