0 0.5022879464285714 0.11986607142857143 0.8856026785714286 0.039732142857142855
1 0.0631253166160081 0.07988260582010584 0.007198660714285714 0.021577380952380952
0 0.5022879464285714 0.19226190476190477 0.8856026785714286 0.0380952380952381
1 0.06505053983029382 0.1462119708994709 0.011049107142857144 0.021577380952380952
0 0.5022879464285714 0.26793154761904764 0.8856026785714286 0.030208333333333334
1 0.06697576304457953 0.21254133597883595 0.014899553571428572 0.021577380952380952
0 0.5022879464285714 0.3402529761904762 0.8856026785714286 0.03556547619047619
1 0.07326761572315096 0.27887070105820105 0.027483258928571428 0.021577380952380952
0 0.5022879464285714 0.3900297619047619 0.8856026785714286 0.03244047619047619
1 0.07416744831243667 0.3452000661375661 0.029282924107142855 0.021577380952380952
0 0.5022879464285714 0.4625 0.8856026785714286 0.025
1 0.07338619831243667 0.41152943121693125 0.027720424107142858 0.021577380952380952
0 0.5022879464285714 0.546875 0.8856026785714286 0.11101190476190476
1 0.06978686795529382 0.4778587962962963 0.020521763392857145 0.021577380952380952
0 0.5022879464285714 0.6010416666666667 0.8856026785714286 0.04642857142857143
1 0.06978686795529382 0.5441881613756614 0.020521763392857145 0.021577380952380952
0 0.5022879464285714 0.6651785714285714 0.8856026785714286 0.041666666666666664
1 0.06980081884815097 0.6105175264550264 0.02054966517857143 0.021577380952380952
0 0.5022879464285714 0.7145833333333333 0.8856026785714286 0.09077380952380952
1 0.06979384340172239 0.6768468915343916 0.020535714285714286 0.021577380952380952
0 0.5022879464285714 0.783779761904762 0.8856026785714286 0.14523809523809525
1 0.06978686795529382 0.7431762566137565 0.020521763392857145 0.021577380952380952
0 0.5022879464285714 0.856547619047619 0.8856026785714286 0.09345238095238095
1 0.06978686795529382 0.8095056216931217 0.020521763392857145 0.021577380952380952
