0 0.16975446428571428 0.28125 0.22142857142857142 0.0886904761904762
1 0.06267091990985048 0.18095592403628116 0.007198660714285714 0.021577380952380952
0 0.16975446428571428 0.4406994047619048 0.22142857142857142 0.0730654761904762
1 0.0645961431241362 0.3230902777777778 0.011049107142857144 0.021577380952380952
0 0.16975446428571428 0.5944940476190477 0.22142857142857142 0.10535714285714286
1 0.0665213663384219 0.4652246315192744 0.014899553571428572 0.021577380952380952
0 0.39140625 0.2766369047619048 0.22142857142857142 0.06666666666666667
1 0.2944842439573125 0.18095592403628116 0.027483258928571428 0.021577380952380952
0 0.39140625 0.41450892857142857 0.22142857142857142 0.0918154761904762
1 0.2953840765465982 0.3230902777777778 0.029282924107142855 0.021577380952380952
0 0.39140625 0.591220238095238 0.22142857142857142 0.08392857142857142
1 0.2946028265465982 0.4652246315192744 0.027720424107142858 0.021577380952380952
0 0.6130580357142857 0.2634672619047619 0.22142857142857142 0.12366071428571429
1 0.5126745211297744 0.18095592403628116 0.020521763392857145 0.021577380952380952
0 0.6130580357142857 0.3985119047619048 0.22142857142857142 0.28541666666666665
1 0.5126745211297744 0.3230902777777778 0.020521763392857145 0.021577380952380952
0 0.6130580357142857 0.5113839285714286 0.22142857142857142 0.37663690476190476
1 0.5126884720226316 0.4652246315192744 0.02054966517857143 0.021577380952380952
0 0.8347098214285714 0.21398809523809523 0.22142857142857142 0.34345238095238095
1 0.7343525215165222 0.18095592403628116 0.020535714285714286 0.021577380952380952
0 0.8347098214285714 0.3587797619047619 0.22142857142857142 0.2526785714285714
1 0.7343455460700936 0.3230902777777778 0.020521763392857145 0.021577380952380952
0 0.8347098214285714 0.5375744047619048 0.22142857142857142 0.165625
1 0.7343455460700936 0.4652246315192744 0.020521763392857145 0.021577380952380952
0 0.49832589285714285 0.7145089285714286 0.8785714285714286 0.09389880952380952
1 0.0645961431241362 0.6073589852607709 0.011049107142857144 0.021577380952380952
