0 0.2806919642857143 0.20669642857142856 0.44285714285714284 0.044642857142857144
1 0.06297304751642037 0.1388420414462081 0.007198660714285714 0.021577380952380952
0 0.2806919642857143 0.31614583333333335 0.44285714285714284 0.057291666666666664
1 0.06489827073070609 0.24939098324514994 0.011049107142857144 0.021577380952380952
0 0.2806919642857143 0.44479166666666664 0.44285714285714284 0.041666666666666664
1 0.0668234939449918 0.35993992504409167 0.014899553571428572 0.021577380952380952
0 0.2806919642857143 0.5676339285714286 0.44285714285714284 0.04985119047619048
1 0.07311534662356323 0.47048886684303354 0.027483258928571428 0.021577380952380952
0 0.2806919642857143 0.654985119047619 0.44285714285714284 0.03169642857142857
1 0.07401517921284895 0.5810378086419753 0.029282924107142855 0.021577380952380952
0 0.2806919642857143 0.7688244047619047 0.44285714285714284 0.04598214285714286
1 0.07323392921284894 0.6915867504409172 0.027720424107142858 0.021577380952380987
0 0.7237723214285714 0.2465029761904762 0.44285714285714284 0.07723214285714286
1 0.5126861414223348 0.1388420414462081 0.020521763392857145 0.021577380952380952
0 0.7237723214285714 0.33236607142857144 0.44285714285714284 0.0730654761904762
1 0.5126861414223348 0.24939098324514994 0.020521763392857145 0.021577380952380952
0 0.7237723214285714 0.4318452380952381 0.44285714285714284 0.08511904761904762
1 0.512700092315192 0.35993992504409167 0.02054966517857143 0.021577380952380952
0 0.7237723214285714 0.5194940476190476 0.44285714285714284 0.11339285714285714
1 0.5126931168687634 0.47048886684303354 0.020535714285714286 0.021577380952380952
0 0.7237723214285714 0.6377232142857143 0.44285714285714284 0.07663690476190477
1 0.5126861414223348 0.5810378086419753 0.020521763392857145 0.021577380952380952
0 0.7237723214285714 0.7529017857142857 0.44285714285714284 0.06949404761904762
1 0.5126861414223348 0.6915867504409172 0.020521763392857145 0.021577380952380987
