0 0.2806919642857143 0.2334077380952381 0.44285714285714284 0.07425595238095238
1 0.06297304751642037 0.1388420414462081 0.007198660714285714 0.021577380952380952
0 0.2806919642857143 0.30967261904761906 0.44285714285714284 0.0931547619047619
1 0.06489827073070609 0.24939098324514994 0.011049107142857144 0.021577380952380952
0 0.2806919642857143 0.41123511904761906 0.44285714285714284 0.15252976190476192
1 0.0668234939449918 0.35993992504409167 0.014899553571428572 0.021577380952380952
0 0.2806919642857143 0.5477678571428571 0.44285714285714284 0.04702380952380952
1 0.07311534662356323 0.47048886684303354 0.027483258928571428 0.021577380952380952
0 0.2806919642857143 0.6835565476190476 0.44285714285714284 0.11116071428571428
1 0.07401517921284895 0.5810378086419753 0.029282924107142855 0.021577380952380952
0 0.2806919642857143 0.7473958333333334 0.44285714285714284 0.12276785714285714
1 0.07323392921284894 0.6915867504409172 0.027720424107142858 0.021577380952380987
0 0.7237723214285714 0.22552083333333334 0.44285714285714284 0.05758928571428571
1 0.5126861414223348 0.1388420414462081 0.020521763392857145 0.021577380952380952
0 0.7237723214285714 0.3585565476190476 0.44285714285714284 0.153125
1 0.5126861414223348 0.24939098324514994 0.020521763392857145 0.021577380952380952
0 0.7237723214285714 0.4607886904761905 0.44285714285714284 0.15014880952380952
1 0.512700092315192 0.35993992504409167 0.02054966517857143 0.021577380952380952
0 0.7237723214285714 0.5770833333333333 0.44285714285714284 0.14345238095238094
1 0.5126931168687634 0.47048886684303354 0.020535714285714286 0.021577380952380952
0 0.7237723214285714 0.6847470238095238 0.44285714285714284 0.10907738095238095
1 0.5126861414223348 0.5810378086419753 0.020521763392857145 0.021577380952380952
0 0.7237723214285714 0.780952380952381 0.44285714285714284 0.10773809523809524
1 0.5126861414223348 0.6915867504409172 0.020521763392857145 0.021577380952380987
