0 0.2806919642857143 0.2128720238095238 0.44285714285714284 0.05193452380952381
1 0.06297304751642037 0.1388420414462081 0.007198660714285714 0.021577380952380952
0 0.2806919642857143 0.3151041666666667 0.44285714285714284 0.06145833333333333
1 0.06489827073070609 0.24939098324514994 0.011049107142857144 0.021577380952380952
0 0.2806919642857143 0.4369047619047619 0.44285714285714284 0.033928571428571426
1 0.0668234939449918 0.35993992504409167 0.014899553571428572 0.021577380952380952
0 0.2806919642857143 0.5661458333333333 0.44285714285714284 0.053125
1 0.07311534662356323 0.47048886684303354 0.027483258928571428 0.021577380952380952
0 0.2806919642857143 0.6647321428571429 0.44285714285714284 0.027678571428571427
1 0.07401517921284895 0.5810378086419753 0.029282924107142855 0.021577380952380952
0 0.2806919642857143 0.7630208333333334 0.44285714285714284 0.046875
1 0.07323392921284894 0.6915867504409172 0.027720424107142858 0.021577380952380987
0 0.7237723214285714 0.2409970238095238 0.44285714285714284 0.08050595238095239
1 0.5126861414223348 0.1388420414462081 0.020521763392857145 0.021577380952380952
0 0.7237723214285714 0.38779761904761906 0.44285714285714284 0.21845238095238095
1 0.5126861414223348 0.24939098324514994 0.020521763392857145 0.021577380952380952
0 0.7237723214285714 0.5199404761904762 0.44285714285714284 0.32083333333333336
1 0.512700092315192 0.35993992504409167 0.02054966517857143 0.021577380952380952
0 0.7237723214285714 0.5409970238095239 0.44285714285714284 0.2063988095238095
1 0.5126931168687634 0.47048886684303354 0.020535714285714286 0.021577380952380952
0 0.7237723214285714 0.6354166666666666 0.44285714285714284 0.14702380952380953
1 0.5126861414223348 0.5810378086419753 0.020521763392857145 0.021577380952380952
0 0.7237723214285714 0.7425595238095238 0.44285714285714284 0.1282738095238095
1 0.5126861414223348 0.6915867504409172 0.020521763392857145 0.021577380952380987
