0 0.5022879464285714 0.11919642857142858 0.8856026785714286 0.06369047619047619
1 0.0631253166160081 0.07988260582010584 0.007198660714285714 0.021577380952380952
0 0.5022879464285714 0.19330357142857144 0.8856026785714286 0.027083333333333334
1 0.06505053983029382 0.1462119708994709 0.011049107142857144 0.021577380952380952
0 0.5022879464285714 0.2715029761904762 0.8856026785714286 0.06294642857142857
1 0.06697576304457953 0.21254133597883595 0.014899553571428572 0.021577380952380952
0 0.5022879464285714 0.33936011904761904 0.8856026785714286 0.03943452380952381
1 0.07326761572315096 0.27887070105820105 0.027483258928571428 0.021577380952380952
0 0.5022879464285714 0.3871279761904762 0.8856026785714286 0.061160714285714284
1 0.07416744831243667 0.3452000661375661 0.029282924107142855 0.021577380952380952
0 0.5022879464285714 0.4630208333333333 0.8856026785714286 0.03556547619047619
1 0.07338619831243667 0.41152943121693125 0.027720424107142858 0.021577380952380952
0 0.5022879464285714 0.5412946428571429 0.8856026785714286 0.05044642857142857
1 0.06978686795529382 0.4778587962962963 0.020521763392857145 0.021577380952380952
0 0.5022879464285714 0.6144345238095238 0.8856026785714286 0.08273809523809524
1 0.06978686795529382 0.5441881613756614 0.020521763392857145 0.021577380952380952
0 0.5022879464285714 0.6808035714285714 0.8856026785714286 0.1
1 0.06980081884815097 0.6105175264550264 0.02054966517857143 0.021577380952380952
0 0.5022879464285714 0.7336309523809523 0.8856026785714286 0.05892857142857143
1 0.06979384340172239 0.6768468915343916 0.020535714285714286 0.021577380952380952
0 0.5022879464285714 0.7942708333333334 0.8856026785714286 0.06383928571428571
1 0.06978686795529382 0.7431762566137565 0.020521763392857145 0.021577380952380952
0 0.5022879464285714 0.8525297619047619 0.8856026785714286 0.06636904761904762
1 0.06978686795529382 0.8095056216931217 0.020521763392857145 0.021577380952380952
