0 0.16975446428571428 0.2537202380952381 0.22142857142857142 0.11190476190476191
1 0.06267091990985048 0.18095592403628116 0.007198660714285714 0.021577380952380952
0 0.16975446428571428 0.45498511904761907 0.22142857142857142 0.13020833333333334
1 0.0645961431241362 0.3230902777777778 0.011049107142857144 0.021577380952380952
0 0.16975446428571428 0.6319940476190476 0.22142857142857142 0.19166666666666668
1 0.0665213663384219 0.4652246315192744 0.014899553571428572 0.021577380952380952
0 0.39140625 0.2915922619047619 0.22142857142857142 0.08348214285714285
1 0.2944842439573125 0.18095592403628116 0.027483258928571428 0.021577380952380952
0 0.39140625 0.37916666666666665 0.22142857142857142 0.1494047619047619
1 0.2953840765465982 0.3230902777777778 0.029282924107142855 0.021577380952380952
0 0.39140625 0.6145089285714286 0.22142857142857142 0.15669642857142857
1 0.2946028265465982 0.4652246315192744 0.027720424107142858 0.021577380952380952
0 0.6130580357142857 0.29322916666666665 0.22142857142857142 0.11235119047619048
1 0.5126745211297744 0.18095592403628116 0.020521763392857145 0.021577380952380952
0 0.6130580357142857 0.40930059523809526 0.22142857142857142 0.19479166666666667
1 0.5126745211297744 0.3230902777777778 0.020521763392857145 0.021577380952380952
0 0.6130580357142857 0.5252976190476191 0.22142857142857142 0.32083333333333336
1 0.5126884720226316 0.4652246315192744 0.02054966517857143 0.021577380952380952
0 0.8347098214285714 0.28087797619047616 0.22142857142857142 0.19449404761904762
1 0.7343525215165222 0.18095592403628116 0.020535714285714286 0.021577380952380952
0 0.8347098214285714 0.42723214285714284 0.22142857142857142 0.17142857142857143
1 0.7343455460700936 0.3230902777777778 0.020521763392857145 0.021577380952380952
0 0.8347098214285714 0.5478422619047619 0.22142857142857142 0.1507440476190476
1 0.7343455460700936 0.4652246315192744 0.020521763392857145 0.021577380952380952
0 0.49832589285714285 0.7313988095238095 0.8785714285714286 0.14583333333333334
1 0.0645961431241362 0.6073589852607709 0.011049107142857144 0.021577380952380952
