0 0.16975446428571428 0.24635416666666668 0.22142857142857142 0.11383928571428571
1 0.06267091990985048 0.18095592403628116 0.007198660714285714 0.021577380952380952
0 0.16975446428571428 0.3819940476190476 0.22142857142857142 0.11339285714285714
1 0.0645961431241362 0.3230902777777778 0.011049107142857144 0.021577380952380952
0 0.16975446428571428 0.5773809523809523 0.22142857142857142 0.054464285714285715
1 0.0665213663384219 0.4652246315192744 0.014899553571428572 0.021577380952380952
0 0.39140625 0.32388392857142856 0.22142857142857142 0.11026785714285714
1 0.2944842439573125 0.18095592403628116 0.027483258928571428 0.021577380952380952
0 0.39140625 0.40907738095238094 0.22142857142857142 0.06279761904761905
1 0.2953840765465982 0.3230902777777778 0.029282924107142855 0.021577380952380952
0 0.39140625 0.549404761904762 0.22142857142857142 0.08095238095238096
1 0.2946028265465982 0.4652246315192744 0.027720424107142858 0.021577380952380952
0 0.6130580357142857 0.3294642857142857 0.22142857142857142 0.17142857142857143
1 0.5126745211297744 0.18095592403628116 0.020521763392857145 0.021577380952380952
0 0.6130580357142857 0.46130952380952384 0.22142857142857142 0.1669642857142857
1 0.5126745211297744 0.3230902777777778 0.020521763392857145 0.021577380952380952
0 0.6130580357142857 0.5590773809523809 0.22142857142857142 0.19255952380952382
1 0.5126884720226316 0.4652246315192744 0.02054966517857143 0.021577380952380952
0 0.8347098214285714 0.23586309523809523 0.22142857142857142 0.22857142857142856
1 0.7343525215165222 0.18095592403628116 0.020535714285714286 0.021577380952380952
0 0.8347098214285714 0.3527529761904762 0.22142857142857142 0.21026785714285715
1 0.7343455460700936 0.3230902777777778 0.020521763392857145 0.021577380952380952
0 0.8347098214285714 0.5119791666666667 0.22142857142857142 0.13586309523809523
1 0.7343455460700936 0.4652246315192744 0.020521763392857145 0.021577380952380952
0 0.49832589285714285 0.6659970238095239 0.8785714285714286 0.11949404761904762
1 0.0645961431241362 0.6073589852607709 0.011049107142857144 0.021577380952380952
