0 0.16975446428571428 0.2320684523809524 0.22142857142857142 0.15104166666666666
1 0.06267091990985048 0.18095592403628116 0.007198660714285714 0.021577380952380952
0 0.16975446428571428 0.4095238095238095 0.22142857142857142 0.12380952380952381
1 0.0645961431241362 0.3230902777777778 0.011049107142857144 0.021577380952380952
0 0.16975446428571428 0.5927827380952381 0.22142857142857142 0.07276785714285715
1 0.0665213663384219 0.4652246315192744 0.014899553571428572 0.021577380952380952
0 0.39140625 0.3197172619047619 0.22142857142857142 0.12544642857142857
1 0.2944842439573125 0.18095592403628116 0.027483258928571428 0.021577380952380952
0 0.39140625 0.3869047619047619 0.22142857142857142 0.10952380952380952
1 0.2953840765465982 0.3230902777777778 0.029282924107142855 0.021577380952380952
0 0.39140625 0.5803571428571429 0.22142857142857142 0.0675595238095238
1 0.2946028265465982 0.4652246315192744 0.027720424107142858 0.021577380952380952
0 0.6130580357142857 0.2974702380952381 0.22142857142857142 0.060714285714285714
1 0.5126745211297744 0.18095592403628116 0.020521763392857145 0.021577380952380952
0 0.6130580357142857 0.43132440476190476 0.22142857142857142 0.10967261904761905
1 0.5126745211297744 0.3230902777777778 0.020521763392857145 0.021577380952380952
0 0.6130580357142857 0.5523065476190476 0.22142857142857142 0.14895833333333333
1 0.5126884720226316 0.4652246315192744 0.02054966517857143 0.021577380952380952
0 0.8347098214285714 0.28563988095238096 0.22142857142857142 0.1162202380952381
1 0.7343525215165222 0.18095592403628116 0.020535714285714286 0.021577380952380952
0 0.8347098214285714 0.40282738095238096 0.22142857142857142 0.18214285714285713
1 0.7343455460700936 0.3230902777777778 0.020521763392857145 0.021577380952380952
0 0.8347098214285714 0.5709821428571429 0.22142857142857142 0.25148809523809523
1 0.7343455460700936 0.4652246315192744 0.020521763392857145 0.021577380952380952
0 0.49832589285714285 0.6898065476190476 0.8785714285714286 0.13199404761904762
1 0.0645961431241362 0.6073589852607709 0.011049107142857144 0.021577380952380952
