0 0.2806919642857143 0.19947916666666668 0.44285714285714284 0.09508928571428571
1 0.06297304751642037 0.1388420414462081 0.007198660714285714 0.021577380952380952
0 0.2806919642857143 0.3357886904761905 0.44285714285714284 0.056398809523809525
1 0.06489827073070609 0.24939098324514994 0.011049107142857144 0.021577380952380952
0 0.2806919642857143 0.46770833333333334 0.44285714285714284 0.08452380952380953
1 0.0668234939449918 0.35993992504409167 0.014899553571428572 0.021577380952380952
0 0.2806919642857143 0.5625744047619048 0.44285714285714284 0.07336309523809524
1 0.07311534662356323 0.47048886684303354 0.027483258928571428 0.021577380952380952
0 0.2806919642857143 0.6360863095238095 0.44285714285714284 0.08258928571428571
1 0.07401517921284895 0.5810378086419753 0.029282924107142855 0.021577380952380952
0 0.2806919642857143 0.7813244047619048 0.44285714285714284 0.05431547619047619
1 0.07323392921284894 0.6915867504409172 0.027720424107142858 0.021577380952380987
0 0.7237723214285714 0.23065476190476192 0.44285714285714284 0.08958333333333333
1 0.5126861414223348 0.1388420414462081 0.020521763392857145 0.021577380952380952
0 0.7237723214285714 0.3716517857142857 0.44285714285714284 0.24657738095238096
1 0.5126861414223348 0.24939098324514994 0.020521763392857145 0.021577380952380952
0 0.7237723214285714 0.4738839285714286 0.44285714285714284 0.16889880952380953
1 0.512700092315192 0.35993992504409167 0.02054966517857143 0.021577380952380952
0 0.7237723214285714 0.5668898809523809 0.44285714285714284 0.13110119047619048
1 0.5126931168687634 0.47048886684303354 0.020535714285714286 0.021577380952380952
0 0.7237723214285714 0.6660714285714285 0.44285714285714284 0.08273809523809524
1 0.5126861414223348 0.5810378086419753 0.020521763392857145 0.021577380952380952
0 0.7237723214285714 0.7733630952380952 0.44285714285714284 0.0556547619047619
1 0.5126861414223348 0.6915867504409172 0.020521763392857145 0.021577380952380987
