0 0.16975446428571428 0.2683779761904762 0.22142857142857142 0.07038690476190476
1 0.06267091990985048 0.18095592403628116 0.007198660714285714 0.021577380952380952
0 0.16975446428571428 0.389360119047619 0.22142857142857142 0.146875
1 0.0645961431241362 0.3230902777777778 0.011049107142857144 0.021577380952380952
0 0.16975446428571428 0.5433035714285714 0.22142857142857142 0.1
1 0.0665213663384219 0.4652246315192744 0.014899553571428572 0.021577380952380952
0 0.39140625 0.31019345238095236 0.22142857142857142 0.10699404761904761
1 0.2944842439573125 0.18095592403628116 0.027483258928571428 0.021577380952380952
0 0.39140625 0.4238839285714286 0.22142857142857142 0.05074404761904762
1 0.2953840765465982 0.3230902777777778 0.029282924107142855 0.021577380952380952
0 0.39140625 0.5380952380952381 0.22142857142857142 0.12083333333333333
1 0.2946028265465982 0.4652246315192744 0.027720424107142858 0.021577380952380952
0 0.6130580357142857 0.3253720238095238 0.22142857142857142 0.10967261904761905
1 0.5126745211297744 0.18095592403628116 0.020521763392857145 0.021577380952380952
0 0.6130580357142857 0.4864583333333333 0.22142857142857142 0.23035714285714284
1 0.5126745211297744 0.3230902777777778 0.020521763392857145 0.021577380952380952
0 0.6130580357142857 0.6204613095238095 0.22142857142857142 0.26264880952380953
1 0.5126884720226316 0.4652246315192744 0.02054966517857143 0.021577380952380952
0 0.8347098214285714 0.26257440476190474 0.22142857142857142 0.14836309523809524
1 0.7343525215165222 0.18095592403628116 0.020535714285714286 0.021577380952380952
0 0.8347098214285714 0.3070684523809524 0.22142857142857142 0.328125
1 0.7343455460700936 0.3230902777777778 0.020521763392857145 0.021577380952380952
0 0.8347098214285714 0.44970238095238096 0.22142857142857142 0.30654761904761907
1 0.7343455460700936 0.4652246315192744 0.020521763392857145 0.021577380952380952
0 0.49832589285714285 0.6676339285714286 0.8785714285714286 0.1611607142857143
1 0.0645961431241362 0.6073589852607709 0.011049107142857144 0.021577380952380952
