0 0.16975446428571428 0.25498511904761906 0.22142857142857142 0.08139880952380953
1 0.06267091990985048 0.18095592403628116 0.007198660714285714 0.021577380952380952
0 0.16975446428571428 0.4275297619047619 0.22142857142857142 0.05714285714285714
1 0.0645961431241362 0.3230902777777778 0.011049107142857144 0.021577380952380952
0 0.16975446428571428 0.5959077380952381 0.22142857142857142 0.08050595238095239
1 0.0665213663384219 0.4652246315192744 0.014899553571428572 0.021577380952380952
0 0.39140625 0.2941964285714286 0.22142857142857142 0.06041666666666667
1 0.2944842439573125 0.18095592403628116 0.027483258928571428 0.021577380952380952
0 0.39140625 0.39806547619047616 0.22142857142857142 0.0744047619047619
1 0.2953840765465982 0.3230902777777778 0.029282924107142855 0.021577380952380952
0 0.39140625 0.584672619047619 0.22142857142857142 0.06160714285714286
1 0.2946028265465982 0.4652246315192744 0.027720424107142858 0.021577380952380952
0 0.6130580357142857 0.3261904761904762 0.22142857142857142 0.11398809523809524
1 0.5126745211297744 0.18095592403628116 0.020521763392857145 0.021577380952380952
0 0.6130580357142857 0.4623511904761905 0.22142857142857142 0.14464285714285716
1 0.5126745211297744 0.3230902777777778 0.020521763392857145 0.021577380952380952
0 0.6130580357142857 0.5799107142857143 0.22142857142857142 0.07083333333333333
1 0.5126884720226316 0.4652246315192744 0.02054966517857143 0.021577380952380952
0 0.8347098214285714 0.2779017857142857 0.22142857142857142 0.06919642857142858
1 0.7343525215165222 0.18095592403628116 0.020535714285714286 0.021577380952380952
0 0.8347098214285714 0.39992559523809523 0.22142857142857142 0.09419642857142857
1 0.7343455460700936 0.3230902777777778 0.020521763392857145 0.021577380952380952
0 0.8347098214285714 0.533779761904762 0.22142857142857142 0.07023809523809524
1 0.7343455460700936 0.4652246315192744 0.020521763392857145 0.021577380952380952
0 0.49832589285714285 0.710639880952381 0.8785714285714286 0.059375
1 0.0645961431241362 0.6073589852607709 0.011049107142857144 0.021577380952380952
