0 0.2806919642857143 0.21242559523809523 0.44285714285714284 0.04181547619047619
1 0.06297304751642037 0.1388420414462081 0.007198660714285714 0.021577380952380952
0 0.2806919642857143 0.31919642857142855 0.44285714285714284 0.07351190476190476
1 0.06489827073070609 0.24939098324514994 0.011049107142857144 0.021577380952380952
0 0.2806919642857143 0.44479166666666664 0.44285714285714284 0.05416666666666667
1 0.0668234939449918 0.35993992504409167 0.014899553571428572 0.021577380952380952
0 0.2806919642857143 0.5645833333333333 0.44285714285714284 0.05267857142857143
1 0.07311534662356323 0.47048886684303354 0.027483258928571428 0.021577380952380952
0 0.2806919642857143 0.6589285714285714 0.44285714285714284 0.034523809523809526
1 0.07401517921284895 0.5810378086419753 0.029282924107142855 0.021577380952380952
0 0.2806919642857143 0.7676339285714285 0.44285714285714284 0.06086309523809524
1 0.07323392921284894 0.6915867504409172 0.027720424107142858 0.021577380952380987
0 0.7237723214285714 0.23586309523809523 0.44285714285714284 0.06428571428571428
1 0.5126861414223348 0.1388420414462081 0.020521763392857145 0.021577380952380952
0 0.7237723214285714 0.3470238095238095 0.44285714285714284 0.1324404761904762
1 0.5126861414223348 0.24939098324514994 0.020521763392857145 0.021577380952380952
0 0.7237723214285714 0.44151785714285713 0.44285714285714284 0.1386904761904762
1 0.512700092315192 0.35993992504409167 0.02054966517857143 0.021577380952380952
0 0.7237723214285714 0.5011160714285714 0.44285714285714284 0.18794642857142857
1 0.5126931168687634 0.47048886684303354 0.020535714285714286 0.021577380952380952
0 0.7237723214285714 0.6084821428571429 0.44285714285714284 0.1574404761904762
1 0.5126861414223348 0.5810378086419753 0.020521763392857145 0.021577380952380952
0 0.7237723214285714 0.7427827380952381 0.44285714285714284 0.11116071428571428
1 0.5126861414223348 0.6915867504409172 0.020521763392857145 0.021577380952380987
