0 0.5022879464285714 0.12447916666666667 0.8856026785714286 0.09032738095238095
1 0.0631253166160081 0.07988260582010584 0.007198660714285714 0.021577380952380952
0 0.5022879464285714 0.2034970238095238 0.8856026785714286 0.06056547619047619
1 0.06505053983029382 0.1462119708994709 0.011049107142857144 0.021577380952380952
0 0.5022879464285714 0.27938988095238093 0.8856026785714286 0.05461309523809524
1 0.06697576304457953 0.21254133597883595 0.014899553571428572 0.021577380952380952
0 0.5022879464285714 0.3337797619047619 0.8856026785714286 0.07351190476190476
1 0.07326761572315096 0.27887070105820105 0.027483258928571428 0.021577380952380952
0 0.5022879464285714 0.3871279761904762 0.8856026785714286 0.06681547619047619
1 0.07416744831243667 0.3452000661375661 0.029282924107142855 0.021577380952380952
0 0.5022879464285714 0.47023809523809523 0.8856026785714286 0.0380952380952381
1 0.07338619831243667 0.41152943121693125 0.027720424107142858 0.021577380952380952
0 0.5022879464285714 0.5400297619047619 0.8856026785714286 0.055952380952380955
1 0.06978686795529382 0.4778587962962963 0.020521763392857145 0.021577380952380952
0 0.5022879464285714 0.6058779761904762 0.8856026785714286 0.051041666666666666
1 0.06978686795529382 0.5441881613756614 0.020521763392857145 0.021577380952380952
0 0.5022879464285714 0.6636904761904762 0.8856026785714286 0.059821428571428574
1 0.06980081884815097 0.6105175264550264 0.02054966517857143 0.021577380952380952
0 0.5022879464285714 0.716220238095238 0.8856026785714286 0.08154761904761905
1 0.06979384340172239 0.6768468915343916 0.020535714285714286 0.021577380952380952
0 0.5022879464285714 0.7738095238095238 0.8856026785714286 0.08392857142857142
1 0.06978686795529382 0.7431762566137565 0.020521763392857145 0.021577380952380952
0 0.5022879464285714 0.8399553571428572 0.8856026785714286 0.09270833333333334
1 0.06978686795529382 0.8095056216931217 0.020521763392857145 0.021577380952380952
