0 0.16975446428571428 0.2575892857142857 0.22142857142857142 0.10476190476190476
1 0.06267091990985048 0.18095592403628116 0.007198660714285714 0.021577380952380952
0 0.16975446428571428 0.4354166666666667 0.22142857142857142 0.06875
1 0.0645961431241362 0.3230902777777778 0.011049107142857144 0.021577380952380952
0 0.16975446428571428 0.5961309523809524 0.22142857142857142 0.14285714285714285
1 0.0665213663384219 0.4652246315192744 0.014899553571428572 0.021577380952380952
0 0.39140625 0.29308035714285713 0.22142857142857142 0.060267857142857144
1 0.2944842439573125 0.18095592403628116 0.027483258928571428 0.021577380952380952
0 0.39140625 0.4005952380952381 0.22142857142857142 0.12113095238095238
1 0.2953840765465982 0.3230902777777778 0.029282924107142855 0.021577380952380952
0 0.39140625 0.5841517857142857 0.22142857142857142 0.09538690476190476
1 0.2946028265465982 0.4652246315192744 0.027720424107142858 0.021577380952380952
0 0.6130580357142857 0.2955357142857143 0.22142857142857142 0.07767857142857143
1 0.5126745211297744 0.18095592403628116 0.020521763392857145 0.021577380952380952
0 0.6130580357142857 0.3978422619047619 0.22142857142857142 0.2331845238095238
1 0.5126745211297744 0.3230902777777778 0.020521763392857145 0.021577380952380952
0 0.6130580357142857 0.6123511904761905 0.22142857142857142 0.15386904761904763
1 0.5126884720226316 0.4652246315192744 0.02054966517857143 0.021577380952380952
0 0.8347098214285714 0.2917410714285714 0.22142857142857142 0.16979166666666667
1 0.7343525215165222 0.18095592403628116 0.020535714285714286 0.021577380952380952
0 0.8347098214285714 0.35595238095238096 0.22142857142857142 0.2693452380952381
1 0.7343455460700936 0.3230902777777778 0.020521763392857145 0.021577380952380952
0 0.8347098214285714 0.47604166666666664 0.22142857142857142 0.2976190476190476
1 0.7343455460700936 0.4652246315192744 0.020521763392857145 0.021577380952380952
0 0.49832589285714285 0.717485119047619 0.8785714285714286 0.07842261904761905
1 0.0645961431241362 0.6073589852607709 0.011049107142857144 0.021577380952380952
