0 0.2806919642857143 0.22276785714285716 0.44285714285714284 0.047619047619047616
1 0.06297304751642037 0.1388420414462081 0.007198660714285714 0.021577380952380952
0 0.2806919642857143 0.2947172619047619 0.44285714285714284 0.14211309523809523
1 0.06489827073070609 0.24939098324514994 0.011049107142857144 0.021577380952380952
0 0.2806919642857143 0.4046875 0.44285714285714284 0.12068452380952381
1 0.0668234939449918 0.35993992504409167 0.014899553571428572 0.021577380952380952
0 0.2806919642857143 0.5714285714285714 0.44285714285714284 0.08898809523809524
1 0.07311534662356323 0.47048886684303354 0.027483258928571428 0.021577380952380952
0 0.2806919642857143 0.6829613095238095 0.44285714285714284 0.060267857142857144
1 0.07401517921284895 0.5810378086419753 0.029282924107142855 0.021577380952380952
0 0.2806919642857143 0.7365327380952381 0.44285714285714284 0.13110119047619048
1 0.07323392921284894 0.6915867504409172 0.027720424107142858 0.021577380952380987
0 0.7237723214285714 0.24144345238095238 0.44285714285714284 0.078125
1 0.5126861414223348 0.1388420414462081 0.020521763392857145 0.021577380952380952
0 0.7237723214285714 0.4275297619047619 0.44285714285714284 0.31279761904761905
1 0.5126861414223348 0.24939098324514994 0.020521763392857145 0.021577380952380952
0 0.7237723214285714 0.43846726190476193 0.44285714285714284 0.19151785714285716
1 0.512700092315192 0.35993992504409167 0.02054966517857143 0.021577380952380952
0 0.7237723214285714 0.514360119047619 0.44285714285714284 0.15639880952380952
1 0.5126931168687634 0.47048886684303354 0.020535714285714286 0.021577380952380952
0 0.7237723214285714 0.6229166666666667 0.44285714285714284 0.13422619047619047
1 0.5126861414223348 0.5810378086419753 0.020521763392857145 0.021577380952380952
0 0.7237723214285714 0.7401785714285715 0.44285714285714284 0.10833333333333334
1 0.5126861414223348 0.6915867504409172 0.020521763392857145 0.021577380952380987
