0 0.2806919642857143 0.21063988095238095 0.44285714285714284 0.06502976190476191
1 0.06297304751642037 0.1388420414462081 0.007198660714285714 0.021577380952380952
0 0.2806919642857143 0.31748511904761906 0.44285714285714284 0.08883928571428572
1 0.06489827073070609 0.24939098324514994 0.011049107142857144 0.021577380952380952
0 0.2806919642857143 0.43936011904761907 0.44285714285714284 0.040625
1 0.0668234939449918 0.35993992504409167 0.014899553571428572 0.021577380952380952
0 0.2806919642857143 0.5659226190476191 0.44285714285714284 0.07380952380952381
1 0.07311534662356323 0.47048886684303354 0.027483258928571428 0.021577380952380952
0 0.2806919642857143 0.6596726190476191 0.44285714285714284 0.03482142857142857
1 0.07401517921284895 0.5810378086419753 0.029282924107142855 0.021577380952380952
0 0.2806919642857143 0.765922619047619 0.44285714285714284 0.06369047619047619
1 0.07323392921284894 0.6915867504409172 0.027720424107142858 0.021577380952380987
0 0.7237723214285714 0.24404761904761904 0.44285714285714284 0.08988095238095238
1 0.5126861414223348 0.1388420414462081 0.020521763392857145 0.021577380952380952
0 0.7237723214285714 0.33876488095238094 0.44285714285714284 0.07693452380952381
1 0.5126861414223348 0.24939098324514994 0.020521763392857145 0.021577380952380952
0 0.7237723214285714 0.44933035714285713 0.44285714285714284 0.09241071428571429
1 0.512700092315192 0.35993992504409167 0.02054966517857143 0.021577380952380952
0 0.7237723214285714 0.5224702380952381 0.44285714285714284 0.1619047619047619
1 0.5126931168687634 0.47048886684303354 0.020535714285714286 0.021577380952380952
0 0.7237723214285714 0.6453869047619047 0.44285714285714284 0.09851190476190476
1 0.5126861414223348 0.5810378086419753 0.020521763392857145 0.021577380952380952
0 0.7237723214285714 0.7546875 0.44285714285714284 0.10461309523809524
1 0.5126861414223348 0.6915867504409172 0.020521763392857145 0.021577380952380987
