0 0.16975446428571428 0.2515625 0.22142857142857142 0.09360119047619048
1 0.06267091990985048 0.18095592403628116 0.007198660714285714 0.021577380952380952
0 0.16975446428571428 0.3947172619047619 0.22142857142857142 0.1099702380952381
1 0.0645961431241362 0.3230902777777778 0.011049107142857144 0.021577380952380952
0 0.16975446428571428 0.5548363095238096 0.22142857142857142 0.07485119047619047
1 0.0665213663384219 0.4652246315192744 0.014899553571428572 0.021577380952380952
0 0.39140625 0.31614583333333335 0.22142857142857142 0.10163690476190476
1 0.2944842439573125 0.18095592403628116 0.027483258928571428 0.021577380952380952
0 0.39140625 0.41904761904761906 0.22142857142857142 0.07202380952380952
1 0.2953840765465982 0.3230902777777778 0.029282924107142855 0.021577380952380952
0 0.39140625 0.5514136904761905 0.22142857142857142 0.07366071428571429
1 0.2946028265465982 0.4652246315192744 0.027720424107142858 0.021577380952380952
0 0.6130580357142857 0.3347470238095238 0.22142857142857142 0.1611607142857143
1 0.5126745211297744 0.18095592403628116 0.020521763392857145 0.021577380952380952
0 0.6130580357142857 0.5321428571428571 0.22142857142857142 0.33541666666666664
1 0.5126745211297744 0.3230902777777778 0.020521763392857145 0.021577380952380952
0 0.6130580357142857 0.7383928571428572 0.22142857142857142 0.5276785714285714
1 0.5126884720226316 0.4652246315192744 0.02054966517857143 0.021577380952380952
0 0.8347098214285714 0.3724702380952381 0.22142857142857142 0.29404761904761906
1 0.7343525215165222 0.18095592403628116 0.020535714285714286 0.021577380952380952
0 0.8347098214285714 0.42686011904761906 0.22142857142857142 0.2683035714285714
1 0.7343455460700936 0.3230902777777778 0.020521763392857145 0.021577380952380952
0 0.8347098214285714 0.4797619047619048 0.22142857142857142 0.3107142857142857
1 0.7343455460700936 0.4652246315192744 0.020521763392857145 0.021577380952380952
0 0.49832589285714285 0.6787946428571429 0.8785714285714286 0.11532738095238096
1 0.0645961431241362 0.6073589852607709 0.011049107142857144 0.021577380952380952
