0 0.2806919642857143 0.20892857142857144 0.44285714285714284 0.0761904761904762
1 0.06297304751642037 0.1388420414462081 0.007198660714285714 0.021577380952380952
0 0.2806919642857143 0.3127232142857143 0.44285714285714284 0.07425595238095238
1 0.06489827073070609 0.24939098324514994 0.011049107142857144 0.021577380952380952
0 0.2806919642857143 0.43459821428571427 0.44285714285714284 0.03526785714285714
1 0.0668234939449918 0.35993992504409167 0.014899553571428572 0.021577380952380952
0 0.2806919642857143 0.567782738095238 0.44285714285714284 0.0724702380952381
1 0.07311534662356323 0.47048886684303354 0.027483258928571428 0.021577380952380952
0 0.2806919642857143 0.6629464285714286 0.44285714285714284 0.05
1 0.07401517921284895 0.5810378086419753 0.029282924107142855 0.021577380952380952
0 0.2806919642857143 0.7630208333333334 0.44285714285714284 0.04657738095238095
1 0.07323392921284894 0.6915867504409172 0.027720424107142858 0.021577380952380987
0 0.7237723214285714 0.23697916666666666 0.44285714285714284 0.054017857142857145
1 0.5126861414223348 0.1388420414462081 0.020521763392857145 0.021577380952380952
0 0.7237723214285714 0.3495535714285714 0.44285714285714284 0.08363095238095238
1 0.5126861414223348 0.24939098324514994 0.020521763392857145 0.021577380952380952
0 0.7237723214285714 0.44166666666666665 0.44285714285714284 0.1288690476190476
1 0.512700092315192 0.35993992504409167 0.02054966517857143 0.021577380952380952
0 0.7237723214285714 0.5224702380952381 0.44285714285714284 0.1595238095238095
1 0.5126931168687634 0.47048886684303354 0.020535714285714286 0.021577380952380952
0 0.7237723214285714 0.6264880952380952 0.44285714285714284 0.15416666666666667
1 0.5126861414223348 0.5810378086419753 0.020521763392857145 0.021577380952380952
0 0.7237723214285714 0.7412946428571429 0.44285714285714284 0.11086309523809523
1 0.5126861414223348 0.6915867504409172 0.020521763392857145 0.021577380952380987
