0 0.5022879464285714 0.12909226190476192 0.8856026785714286 0.044196428571428574
1 0.0631253166160081 0.07988260582010584 0.007198660714285714 0.021577380952380952
0 0.5022879464285714 0.1918154761904762 0.8856026785714286 0.04345238095238095
1 0.06505053983029382 0.1462119708994709 0.011049107142857144 0.021577380952380952
0 0.5022879464285714 0.2635416666666667 0.8856026785714286 0.01904761904761905
1 0.06697576304457953 0.21254133597883595 0.014899553571428572 0.021577380952380952
0 0.5022879464285714 0.33697916666666666 0.8856026785714286 0.04151785714285714
1 0.07326761572315096 0.27887070105820105 0.027483258928571428 0.021577380952380952
0 0.5022879464285714 0.39806547619047616 0.8856026785714286 0.026785714285714284
1 0.07416744831243667 0.3452000661375661 0.029282924107142855 0.021577380952380952
0 0.5022879464285714 0.4597470238095238 0.8856026785714286 0.029910714285714287
1 0.07338619831243667 0.41152943121693125 0.027720424107142858 0.021577380952380952
0 0.5022879464285714 0.5398065476190477 0.8856026785714286 0.04568452380952381
1 0.06978686795529382 0.4778587962962963 0.020521763392857145 0.021577380952380952
0 0.5022879464285714 0.6101190476190477 0.8856026785714286 0.08630952380952381
1 0.06978686795529382 0.5441881613756614 0.020521763392857145 0.021577380952380952
0 0.5022879464285714 0.6614583333333334 0.8856026785714286 0.08035714285714286
1 0.06980081884815097 0.6105175264550264 0.02054966517857143 0.021577380952380952
0 0.5022879464285714 0.721279761904762 0.8856026785714286 0.08928571428571429
1 0.06979384340172239 0.6768468915343916 0.020535714285714286 0.021577380952380952
0 0.5022879464285714 0.7813244047619048 0.8856026785714286 0.0837797619047619
1 0.06978686795529382 0.7431762566137565 0.020521763392857145 0.021577380952380952
0 0.5022879464285714 0.8473214285714286 0.8856026785714286 0.07351190476190476
1 0.06978686795529382 0.8095056216931217 0.020521763392857145 0.021577380952380952
