0 0.16975446428571428 0.2703125 0.22142857142857142 0.054910714285714285
1 0.06267091990985048 0.18095592403628116 0.007198660714285714 0.021577380952380952
0 0.16975446428571428 0.39174107142857145 0.22142857142857142 0.10788690476190477
1 0.0645961431241362 0.3230902777777778 0.011049107142857144 0.021577380952380952
0 0.16975446428571428 0.5488095238095239 0.22142857142857142 0.06666666666666667
1 0.0665213663384219 0.4652246315192744 0.014899553571428572 0.021577380952380952
0 0.39140625 0.30766369047619047 0.22142857142857142 0.07901785714285714
1 0.2944842439573125 0.18095592403628116 0.027483258928571428 0.021577380952380952
0 0.39140625 0.4224702380952381 0.22142857142857142 0.03154761904761905
1 0.2953840765465982 0.3230902777777778 0.029282924107142855 0.021577380952380952
0 0.39140625 0.5402529761904762 0.22142857142857142 0.0849702380952381
1 0.2946028265465982 0.4652246315192744 0.027720424107142858 0.021577380952380952
0 0.6130580357142857 0.30758928571428573 0.22142857142857142 0.09166666666666666
1 0.5126745211297744 0.18095592403628116 0.020521763392857145 0.021577380952380952
0 0.6130580357142857 0.47366071428571427 0.22142857142857142 0.15416666666666667
1 0.5126745211297744 0.3230902777777778 0.020521763392857145 0.021577380952380952
0 0.6130580357142857 0.5945684523809524 0.22142857142857142 0.13973214285714286
1 0.5126884720226316 0.4652246315192744 0.02054966517857143 0.021577380952380952
0 0.8347098214285714 0.2694940476190476 0.22142857142857142 0.1455357142857143
1 0.7343525215165222 0.18095592403628116 0.020535714285714286 0.021577380952380952
0 0.8347098214285714 0.3925595238095238 0.22142857142857142 0.1375
1 0.7343455460700936 0.3230902777777778 0.020521763392857145 0.021577380952380952
0 0.8347098214285714 0.5388392857142857 0.22142857142857142 0.09791666666666667
1 0.7343455460700936 0.4652246315192744 0.020521763392857145 0.021577380952380952
0 0.49832589285714285 0.6776041666666667 0.8785714285714286 0.1212797619047619
1 0.0645961431241362 0.6073589852607709 0.011049107142857144 0.021577380952380952
